JD_11464125,2021-02-28,25,19,21,0,0,0,0
JD_11464124,2021-02-28,63,34,50,0,1,0,0
JD_11464123,2021-02-28,41,26,30,1,2,0,0
JD_11464122,2021-02-28,911,574,544,0,0,1,3
JD_11464119,2021-02-28,25,21,21,0,0,0,0
JD_11464118,2021-02-28,16,9,16,0,0,0,0
JD_11464117,2021-02-28,265,198,167,0,1,0,1
JD_11464116,2021-02-28,3,2,3,0,0,0,0
JD_11464115,2021-02-28,1,0,0,1,0,0,0
JD_11464114,2021-02-28,0,0,0,0,0,0,0
JD_11464113,2021-02-28,0,0,0,0,0,0,0
JD_11464112,2021-02-28,0,0,0,0,0,0,0
JD_11464111,2021-02-28,235,168,157,1,2,0,2
JD_11464110,2021-02-28,1,0,1,0,0,0,0
JD_11464109,2021-02-28,3,2,1,0,0,0,0
JD_11464108,2021-02-28,2,1,1,0,0,0,0
JD_11464107,2021-02-28,0,0,0,0,0,0,0
JD_11464106,2021-02-28,1,1,1,0,0,0,0
JD_11464105,2021-02-28,2,2,0,0,0,0,0
JD_11464104,2021-02-28,28,21,14,0,1,0,1
JD_11464103,2021-02-28,0,0,0,0,0,0,0
JD_11464102,2021-02-28,0,0,0,0,0,0,0
JD_11464099,2021-02-28,3,2,1,0,0,0,0
JD_11464098,2021-02-28,33,22,13,0,0,0,0
JD_11464083,2021-02-28,130,11,126,1,0,0,1
JD_11464080,2021-02-28,5,4,4,0,0,0,0
JD_11464078,2021-02-28,22,15,13,0,0,0,0
JD_11464077,2021-02-28,3,2,3,0,0,0,0
JD_11464076,2021-02-28,10,9,6,0,0,0,0
JD_11464075,2021-02-28,1,0,1,0,0,0,0
JD_11464072,2021-02-28,13,8,5,0,0,1,0
JD_11464071,2021-02-28,18,14,5,1,0,1,1
JD_11464070,2021-02-28,1673,1162,1068,6,1,2,1
JD_11464069,2021-02-28,2,0,1,1,0,0,0
JD_11464068,2021-02-28,4,2,4,0,0,0,0
JD_11464067,2021-02-28,1,0,1,0,0,0,0
JD_11464065,2021-02-28,28,1,27,0,1,0,0
JD_11464064,2021-02-28,21,3,19,1,1,0,0
JD_11464063,2021-02-28,1,0,1,0,0,0,0
JD_11464062,2021-02-28,16,14,15,1,0,0,1
JD_11464061,2021-02-28,2,2,1,0,0,0,0
JD_11464060,2021-02-28,481,298,353,0,3,0,3
JD_11464059,2021-02-28,47,32,45,0,0,0,0
JD_11464058,2021-02-28,12,5,10,0,1,0,0
JD_11464056,2021-02-28,0,0,0,0,0,0,0
JD_11464055,2021-02-28,0,0,0,0,0,0,0
JD_11464053,2021-02-28,10,6,6,0,0,0,0
JD_11464052,2021-02-28,0,0,0,0,0,0,0
JD_11464050,2021-02-28,6,4,4,0,0,0,0
JD_11464047,2021-02-28,8,4,4,0,0,0,0
JD_11464046,2021-02-28,196,25,184,9,3,1,2
JD_11464045,2021-02-28,5,0,5,0,0,0,0
JD_11464044,2021-02-28,35,4,27,4,2,0,0
JD_11464043,2021-02-28,8,6,8,0,0,0,0
JD_11464042,2021-02-28,74,30,68,0,1,0,0
JD_11464040,2021-02-28,3,2,2,0,0,0,0
JD_11464038,2021-02-28,1,1,0,0,0,0,0
JD_11464037,2021-02-28,7,3,5,0,0,0,0
JD_11464036,2021-02-28,5,2,4,0,0,0,0
JD_11464034,2021-02-28,11,6,8,0,0,0,0
JD_11464033,2021-02-28,0,0,0,0,0,0,0
JD_11464032,2021-02-28,165,90,139,1,0,0,0
JD_11464031,2021-02-28,1856,1426,1408,6,1,1,4
JD_11464030,2021-02-28,0,0,0,0,0,0,0
JD_11464029,2021-02-28,2,2,2,0,0,0,0
JD_11464028,2021-02-28,759,527,752,3,1,0,2
JD_11464027,2021-02-28,886,576,871,4,1,0,2
