JD_12111312,2021-02-28,3,3,3,0,0,0,0
JD_12111311,2021-02-28,42599,35905,15864,21,9,68,46
JD_12111310,2021-02-28,5,4,4,0,0,0,0
JD_12111309,2021-02-28,8,8,6,0,0,0,0
JD_12111308,2021-02-28,2,2,0,0,0,0,0
JD_12111307,2021-02-28,347,276,244,1,0,0,2
JD_12111306,2021-02-28,5,4,3,0,0,0,0
JD_12111305,2021-02-28,277,232,277,0,0,0,0
JD_12111304,2021-02-28,6,5,3,0,0,0,0
JD_12111303,2021-02-28,33,27,15,0,0,0,0
JD_12111302,2021-02-28,3,3,2,0,0,0,0
JD_12111301,2021-02-28,4,4,2,0,0,0,0
JD_12111300,2021-02-28,0,0,0,0,0,0,0
JD_12111298,2021-02-28,4,3,2,0,0,0,0
JD_12111296,2021-02-28,2,0,2,0,0,0,0
JD_12111295,2021-02-28,16,15,10,0,0,0,1
JD_12111294,2021-02-28,6,5,6,0,0,0,0
JD_12111293,2021-02-28,5,4,4,0,0,0,0
JD_12111292,2021-02-28,3,3,1,0,0,0,0
JD_12111291,2021-02-28,149,124,61,0,0,0,0
JD_12111290,2021-02-28,5,4,4,0,0,0,0
JD_12111289,2021-02-28,151,111,151,0,0,0,0
JD_12111288,2021-02-28,7,4,6,0,0,0,0
JD_12111287,2021-02-28,0,0,0,0,0,0,0
JD_12111286,2021-02-28,76,59,55,1,0,0,0
JD_12111285,2021-02-28,6,6,2,0,0,0,0
JD_12111284,2021-02-28,136,102,59,1,0,0,1
JD_12111283,2021-02-28,21,16,21,0,0,0,0
JD_12111282,2021-02-28,18,9,16,1,0,0,0
JD_12111281,2021-02-28,17,15,16,0,0,0,0
JD_12111280,2021-02-28,12,7,8,0,0,0,0
JD_12111279,2021-02-28,0,0,0,0,0,0,0
JD_12111278,2021-02-28,24,17,12,0,0,0,0
JD_12111276,2021-02-28,38,33,26,0,0,0,0
JD_12111275,2021-02-28,6,6,6,0,0,0,0
JD_12111274,2021-02-28,14,6,12,1,1,0,0
JD_12111273,2021-02-28,5,5,3,0,0,0,0
JD_12111272,2021-02-28,24,14,22,1,0,0,0
JD_12111271,2021-02-28,2,1,2,0,0,0,0
JD_12111270,2021-02-28,19,9,18,1,0,0,0
JD_12111269,2021-02-28,0,0,0,0,0,0,0
JD_12111268,2021-02-28,19,10,18,1,0,0,0
JD_12111267,2021-02-28,1,1,0,0,0,0,0
JD_12111266,2021-02-28,14,13,12,0,0,0,0
JD_12111264,2021-02-28,9,2,9,0,0,0,0
JD_12111263,2021-02-28,7,6,3,0,0,0,0
JD_12111262,2021-02-28,4,2,3,0,0,0,0
JD_12111261,2021-02-28,2,2,0,0,0,0,0
JD_12111260,2021-02-28,5,5,3,0,0,0,0
JD_12111259,2021-02-28,4,3,3,0,0,0,0
JD_12111258,2021-02-28,9,8,6,0,0,0,0
JD_12111257,2021-02-28,6,5,2,0,0,0,0
JD_12111256,2021-02-28,13,12,8,0,0,0,0
JD_12111255,2021-02-28,0,0,0,0,0,0,0
JD_12111254,2021-02-28,9,2,9,0,0,0,0
JD_12111253,2021-02-28,20,16,13,0,0,0,0
JD_12111252,2021-02-28,60,44,42,1,1,0,0
JD_12111251,2021-02-28,0,0,0,0,0,0,0
JD_12111249,2021-02-28,100,80,97,0,0,0,0
JD_12111248,2021-02-28,24,18,11,0,0,0,0
JD_12111247,2021-02-28,6,4,4,0,0,0,0
JD_12111246,2021-02-28,148,111,146,0,0,0,0
JD_12111245,2021-02-28,1,1,0,0,0,0,0
JD_12111244,2021-02-28,292,229,279,1,0,0,0
JD_12111243,2021-02-28,18,14,18,0,0,0,1
JD_12111242,2021-02-28,189,151,184,0,0,0,0
JD_12111170,2021-02-28,4784,3942,2591,4,2,7,2
JD_12111169,2021-02-28,1,0,1,0,0,0,0
JD_12111168,2021-02-28,38,22,36,0,0,0,0
JD_12111167,2021-02-28,26,19,15,0,0,0,0
