JD_11963072,2021-02-28,177,113,177,0,0,0,0
JD_11963071,2021-02-28,1514,1187,1025,2,1,1,4
JD_11963070,2021-02-28,2611,1743,1689,5,7,3,14
JD_11963069,2021-02-28,0,0,0,0,0,0,0
JD_11963068,2021-02-28,0,0,0,0,0,0,0
JD_11963067,2021-02-28,30,22,22,0,0,0,0
JD_11963066,2021-02-28,10,9,6,0,0,0,0
JD_11963065,2021-02-28,4,4,1,0,0,0,0
JD_11963064,2021-02-28,5,1,4,0,0,0,0
JD_11963063,2021-02-28,19,11,9,0,0,1,0
JD_11963062,2021-02-28,48,42,44,0,0,0,0
JD_11963061,2021-02-28,7,7,2,0,0,0,0
JD_11963060,2021-02-28,45,13,43,0,0,0,1
JD_11963059,2021-02-28,16,9,15,0,0,0,0
JD_11963058,2021-02-28,9,7,7,0,0,0,0
JD_11963057,2021-02-28,6,3,5,0,0,0,0
JD_11963056,2021-02-28,15,11,9,0,0,0,0
JD_11963055,2021-02-28,129,93,100,1,0,0,0
JD_11963054,2021-02-28,13,7,5,1,0,0,0
JD_11963053,2021-02-28,42,35,20,0,0,0,0
JD_11963051,2021-02-28,179,141,104,1,0,0,0
JD_11963050,2021-02-28,46,30,36,0,0,0,0
JD_11963049,2021-02-28,23,7,20,0,0,0,0
JD_11963048,2021-02-28,36,29,19,0,0,0,0
JD_11963047,2021-02-28,16,10,9,0,0,0,0
JD_11963045,2021-02-28,34,26,17,0,0,0,0
JD_11963043,2021-02-28,36,31,18,0,0,0,0
JD_11963042,2021-02-28,4292,3298,3599,1,1,6,10
JD_11963041,2021-02-28,1653,1337,800,6,3,0,3
JD_11963040,2021-02-28,89,63,64,0,0,0,0
JD_11963039,2021-02-28,76,63,35,0,0,0,0
JD_11963038,2021-02-28,9,8,5,0,0,0,0
JD_11963037,2021-02-28,11,9,4,0,0,0,0
JD_11963035,2021-02-28,37,27,36,0,0,0,0
JD_11963034,2021-02-28,22,2,22,0,0,0,0
JD_11963033,2021-02-28,26,21,13,0,0,0,0
JD_11963032,2021-02-28,618,493,456,1,0,0,1
JD_11963031,2021-02-28,15,14,6,0,0,0,0
JD_11963030,2021-02-28,281,206,205,1,0,0,0
JD_11963029,2021-02-28,29,0,29,0,0,0,0
JD_11963027,2021-02-28,9,0,9,0,0,0,0
JD_11962445,2021-02-28,383,292,313,1,2,0,0
JD_11962444,2021-02-28,554,361,390,2,0,1,1
JD_11962443,2021-02-28,936,691,673,4,3,1,4
JD_11962442,2021-02-28,987,713,644,2,1,1,2
JD_11962441,2021-02-28,206,177,92,0,0,0,0
JD_11962440,2021-02-28,4,2,2,0,0,0,0
JD_11962439,2021-02-28,94,67,56,0,0,0,0
JD_11962438,2021-02-28,22,12,20,0,0,0,1
JD_11962437,2021-02-28,2347,1656,1559,3,0,2,10
JD_11962436,2021-02-28,10,8,4,0,0,0,0
JD_11962435,2021-02-28,143,111,75,1,0,0,0
JD_11962434,2021-02-28,18,11,9,0,0,0,0
JD_11962433,2021-02-28,192,136,127,0,1,0,0
JD_11962431,2021-02-28,53,36,25,1,0,0,1
JD_11962430,2021-02-28,4,3,2,0,0,0,0
JD_11962429,2021-02-28,10,8,2,0,0,0,0
JD_11962428,2021-02-28,46,37,16,0,0,0,0
JD_11962427,2021-02-28,59,42,17,0,0,0,0
JD_11962426,2021-02-28,107,71,61,0,0,0,2
JD_11962425,2021-02-28,0,0,0,0,0,0,0
JD_11962424,2021-02-28,1627,1073,1042,5,5,0,4
JD_11962423,2021-02-28,140,95,85,0,0,0,0
JD_11962422,2021-02-28,472,306,163,3,0,0,2
JD_11962421,2021-02-28,2,1,1,0,0,0,0
JD_11962420,2021-02-28,502,331,328,1,0,1,1
JD_11962419,2021-02-28,221,148,149,1,1,0,1
JD_11962418,2021-02-28,12,8,8,0,0,0,0
JD_11962417,2021-02-28,182,120,113,1,1,0,0
JD_11962416,2021-02-28,780,197,732,13,6,0,10
