JD_11446850,2021-02-28,9,7,5,0,0,0,0
JD_11446849,2021-02-28,308,181,238,1,2,0,0
JD_11446848,2021-02-28,399,273,326,3,0,1,1
JD_11446847,2021-02-28,1,0,1,0,0,0,0
JD_11446846,2021-02-28,1,1,1,0,0,0,0
JD_11446845,2021-02-28,12,7,10,0,0,0,0
JD_11446844,2021-02-28,3,2,1,0,0,0,0
JD_11446843,2021-02-28,10,6,7,0,0,0,0
JD_11446842,2021-02-28,24,16,16,0,0,0,0
JD_11446841,2021-02-28,4,1,3,1,0,0,0
JD_11446840,2021-02-28,40,14,39,0,0,0,0
JD_11446839,2021-02-28,13,5,12,0,0,0,0
JD_11446838,2021-02-28,278,185,133,4,0,0,3
JD_11446837,2021-02-28,1,0,1,0,0,0,0
JD_11446836,2021-02-28,32,24,20,0,0,0,0
JD_11446835,2021-02-28,10,6,5,0,1,0,0
JD_11446834,2021-02-28,7,4,4,0,0,0,0
JD_11446833,2021-02-28,23,17,12,0,0,0,0
JD_11446832,2021-02-28,0,0,0,0,0,0,0
JD_11446831,2021-02-28,10,4,7,0,0,0,0
JD_11446830,2021-02-28,286,232,143,2,0,0,0
JD_11446829,2021-02-28,124,88,64,1,1,0,0
JD_11446828,2021-02-28,124,109,48,0,0,0,0
JD_11446827,2021-02-28,140,97,70,0,0,1,0
JD_11446826,2021-02-28,20,1,18,1,1,0,0
JD_11446823,2021-02-28,71,42,47,2,2,0,0
JD_11446822,2021-02-28,33,23,14,0,0,0,0
JD_11446821,2021-02-28,6,5,1,0,0,0,0
JD_11446820,2021-02-28,11,6,10,0,0,0,0
JD_11446819,2021-02-28,12,6,6,1,0,0,0
JD_11446817,2021-02-28,9,5,6,0,0,0,0
JD_11446816,2021-02-28,284,103,272,5,1,0,1
JD_11446815,2021-02-28,132,98,54,1,0,0,0
JD_11446814,2021-02-28,62,3,59,3,0,0,0
JD_11446812,2021-02-28,17,6,17,0,0,0,0
JD_11446811,2021-02-28,2,0,1,1,0,0,0
JD_11446810,2021-02-28,4,4,2,0,0,0,0
JD_11446809,2021-02-28,38,21,26,0,0,0,0
JD_11446808,2021-02-28,3,1,3,0,0,0,0
JD_11446807,2021-02-28,12,8,6,0,0,0,0
JD_11446804,2021-02-28,1,0,1,0,0,0,0
JD_11446803,2021-02-28,5,4,4,0,0,0,0
JD_11446802,2021-02-28,0,0,0,0,0,0,0
JD_11446797,2021-02-28,48,31,32,1,0,0,0
JD_11446794,2021-02-28,2,2,1,0,0,0,0
JD_11446791,2021-02-28,5,1,3,1,0,0,0
JD_11446788,2021-02-28,0,0,0,0,0,0,0
JD_11446784,2021-02-28,0,0,0,0,0,0,0
JD_11446782,2021-02-28,3,1,2,0,0,0,0
JD_11446779,2021-02-28,3,1,3,0,0,0,0
JD_11446778,2021-02-28,12,7,10,0,2,0,0
JD_11446776,2021-02-28,0,0,0,0,0,0,0
JD_11446775,2021-02-28,0,0,0,0,0,0,0
JD_11446774,2021-02-28,0,0,0,0,0,0,0
JD_11446771,2021-02-28,5,1,4,0,0,0,0
JD_11446770,2021-02-28,0,0,0,0,0,0,0
JD_11446768,2021-02-28,0,0,0,0,0,0,0
JD_11446767,2021-02-28,0,0,0,0,0,0,0
JD_11446766,2021-02-28,15,10,10,0,0,0,0
JD_11446765,2021-02-28,45,21,38,0,0,0,0
JD_11446764,2021-02-28,210,0,206,3,1,0,0
JD_11446763,2021-02-28,154,0,149,3,2,0,0
JD_11446762,2021-02-28,167,0,161,5,1,0,0
JD_11446760,2021-02-28,114,0,114,0,0,0,0
JD_11446759,2021-02-28,0,0,0,0,0,0,0
JD_11446758,2021-02-28,1618,1249,639,4,1,0,4
JD_11446757,2021-02-28,595,0,579,12,4,0,0
JD_11446756,2021-02-28,241,0,238,1,2,0,0
JD_11446754,2021-02-28,58,8,57,1,0,0,0
JD_11446751,2021-02-28,18,13,15,0,0,0,0
