JD_11623181,2021-02-28,1,1,0,0,0,0,0
JD_11623180,2021-02-28,3,0,3,0,0,0,0
JD_11623179,2021-02-28,7,2,6,0,0,0,0
JD_11623178,2021-02-28,2159,1348,1300,15,6,2,5
JD_11623177,2021-02-28,0,0,0,0,0,0,0
JD_11623176,2021-02-28,6,2,5,0,0,0,0
JD_11623175,2021-02-28,14,13,8,0,0,0,0
JD_11623174,2021-02-28,0,0,0,0,0,0,0
JD_11623173,2021-02-28,1,0,1,0,0,0,0
JD_11623172,2021-02-28,2,2,1,0,0,0,0
JD_11623170,2021-02-28,25,15,16,1,0,0,0
JD_11623169,2021-02-28,114,64,110,0,0,1,0
JD_11623168,2021-02-28,0,0,0,0,0,0,0
JD_11623167,2021-02-28,88,54,67,0,0,1,0
JD_11623164,2021-02-28,9,8,7,0,0,0,0
JD_11623162,2021-02-28,16,14,11,0,0,0,0
JD_11623161,2021-02-28,41,30,26,0,0,0,0
JD_11623160,2021-02-28,269,204,142,3,0,0,1
JD_11623158,2021-02-28,12,9,11,0,0,0,0
JD_11623157,2021-02-28,10,0,10,0,0,0,0
JD_11623155,2021-02-28,0,0,0,0,0,0,0
JD_11623154,2021-02-28,0,0,0,0,0,0,0
JD_11623152,2021-02-28,2,2,1,0,0,0,0
JD_11623151,2021-02-28,45,34,31,1,0,0,0
JD_11623150,2021-02-28,114,8,110,2,0,0,1
JD_11623149,2021-02-28,331,261,224,1,0,0,0
JD_11623148,2021-02-28,19,10,16,0,0,0,0
JD_11623147,2021-02-28,114,0,108,4,2,0,0
JD_11623146,2021-02-28,563,391,343,0,0,0,1
JD_11623144,2021-02-28,13,9,10,0,0,0,0
JD_11623143,2021-02-28,39,30,27,0,0,0,1
JD_11623142,2021-02-28,1,1,1,0,0,0,0
JD_11623141,2021-02-28,0,0,0,0,0,0,0
JD_11623140,2021-02-28,49,27,28,0,0,0,1
JD_11623139,2021-02-28,2,0,2,0,0,0,0
JD_11623138,2021-02-28,3,2,2,0,0,0,0
JD_11623137,2021-02-28,0,0,0,0,0,0,0
JD_11623136,2021-02-28,1000,489,722,5,3,1,6
JD_11623135,2021-02-28,71,48,41,0,0,0,0
JD_11623134,2021-02-28,47,19,47,0,0,0,0
JD_11622902,2021-02-28,34,28,10,0,0,0,0
JD_11622901,2021-02-28,192,14,184,5,0,0,0
JD_11622900,2021-02-28,13,10,7,0,0,0,0
JD_11622899,2021-02-28,19,12,15,0,0,0,0
JD_11622898,2021-02-28,70,52,40,1,0,0,0
JD_11622896,2021-02-28,1550,1084,1545,2,3,2,5
JD_11622895,2021-02-28,922,667,917,2,1,0,2
JD_11622894,2021-02-28,70,57,40,0,0,0,0
JD_11622892,2021-02-28,1047,684,1036,5,6,3,2
JD_11622890,2021-02-28,91,60,67,1,0,0,0
JD_11622887,2021-02-28,4,3,1,0,0,0,0
JD_11622886,2021-02-28,1,1,0,0,0,0,0
JD_11622885,2021-02-28,3,3,2,0,0,0,0
JD_11622884,2021-02-28,2335,1361,2321,9,4,1,5
JD_11622881,2021-02-28,58,11,44,2,2,0,0
JD_11622880,2021-02-28,16,3,14,1,1,0,0
JD_11622879,2021-02-28,11,6,6,1,0,0,0
JD_11622878,2021-02-28,27,21,17,0,0,0,0
JD_11622877,2021-02-28,28,0,28,0,0,0,0
JD_11622876,2021-02-28,114,17,108,4,1,0,0
JD_11622875,2021-02-28,5,1,4,0,1,0,0
JD_11622874,2021-02-28,32,25,8,0,0,0,0
JD_11622873,2021-02-28,749,447,517,6,1,1,4
JD_11622872,2021-02-28,81,13,75,1,3,0,1
JD_11622871,2021-02-28,0,0,0,0,0,0,0
JD_11622870,2021-02-28,30,17,26,0,0,0,0
JD_11622869,2021-02-28,22,11,20,0,0,0,0
JD_11622868,2021-02-28,26,0,25,1,0,0,0
JD_11622867,2021-02-28,426,98,412,10,4,0,3
JD_11622866,2021-02-28,150,116,56,1,0,0,0
