JD_11818478,2021-02-28,14,8,11,0,0,0,0
JD_11818477,2021-02-28,9,0,9,0,0,0,0
JD_11818476,2021-02-28,0,0,0,0,0,0,0
JD_11818475,2021-02-28,12,0,12,0,0,0,0
JD_11818474,2021-02-28,10430,3447,10290,66,31,3,23
JD_11818473,2021-02-28,4,0,4,0,0,0,0
JD_11818471,2021-02-28,80,53,31,0,1,0,0
JD_11818470,2021-02-28,38,16,31,2,1,0,0
JD_11818469,2021-02-28,12,0,12,0,0,0,0
JD_11818468,2021-02-28,89,52,82,0,0,0,0
JD_11818467,2021-02-28,2,0,2,0,0,0,0
JD_11818466,2021-02-28,40,6,39,0,1,0,0
JD_11818465,2021-02-28,35,16,31,1,0,0,0
JD_11818462,2021-02-28,32,23,25,0,0,0,0
JD_11818461,2021-02-28,27,7,27,0,0,0,0
JD_11818458,2021-02-28,2994,2561,964,6,0,3,2
JD_11818457,2021-02-28,4,2,2,0,0,0,0
JD_11818456,2021-02-28,6,6,4,0,0,0,0
JD_11818455,2021-02-28,40,31,20,1,0,0,0
JD_11818454,2021-02-28,7,6,3,0,0,0,0
JD_11818453,2021-02-28,20,16,12,0,0,0,0
JD_11818452,2021-02-28,37,2,34,1,1,0,1
JD_11818451,2021-02-28,56,43,30,0,1,0,0
JD_11818450,2021-02-28,16,12,9,0,0,0,0
JD_11818449,2021-02-28,33,25,13,0,0,0,0
JD_11818448,2021-02-28,64,49,35,0,0,0,0
JD_11818447,2021-02-28,16,13,8,0,0,0,0
JD_11818446,2021-02-28,59,48,31,0,0,0,0
JD_11818445,2021-02-28,97,58,64,2,0,0,0
JD_11818444,2021-02-28,20,14,16,0,0,0,0
JD_11818443,2021-02-28,224,147,153,2,0,0,1
JD_11818442,2021-02-28,11,6,7,0,0,0,0
JD_11818440,2021-02-28,184,145,112,0,0,0,0
JD_11818439,2021-02-28,36,13,28,1,0,0,0
JD_11818437,2021-02-28,28,12,20,1,1,0,0
JD_11818436,2021-02-28,44,32,31,0,0,0,0
JD_11818435,2021-02-28,17,5,13,1,0,0,0
JD_11818433,2021-02-28,18,4,15,1,0,0,0
JD_11818432,2021-02-28,12,0,11,1,0,0,0
JD_11818431,2021-02-28,157,63,148,0,0,0,0
JD_11818430,2021-02-28,34,15,25,1,0,0,0
JD_11818429,2021-02-28,9,9,5,0,0,0,0
JD_11818427,2021-02-28,269,150,262,3,3,0,1
JD_11818426,2021-02-28,42,32,21,0,0,0,0
JD_11818425,2021-02-28,116,68,71,0,0,0,0
JD_11818424,2021-02-28,0,0,0,0,0,0,0
JD_11800399,2021-02-28,0,0,0,0,0,0,0
JD_11800395,2021-02-28,0,0,0,0,0,0,0
JD_11800394,2021-02-28,1,0,1,0,0,0,0
JD_11800393,2021-02-28,0,0,0,0,0,0,0
JD_11800392,2021-02-28,0,0,0,0,0,0,0
JD_11800391,2021-02-28,0,0,0,0,0,0,0
JD_11800390,2021-02-28,0,0,0,0,0,0,0
JD_11800388,2021-02-28,0,0,0,0,0,0,0
JD_11800387,2021-02-28,0,0,0,0,0,0,0
JD_11800386,2021-02-28,0,0,0,0,0,0,0
JD_11800385,2021-02-28,1,1,1,0,0,0,0
JD_11800384,2021-02-28,0,0,0,0,0,0,0
JD_11800383,2021-02-28,0,0,0,0,0,0,0
JD_11800382,2021-02-28,0,0,0,0,0,0,0
JD_11800381,2021-02-28,0,0,0,0,0,0,0
JD_11800380,2021-02-28,0,0,0,0,0,0,0
JD_11800379,2021-02-28,0,0,0,0,0,0,0
JD_11800378,2021-02-28,0,0,0,0,0,0,0
JD_11800377,2021-02-28,0,0,0,0,0,0,0
JD_11800376,2021-02-28,0,0,0,0,0,0,0
JD_11800375,2021-02-28,0,0,0,0,0,0,0
JD_11800372,2021-02-28,0,0,0,0,0,0,0
JD_11800371,2021-02-28,0,0,0,0,0,0,0
JD_11800370,2021-02-28,0,0,0,0,0,0,0
