JD_11330792,2021-02-28,10353,7156,6252,48,22,2,17
JD_11330790,2021-02-28,41,33,16,1,1,0,0
JD_11330789,2021-02-28,6,3,5,0,0,0,0
JD_11330788,2021-02-28,22,12,16,0,0,0,0
JD_11330787,2021-02-28,32,20,17,0,0,0,0
JD_11330784,2021-02-28,5,3,2,0,0,0,0
JD_11330782,2021-02-28,5,3,5,0,0,0,0
JD_11330781,2021-02-28,86,64,56,0,1,0,0
JD_11330778,2021-02-28,12,7,6,0,0,0,0
JD_11330777,2021-02-28,17,7,16,0,0,0,0
JD_11330776,2021-02-28,5,0,4,1,0,0,0
JD_11330774,2021-02-28,103,76,65,1,2,0,1
JD_11330773,2021-02-28,1,0,1,0,0,0,0
JD_11330772,2021-02-28,2,1,2,0,0,0,0
JD_11330769,2021-02-28,1,0,1,0,0,0,0
JD_11330768,2021-02-28,282,115,278,2,1,0,3
JD_11330767,2021-02-28,197,133,96,0,0,0,0
JD_11330765,2021-02-28,192,117,104,0,1,0,0
JD_11330759,2021-02-28,6,5,5,0,0,0,0
JD_11330755,2021-02-28,29,2,29,0,0,0,0
JD_11330754,2021-02-28,6,4,3,0,1,0,0
JD_11330753,2021-02-28,15,10,6,0,0,0,0
JD_11330752,2021-02-28,120,7,104,10,6,0,0
JD_11330749,2021-02-28,96,7,88,5,2,0,0
JD_11330747,2021-02-28,4,1,4,0,0,0,0
JD_11330745,2021-02-28,26,13,14,1,0,0,0
JD_11330744,2021-02-28,11,7,5,0,0,0,0
JD_11330743,2021-02-28,48,31,30,0,0,0,0
JD_11330742,2021-02-28,9,0,8,1,0,0,0
JD_11330741,2021-02-28,26,14,22,0,0,1,0
JD_11330740,2021-02-28,34,16,27,0,0,0,0
JD_11330739,2021-02-28,8,5,6,0,0,0,0
JD_11330736,2021-02-28,73,21,72,0,0,0,0
JD_11330735,2021-02-28,0,0,0,0,0,0,0
JD_11330732,2021-02-28,5,4,3,0,0,0,0
JD_11330731,2021-02-28,8,5,6,0,0,0,0
JD_11330730,2021-02-28,33,14,24,0,0,1,0
JD_11330728,2021-02-28,40,27,28,0,0,0,0
JD_11330727,2021-02-28,32,0,31,0,1,0,0
JD_11330725,2021-02-28,8,1,7,0,0,0,0
JD_11330724,2021-02-28,12,3,11,0,0,0,0
JD_11330722,2021-02-28,8,3,8,0,0,0,0
JD_11330721,2021-02-28,11,7,7,0,0,0,0
JD_11330720,2021-02-28,16,8,10,0,0,0,0
JD_11330719,2021-02-28,0,0,0,0,0,0,0
JD_11330718,2021-02-28,4,1,4,0,0,0,0
JD_11330717,2021-02-28,0,0,0,0,0,0,0
JD_11330716,2021-02-28,0,0,0,0,0,0,0
JD_11330715,2021-02-28,0,0,0,0,0,0,0
JD_11330714,2021-02-28,1,1,0,0,0,0,0
JD_11330713,2021-02-28,0,0,0,0,0,0,0
JD_11330712,2021-02-28,122,0,120,2,0,0,0
JD_11330709,2021-02-28,9,6,7,0,0,0,0
JD_11330708,2021-02-28,16,8,14,0,0,0,0
JD_11330707,2021-02-28,4,1,3,0,0,0,0
JD_11330706,2021-02-28,0,0,0,0,0,0,0
JD_11330705,2021-02-28,16,11,11,0,0,0,0
JD_11330703,2021-02-28,139,16,138,1,0,0,0
JD_11330699,2021-02-28,1,1,0,0,0,0,0
JD_11330695,2021-02-28,0,0,0,0,0,0,0
JD_11330692,2021-02-28,7,2,6,0,0,0,0
JD_11330691,2021-02-28,4,3,2,0,0,0,0
JD_11330690,2021-02-28,4,4,2,0,0,0,0
JD_11330687,2021-02-28,2,2,1,0,0,0,0
JD_11330686,2021-02-28,3,3,1,0,0,0,0
JD_11330685,2021-02-28,53,31,40,1,0,0,0
JD_11330684,2021-02-28,3,3,1,0,0,0,0
JD_11330683,2021-02-28,1,1,0,0,0,0,0
JD_11330681,2021-02-28,0,0,0,0,0,0,0
JD_11330678,2021-02-28,6,4,6,0,0,0,0
