JD_11742377,2021-02-28,18,9,11,0,0,0,0
JD_11742376,2021-02-28,10,4,6,0,0,0,0
JD_11742375,2021-02-28,8,6,5,0,0,0,0
JD_11742374,2021-02-28,220,114,161,0,0,0,1
JD_11742373,2021-02-28,109,61,84,0,0,0,0
JD_11742372,2021-02-28,159,0,157,2,0,0,1
JD_11742370,2021-02-28,51,36,27,0,0,0,0
JD_11742369,2021-02-28,237,0,230,1,6,0,0
JD_11742366,2021-02-28,716,569,156,1,0,0,1
JD_11742365,2021-02-28,36,24,20,0,0,0,0
JD_11742364,2021-02-28,3,3,2,0,0,0,0
JD_11742363,2021-02-28,19,13,16,0,0,0,0
JD_11742362,2021-02-28,266,17,265,0,1,0,0
JD_11742361,2021-02-28,2,0,2,0,0,0,0
JD_11742360,2021-02-28,4,1,4,0,0,0,0
JD_11742359,2021-02-28,1,0,1,0,0,0,0
JD_11742357,2021-02-28,90,51,53,0,0,0,0
JD_11742356,2021-02-28,705,447,447,0,0,1,0
JD_11742355,2021-02-28,10,0,9,1,0,0,0
JD_11742354,2021-02-28,12,1,12,0,0,0,0
JD_11742352,2021-02-28,37,0,34,2,1,0,0
JD_11742349,2021-02-28,3,2,2,0,0,0,0
JD_11742348,2021-02-28,5,4,3,0,0,0,0
JD_11742347,2021-02-28,307,159,217,1,0,0,0
JD_11742346,2021-02-28,33,0,31,1,1,0,0
JD_11742343,2021-02-28,59,0,55,3,1,0,0
JD_11742334,2021-02-28,91,0,89,1,1,0,0
JD_11742333,2021-02-28,23,0,22,1,0,0,0
JD_11742330,2021-02-28,61,22,56,1,1,0,1
JD_11742326,2021-02-28,53,23,38,1,0,0,1
JD_11742325,2021-02-28,74,26,53,0,0,0,0
JD_11742323,2021-02-28,154,84,111,0,0,0,0
JD_11742322,2021-02-28,55,30,32,0,0,0,0
JD_11742321,2021-02-28,53,27,46,1,0,0,0
JD_11742320,2021-02-28,180,77,160,0,1,0,1
JD_11742319,2021-02-28,4,2,4,0,0,0,0
JD_11742318,2021-02-28,398,226,274,2,1,2,4
JD_11742317,2021-02-28,8181,5397,4747,17,10,14,44
JD_11742316,2021-02-28,622,379,288,1,1,1,2
JD_11742315,2021-02-28,1220,806,756,5,0,1,5
JD_11742314,2021-02-28,135,82,84,0,0,0,2
JD_11742313,2021-02-28,881,578,655,4,2,2,3
JD_11742312,2021-02-28,14792,10599,8047,19,11,23,54
JD_11742311,2021-02-28,826,466,537,1,2,3,3
JD_11742310,2021-02-28,1752,1130,767,6,0,5,3
JD_11742308,2021-02-28,106,65,54,1,1,0,0
JD_11742307,2021-02-28,8981,6603,4422,11,4,14,22
JD_11742306,2021-02-28,2,0,1,1,0,0,0
JD_11742305,2021-02-28,3,0,3,0,0,0,0
JD_11742304,2021-02-28,0,0,0,0,0,0,0
JD_11742303,2021-02-28,1389,819,781,1,3,4,11
JD_11742302,2021-02-28,2504,1824,697,4,0,3,16
JD_11742301,2021-02-28,21,2,20,1,0,0,0
JD_11742300,2021-02-28,9,5,5,0,0,0,0
JD_11742299,2021-02-28,778,465,325,5,0,0,6
JD_11742298,2021-02-28,12,5,10,0,0,0,0
JD_11742297,2021-02-28,62,31,47,2,0,0,1
JD_11742296,2021-02-28,0,0,0,0,0,0,0
JD_11742295,2021-02-28,118,76,69,0,0,0,0
JD_11742294,2021-02-28,3,1,2,0,0,0,0
JD_11742293,2021-02-28,20,14,9,0,0,0,0
JD_11742292,2021-02-28,9,7,7,0,0,0,0
JD_11742291,2021-02-28,79,54,37,1,1,0,1
JD_11742290,2021-02-28,9,6,7,0,0,0,1
JD_11742289,2021-02-28,15,4,14,0,0,0,0
JD_11742288,2021-02-28,7,4,7,0,0,0,0
JD_11742287,2021-02-28,2,2,1,0,0,0,0
JD_11742286,2021-02-28,14,11,7,0,0,0,0
JD_11742285,2021-02-28,17,14,8,0,0,0,1
JD_11742284,2021-02-28,14,8,9,1,0,0,0
