JD_11650947,2021-02-28,44,4,41,1,1,0,0
JD_11650946,2021-02-28,22,12,20,0,0,0,0
JD_11650945,2021-02-28,8,3,8,0,0,0,0
JD_11650944,2021-02-28,8,7,3,0,0,0,0
JD_11650943,2021-02-28,4,4,1,0,0,0,0
JD_11650941,2021-02-28,8,0,8,0,0,0,0
JD_11650939,2021-02-28,3,2,1,0,0,0,0
JD_11650938,2021-02-28,15,10,13,0,0,0,0
JD_11650937,2021-02-28,487,398,88,1,0,0,0
JD_11650935,2021-02-28,0,0,0,0,0,0,0
JD_11650934,2021-02-28,10,10,4,0,0,0,0
JD_11650933,2021-02-28,1,0,1,0,0,0,0
JD_11650931,2021-02-28,0,0,0,0,0,0,0
JD_11650928,2021-02-28,93,77,17,0,0,0,0
JD_11650927,2021-02-28,1,0,1,0,0,0,0
JD_11650926,2021-02-28,6,4,4,0,0,0,0
JD_11650925,2021-02-28,12,7,12,0,0,0,0
JD_11650924,2021-02-28,361,280,190,1,0,0,1
JD_11650923,2021-02-28,6,3,4,0,0,0,0
JD_11650922,2021-02-28,95,77,56,0,0,0,0
JD_11650921,2021-02-28,0,0,0,0,0,0,0
JD_11650920,2021-02-28,27,0,26,1,0,0,0
JD_11650918,2021-02-28,2,2,0,0,0,0,0
JD_11650917,2021-02-28,180,129,127,0,0,0,0
JD_11650916,2021-02-28,5,2,3,0,0,0,0
JD_11650915,2021-02-28,12,9,10,0,0,0,0
JD_11650914,2021-02-28,1,0,1,0,0,0,0
JD_11650912,2021-02-28,4,1,3,0,0,0,0
JD_11650911,2021-02-28,6,1,6,0,0,0,0
JD_11650603,2021-02-28,8955,5271,5736,70,57,7,31
JD_11650602,2021-02-28,17,10,11,0,0,0,0
JD_11650601,2021-02-28,41,23,29,0,2,1,0
JD_11650600,2021-02-28,26,8,26,0,0,0,0
JD_11650599,2021-02-28,6,0,6,0,0,0,0
JD_11650598,2021-02-28,27,8,25,1,0,0,0
JD_11650597,2021-02-28,40,1,34,5,1,0,0
JD_11650595,2021-02-28,6,2,4,0,0,0,0
JD_11650594,2021-02-28,78,42,52,0,0,0,0
JD_11650593,2021-02-28,7,6,3,0,0,0,0
JD_11650591,2021-02-28,5,4,1,0,0,0,0
JD_11650589,2021-02-28,31,19,25,0,0,0,0
JD_11650588,2021-02-28,7,1,6,0,0,0,0
JD_11650587,2021-02-28,22,1,22,0,0,0,0
JD_11650585,2021-02-28,5,3,2,0,1,0,0
JD_11650584,2021-02-28,5,1,4,0,1,0,0
JD_11650582,2021-02-28,23,0,22,1,0,0,0
JD_11650581,2021-02-28,8,4,4,0,1,0,0
JD_11650580,2021-02-28,2,2,0,0,0,0,0
JD_11650578,2021-02-28,9,6,3,0,0,0,0
JD_11650577,2021-02-28,10,7,4,0,0,0,0
JD_11650576,2021-02-28,1,1,0,0,0,0,0
JD_11650574,2021-02-28,36,29,19,0,0,0,0
JD_11650573,2021-02-28,7,1,6,1,0,0,0
JD_11650572,2021-02-28,7,5,6,0,0,0,0
JD_11650571,2021-02-28,3,0,3,0,0,0,0
JD_11650570,2021-02-28,4,3,1,0,0,0,0
JD_11650568,2021-02-28,12,11,6,0,1,0,0
JD_11650567,2021-02-28,0,0,0,0,0,0,0
JD_11650566,2021-02-28,23,17,16,0,0,0,0
JD_11650565,2021-02-28,3,2,2,0,0,0,0
JD_11650561,2021-02-28,9,2,6,1,0,0,0
JD_11650559,2021-02-28,2,1,1,0,0,0,0
JD_11650556,2021-02-28,2717,1655,2693,12,8,2,3
JD_11650555,2021-02-28,59,0,59,0,0,0,0
JD_11650552,2021-02-28,2460,2141,861,2,2,1,4
JD_11650551,2021-02-28,96,64,67,3,0,1,1
JD_11650550,2021-02-28,0,0,0,0,0,0,0
JD_11650544,2021-02-28,2205,1907,778,4,0,0,2
JD_11650542,2021-02-28,390,314,187,0,2,0,3
JD_11650540,2021-02-28,37,28,12,0,1,0,0
