JD_11323434,2021-02-28,2185,1467,1183,10,6,2,2
JD_11323433,2021-02-28,0,0,0,0,0,0,0
JD_11323432,2021-02-28,0,0,0,0,0,0,0
JD_11323431,2021-02-28,471,0,461,6,4,0,0
JD_11323430,2021-02-28,1342,375,1323,12,6,1,2
JD_11323429,2021-02-28,0,0,0,0,0,0,0
JD_11323428,2021-02-28,87,2,83,3,1,0,0
JD_11323427,2021-02-28,0,0,0,0,0,0,0
JD_11323426,2021-02-28,0,0,0,0,0,0,0
JD_11323425,2021-02-28,1318,320,1291,12,5,0,4
JD_11323424,2021-02-28,0,0,0,0,0,0,0
JD_11323420,2021-02-28,274,88,269,3,0,0,0
JD_11323419,2021-02-28,16689,4988,16374,200,106,1,42
JD_11323418,2021-02-28,0,0,0,0,0,0,0
JD_11323417,2021-02-28,0,0,0,0,0,0,0
JD_11323416,2021-02-28,0,0,0,0,0,0,0
JD_11323413,2021-02-28,124,98,122,1,0,0,0
JD_11323411,2021-02-28,124,13,121,3,0,0,0
JD_11323410,2021-02-28,25,0,23,0,2,0,0
JD_11323409,2021-02-28,4,1,4,0,0,0,0
JD_11323406,2021-02-28,37,15,36,1,0,1,0
JD_11323403,2021-02-28,33,10,31,2,0,0,0
JD_11323386,2021-02-28,12,0,12,0,0,0,0
JD_11323382,2021-02-28,22064,16119,14128,37,29,14,25
JD_11323381,2021-02-28,176,24,173,2,1,0,0
JD_11323380,2021-02-28,785,339,647,8,5,1,1
JD_11323379,2021-02-28,32,10,27,0,0,0,0
JD_11323378,2021-02-28,146,7,143,3,0,0,1
JD_11323375,2021-02-28,126,0,122,4,0,0,0
JD_11323373,2021-02-28,11,8,3,0,0,0,0
JD_11323372,2021-02-28,4,3,2,0,0,0,0
JD_11323362,2021-02-28,1,0,1,0,0,0,0
JD_11323361,2021-02-28,0,0,0,0,0,0,0
JD_11323360,2021-02-28,120,0,116,3,1,0,0
JD_11323359,2021-02-28,101,0,96,5,0,0,0
JD_11323356,2021-02-28,10,0,9,1,0,0,0
JD_11323354,2021-02-28,287,0,269,13,5,0,0
JD_11323352,2021-02-28,104,0,102,2,0,0,0
JD_11323344,2021-02-28,76,0,72,2,2,0,0
JD_11323330,2021-02-28,5,3,4,0,0,0,0
JD_11323328,2021-02-28,12,8,7,0,0,0,0
JD_11323327,2021-02-28,0,0,0,0,0,0,0
JD_11323326,2021-02-28,4,2,2,0,0,0,0
JD_11323325,2021-02-28,38,30,27,0,0,0,0
JD_11323324,2021-02-28,29,20,11,0,0,0,0
JD_11323323,2021-02-28,36,25,24,0,0,0,0
JD_11323322,2021-02-28,39,28,24,1,1,0,0
JD_11323321,2021-02-28,7,4,3,0,0,0,0
JD_11323319,2021-02-28,0,0,0,0,0,0,0
JD_11323318,2021-02-28,51,21,51,0,0,0,0
JD_11323317,2021-02-28,13,2,12,1,0,0,0
JD_11323316,2021-02-28,15,0,14,0,1,0,0
JD_11323315,2021-02-28,218,0,211,5,2,0,0
JD_11323313,2021-02-28,42,18,40,1,0,0,0
JD_11323312,2021-02-28,66,24,62,0,0,0,0
JD_11323308,2021-02-28,90,40,83,1,0,0,0
JD_11323302,2021-02-28,2,0,2,0,0,0,0
JD_11323297,2021-02-28,8,3,8,0,0,0,0
JD_11323295,2021-02-28,3,1,3,0,0,0,0
JD_11323294,2021-02-28,30,10,27,2,0,0,1
JD_11323291,2021-02-28,16,10,16,0,0,0,0
JD_11323290,2021-02-28,9,2,7,0,0,0,0
JD_11323289,2021-02-28,96,49,89,1,0,0,0
JD_11323288,2021-02-28,13528,7445,12526,128,51,6,25
JD_11323287,2021-02-28,53,8,50,1,0,0,0
JD_11323286,2021-02-28,13,2,11,0,0,0,0
JD_11323285,2021-02-28,19,0,18,0,1,0,0
JD_11323284,2021-02-28,6904,3240,6646,84,28,5,11
JD_11323283,2021-02-28,134,10,128,6,0,0,0
JD_11323281,2021-02-28,268,10,259,9,0,0,1
