JD_11713469,2021-02-28,13,2,13,0,0,0,0
JD_11713468,2021-02-28,48,23,36,1,0,0,0
JD_11713466,2021-02-28,99,57,98,0,1,0,0
JD_11713465,2021-02-28,12,7,7,0,0,0,0
JD_11713464,2021-02-28,0,0,0,0,0,0,0
JD_11713462,2021-02-28,9,5,5,0,0,0,1
JD_11713461,2021-02-28,53,7,53,0,0,0,0
JD_11713460,2021-02-28,171,19,156,1,1,0,0
JD_11713459,2021-02-28,14,9,10,0,0,0,0
JD_11713458,2021-02-28,23,11,22,0,0,0,0
JD_11713457,2021-02-28,10,2,10,0,0,0,0
JD_11713455,2021-02-28,35,23,18,1,1,0,0
JD_11713454,2021-02-28,35,5,35,0,0,0,0
JD_11713451,2021-02-28,6,4,3,0,0,0,0
JD_11713450,2021-02-28,9,6,6,0,0,0,0
JD_11713449,2021-02-28,50,8,47,1,0,0,0
JD_11713446,2021-02-28,2,2,1,0,0,0,0
JD_11713445,2021-02-28,5,2,5,0,0,0,0
JD_11713444,2021-02-28,16,11,12,0,0,0,0
JD_11713442,2021-02-28,16,13,11,0,0,0,0
JD_11713441,2021-02-28,7,3,7,0,0,0,0
JD_11713440,2021-02-28,7,6,4,0,0,0,0
JD_11713439,2021-02-28,12,8,9,0,0,0,0
JD_11713438,2021-02-28,7,7,0,0,0,0,0
JD_11713437,2021-02-28,2,1,2,0,0,0,0
JD_11713436,2021-02-28,9,8,3,0,0,0,0
JD_11713435,2021-02-28,3,2,1,0,0,0,0
JD_11713434,2021-02-28,64,0,64,0,0,0,0
JD_11713045,2021-02-28,71,3,69,1,1,0,1
JD_11713044,2021-02-28,181,121,100,0,1,0,0
JD_11713043,2021-02-28,96,68,57,0,0,0,0
JD_11713042,2021-02-28,117,1,112,3,2,0,0
JD_11713041,2021-02-28,121,1,118,0,3,0,1
JD_11713040,2021-02-28,43,25,28,0,0,0,0
JD_11713039,2021-02-28,782,526,487,1,4,2,4
JD_11713038,2021-02-28,0,0,0,0,0,0,0
JD_11713037,2021-02-28,12,0,11,1,0,0,0
JD_11713036,2021-02-28,1,1,0,0,0,0,0
JD_11713035,2021-02-28,10,0,8,2,0,0,0
JD_11713034,2021-02-28,128,90,73,0,1,0,0
JD_11713033,2021-02-28,41,23,27,1,1,0,0
JD_11713032,2021-02-28,106,2,101,2,2,0,0
JD_11713031,2021-02-28,0,0,0,0,0,0,0
JD_11713030,2021-02-28,0,0,0,0,0,0,0
JD_11713029,2021-02-28,423,224,354,3,2,0,1
JD_11713028,2021-02-28,0,0,0,0,0,0,0
JD_11713025,2021-02-28,84,46,58,0,2,0,0
JD_11713024,2021-02-28,24,11,22,0,0,0,1
JD_11713023,2021-02-28,183,0,180,2,1,0,0
JD_11713022,2021-02-28,208,0,203,3,2,0,0
JD_11713021,2021-02-28,82,51,63,0,1,0,0
JD_11713020,2021-02-28,9,0,8,0,1,0,0
JD_11713019,2021-02-28,8,0,8,0,0,0,0
JD_11713017,2021-02-28,72,43,48,0,2,0,0
JD_11713016,2021-02-28,11,1,11,0,0,0,0
JD_11713015,2021-02-28,36,0,36,0,0,0,0
JD_11713014,2021-02-28,102,55,70,0,3,0,0
JD_11713013,2021-02-28,89,57,54,0,3,0,1
JD_11713012,2021-02-28,5,3,3,1,0,0,0
JD_11713011,2021-02-28,4,1,3,0,0,0,0
JD_11713009,2021-02-28,16,6,16,0,0,0,0
JD_11713008,2021-02-28,15,0,14,1,0,0,0
JD_11713007,2021-02-28,5,3,5,0,0,0,0
JD_11713006,2021-02-28,1,0,0,0,1,0,0
JD_11713005,2021-02-28,20,0,20,0,0,0,0
JD_11713004,2021-02-28,39,24,28,0,0,0,0
JD_11713003,2021-02-28,0,0,0,0,0,0,0
JD_11713002,2021-02-28,9,0,9,0,0,0,0
JD_11713001,2021-02-28,21,0,19,2,0,0,0
JD_11713000,2021-02-28,1,1,1,0,0,0,0
