JD_11410944,2021-02-28,6,3,6,0,0,0,0
JD_11410943,2021-02-28,15,7,8,0,0,0,0
JD_11410942,2021-02-28,2,1,2,0,0,0,0
JD_11410940,2021-02-28,3,2,2,0,0,0,1
JD_11410939,2021-02-28,2,0,2,0,0,0,0
JD_11410938,2021-02-28,2,1,2,0,0,0,0
JD_11410937,2021-02-28,34,22,13,3,2,0,0
JD_11410934,2021-02-28,7,4,6,1,0,0,0
JD_11410933,2021-02-28,27,10,22,3,0,0,0
JD_11410932,2021-02-28,93,5,91,1,1,0,0
JD_11410931,2021-02-28,52,0,45,6,1,0,0
JD_11410930,2021-02-28,29,18,16,0,0,0,0
JD_11410929,2021-02-28,103,0,102,1,0,0,0
JD_11410928,2021-02-28,8,4,5,0,1,0,0
JD_11410927,2021-02-28,4,0,4,0,0,0,0
JD_11410926,2021-02-28,45,13,36,1,1,0,1
JD_11410924,2021-02-28,18,7,17,1,0,0,0
JD_11410922,2021-02-28,2,2,0,0,0,0,0
JD_11410919,2021-02-28,0,0,0,0,0,0,0
JD_11410918,2021-02-28,11,3,8,0,0,0,0
JD_11410916,2021-02-28,0,0,0,0,0,0,0
JD_11410912,2021-02-28,20,17,8,0,0,0,0
JD_11410911,2021-02-28,23,18,18,0,1,0,0
JD_11410910,2021-02-28,3,3,0,0,0,0,0
JD_11410908,2021-02-28,0,0,0,0,0,0,0
JD_11410907,2021-02-28,5,2,5,0,0,0,0
JD_11410905,2021-02-28,28,23,10,0,1,0,0
JD_11410904,2021-02-28,7,4,6,0,0,0,0
JD_11410903,2021-02-28,8,5,6,0,0,0,0
JD_11410902,2021-02-28,1,0,1,0,0,0,0
JD_11410901,2021-02-28,2,2,2,0,0,0,0
JD_11410900,2021-02-28,54,33,53,1,0,0,0
JD_11410899,2021-02-28,6,4,4,0,0,0,0
JD_11410897,2021-02-28,4,3,2,0,0,0,0
JD_11410896,2021-02-28,13,11,8,0,0,0,0
JD_11410895,2021-02-28,0,0,0,0,0,0,0
JD_11410894,2021-02-28,1,0,1,0,0,0,0
JD_11410892,2021-02-28,0,0,0,0,0,0,0
JD_11410891,2021-02-28,1,1,1,0,0,0,0
JD_11410890,2021-02-28,5,4,4,0,0,0,0
JD_11410889,2021-02-28,5,5,0,0,0,0,0
JD_11410888,2021-02-28,9,7,7,0,0,0,0
JD_11410886,2021-02-28,3,2,3,0,0,0,0
JD_11410884,2021-02-28,6,3,4,0,0,0,0
JD_11410883,2021-02-28,6,4,4,0,0,0,0
JD_11410882,2021-02-28,13,9,7,1,0,0,0
JD_11410881,2021-02-28,7,6,5,0,0,0,0
JD_11410879,2021-02-28,13,9,12,0,0,0,0
JD_11410878,2021-02-28,5,4,4,0,0,0,0
JD_11410877,2021-02-28,10,6,6,0,0,0,0
JD_11410876,2021-02-28,9,7,4,0,0,0,0
JD_11410875,2021-02-28,1,1,1,0,0,0,0
JD_11410874,2021-02-28,1,1,0,0,0,0,0
JD_11410873,2021-02-28,1,0,1,0,0,0,0
JD_11410872,2021-02-28,9,6,4,0,0,0,0
JD_11410871,2021-02-28,14,10,9,0,0,0,0
JD_11410870,2021-02-28,98,68,65,1,1,0,0
JD_11410869,2021-02-28,4,4,3,0,0,0,0
JD_11410868,2021-02-28,13,5,11,0,0,0,0
JD_11410867,2021-02-28,17,15,8,0,0,0,0
JD_11410865,2021-02-28,0,0,0,0,0,0,0
JD_11410864,2021-02-28,28,19,22,0,0,0,0
JD_11410863,2021-02-28,8,6,6,0,0,0,0
JD_11410862,2021-02-28,1,1,0,0,0,0,0
JD_11410861,2021-02-28,0,0,0,0,0,0,0
JD_11410859,2021-02-28,5,4,2,0,0,0,0
JD_11410858,2021-02-28,24,12,16,0,0,0,0
JD_11410857,2021-02-28,16,9,10,0,0,0,0
JD_11410856,2021-02-28,23,8,21,0,1,0,0
JD_11410855,2021-02-28,5,0,5,0,0,0,0
