JD_12441998,2021-02-28,155,125,54,0,0,0,0
JD_12441997,2021-02-28,104,97,24,0,0,0,0
JD_12441996,2021-02-28,14,13,2,0,0,0,0
JD_12441995,2021-02-28,1,0,1,0,0,0,0
JD_12441994,2021-02-28,64,54,39,0,0,0,0
JD_12441993,2021-02-28,27,22,8,0,1,0,0
JD_12441992,2021-02-28,52,46,16,0,0,0,0
JD_12441991,2021-02-28,2,2,2,0,0,0,0
JD_12441990,2021-02-28,0,0,0,0,0,0,0
JD_12441988,2021-02-28,7,5,2,0,0,0,0
JD_12441987,2021-02-28,0,0,0,0,0,0,0
JD_12441986,2021-02-28,26,20,15,0,0,0,1
JD_12441985,2021-02-28,6,2,5,0,0,0,0
JD_12441983,2021-02-28,7,6,2,0,0,0,0
JD_12441982,2021-02-28,2,2,1,0,0,0,0
JD_12441981,2021-02-28,7,5,4,0,0,0,0
JD_12441980,2021-02-28,297,253,95,0,0,0,4
JD_12441978,2021-02-28,5,3,3,0,0,0,0
JD_12441977,2021-02-28,30,23,9,0,0,0,0
JD_12441976,2021-02-28,31,22,13,0,0,0,1
JD_12441975,2021-02-28,5,5,0,0,0,0,0
JD_12441974,2021-02-28,185,149,69,1,0,0,1
JD_12441973,2021-02-28,8,8,1,0,0,0,0
JD_12441972,2021-02-28,4,4,1,0,0,0,0
JD_12441971,2021-02-28,8,8,2,0,0,0,0
JD_12441970,2021-02-28,12,10,6,0,0,0,0
JD_12441968,2021-02-28,257,207,68,0,0,1,0
JD_12441967,2021-02-28,0,0,0,0,0,0,0
JD_12441966,2021-02-28,44,38,16,1,0,0,0
JD_12441965,2021-02-28,0,0,0,0,0,0,0
JD_12441964,2021-02-28,5,4,2,0,0,0,0
JD_12441963,2021-02-28,4,2,2,0,0,0,0
JD_12441962,2021-02-28,1,0,1,0,0,0,0
JD_12441961,2021-02-28,9,6,5,0,1,0,0
JD_12441960,2021-02-28,0,0,0,0,0,0,0
JD_12440524,2021-02-28,1,1,0,0,0,0,0
JD_12440523,2021-02-28,245,223,47,0,0,0,0
JD_12440522,2021-02-28,2,2,0,0,0,0,0
JD_12440521,2021-02-28,4,4,0,0,0,0,0
JD_12440520,2021-02-28,0,0,0,0,0,0,0
JD_12440518,2021-02-28,20,16,6,0,0,0,0
JD_12440517,2021-02-28,2,2,0,0,0,0,0
JD_12440516,2021-02-28,0,0,0,0,0,0,0
JD_12440515,2021-02-28,13,12,3,0,0,0,0
JD_12440514,2021-02-28,9,6,4,1,0,0,0
JD_12440513,2021-02-28,4,3,1,0,0,0,0
JD_12440512,2021-02-28,108,83,54,1,0,0,1
JD_12440511,2021-02-28,0,0,0,0,0,0,0
JD_12440510,2021-02-28,2332,1741,995,1,3,3,9
JD_12440509,2021-02-28,1,0,1,0,0,0,0
JD_12440508,2021-02-28,2,1,1,0,0,0,0
JD_12440507,2021-02-28,2,2,0,0,0,0,0
JD_12440506,2021-02-28,31,29,7,0,0,0,0
JD_12440505,2021-02-28,0,0,0,0,0,0,0
JD_12440504,2021-02-28,0,0,0,0,0,0,0
JD_12440503,2021-02-28,0,0,0,0,0,0,0
JD_12440502,2021-02-28,20,17,4,0,0,0,0
JD_12440501,2021-02-28,1,0,1,0,0,0,0
JD_12440500,2021-02-28,3,2,2,0,0,0,0
JD_12440499,2021-02-28,1,1,1,0,0,0,0
JD_12440498,2021-02-28,1435,1081,784,1,3,0,4
JD_12440497,2021-02-28,0,0,0,0,0,0,0
JD_12440496,2021-02-28,2,2,2,0,0,0,0
JD_12440495,2021-02-28,4,3,1,0,0,0,0
JD_12440494,2021-02-28,54,48,10,0,0,0,0
JD_12440493,2021-02-28,5,4,1,0,0,0,0
JD_12440492,2021-02-28,3,3,1,0,0,0,0
JD_12440491,2021-02-28,0,0,0,0,0,0,0
JD_12440490,2021-02-28,4,2,2,0,0,0,0
JD_12440489,2021-02-28,5,5,1,0,0,0,0
