JD_11384760,2021-02-28,123,94,42,1,0,0,0
JD_11384759,2021-02-28,79,66,14,0,0,0,0
JD_11384758,2021-02-28,4,2,4,0,0,0,0
JD_11384757,2021-02-28,23,18,15,1,0,0,0
JD_11384756,2021-02-28,9,9,4,0,0,0,0
JD_11384755,2021-02-28,9,3,8,0,0,0,0
JD_11384754,2021-02-28,0,0,0,0,0,0,0
JD_11384753,2021-02-28,207,144,120,1,1,0,0
JD_11384752,2021-02-28,0,0,0,0,0,0,0
JD_11384751,2021-02-28,0,0,0,0,0,0,0
JD_11384750,2021-02-28,8,4,6,0,0,0,0
JD_11384749,2021-02-28,274,209,274,0,0,0,1
JD_11384747,2021-02-28,251,188,143,2,0,1,0
JD_11384746,2021-02-28,37,22,21,0,0,0,0
JD_11384745,2021-02-28,4,3,3,0,0,0,0
JD_11384744,2021-02-28,55,20,43,2,0,0,0
JD_11384742,2021-02-28,153,100,72,1,0,0,0
JD_11384739,2021-02-28,87,30,70,1,0,0,0
JD_11384738,2021-02-28,3,1,2,0,0,0,0
JD_11384735,2021-02-28,0,0,0,0,0,0,0
JD_11384734,2021-02-28,5,3,2,0,0,0,0
JD_11384705,2021-02-28,8,2,6,0,0,0,0
JD_11384688,2021-02-28,112,67,78,1,0,0,1
JD_11384687,2021-02-28,85,3,84,1,0,0,0
JD_11384682,2021-02-28,1125,1,1100,20,5,0,0
JD_11384677,2021-02-28,14,8,6,1,0,0,0
JD_11384675,2021-02-28,1,0,1,0,0,0,0
JD_11384672,2021-02-28,1,0,1,0,0,0,0
JD_11384670,2021-02-28,4,0,4,0,0,0,0
JD_11384669,2021-02-28,5,2,4,1,0,0,0
JD_11384655,2021-02-28,1256,398,1110,16,3,0,1
JD_11384631,2021-02-28,20,14,20,0,0,0,0
JD_11384628,2021-02-28,12,8,12,0,0,0,0
JD_11384627,2021-02-28,31,16,30,0,0,0,0
JD_11384625,2021-02-28,62,23,53,1,2,0,0
JD_11384624,2021-02-28,17,10,9,0,0,0,0
JD_11384623,2021-02-28,21,11,18,0,0,0,0
JD_11384622,2021-02-28,1,1,1,0,0,0,0
JD_11384621,2021-02-28,6,3,5,0,0,0,0
JD_11384620,2021-02-28,3,3,2,0,0,0,0
JD_11384619,2021-02-28,0,0,0,0,0,0,0
JD_11384618,2021-02-28,11,7,10,1,0,0,0
JD_11384616,2021-02-28,3,1,2,0,0,0,0
JD_11384615,2021-02-28,3,2,2,0,0,0,0
JD_11384614,2021-02-28,1,0,1,0,0,0,0
JD_11384613,2021-02-28,168,0,153,13,2,0,0
JD_11384612,2021-02-28,49,33,33,0,0,0,1
JD_11384610,2021-02-28,126,82,91,1,0,0,0
JD_11384608,2021-02-28,147,80,101,1,2,0,1
JD_11384607,2021-02-28,77,16,74,2,1,0,0
JD_11384606,2021-02-28,155,98,85,2,2,0,0
JD_11384604,2021-02-28,29,11,28,1,0,0,0
JD_11384603,2021-02-28,33,14,32,1,0,0,0
JD_11384602,2021-02-28,24,6,24,0,0,0,0
JD_11384601,2021-02-28,176,106,127,2,0,0,0
JD_11384600,2021-02-28,82,17,79,0,1,0,0
JD_11384599,2021-02-28,33,8,28,2,2,0,0
JD_11384598,2021-02-28,112,65,78,1,0,0,0
JD_11384592,2021-02-28,26,17,14,0,0,0,0
JD_11384591,2021-02-28,38,34,12,0,0,0,0
JD_11384590,2021-02-28,29,13,28,0,0,0,1
JD_11384589,2021-02-28,7,3,7,0,0,0,0
JD_11384588,2021-02-28,7,3,6,0,0,0,1
JD_11384587,2021-02-28,4,1,2,1,0,0,0
JD_11384586,2021-02-28,16,8,11,0,0,0,0
JD_11384583,2021-02-28,3,3,0,0,0,0,0
JD_11384582,2021-02-28,4,4,0,0,0,0,0
JD_11384581,2021-02-28,6,2,6,0,0,0,0
JD_11384580,2021-02-28,84,35,77,2,5,0,0
JD_11384577,2021-02-28,37,17,26,0,0,0,0
