JD_11418346,2021-02-28,1,1,0,0,0,0,0
JD_11418345,2021-02-28,18,11,17,0,0,0,0
JD_11418343,2021-02-28,1,0,1,0,0,0,0
JD_11418342,2021-02-28,11,4,8,0,0,0,0
JD_11418341,2021-02-28,4,1,3,0,0,0,0
JD_11418338,2021-02-28,1,1,0,0,0,0,0
JD_11418336,2021-02-28,0,0,0,0,0,0,0
JD_11418335,2021-02-28,259,199,222,0,1,0,0
JD_11418332,2021-02-28,0,0,0,0,0,0,0
JD_11418331,2021-02-28,0,0,0,0,0,0,0
JD_11418330,2021-02-28,7,6,3,0,0,0,0
JD_11418325,2021-02-28,2,1,2,0,0,0,0
JD_11418324,2021-02-28,0,0,0,0,0,0,0
JD_11418323,2021-02-28,1,0,1,0,0,0,0
JD_11418322,2021-02-28,8,6,4,0,0,0,0
JD_11418321,2021-02-28,7,2,4,0,1,0,0
JD_11418320,2021-02-28,4,1,2,0,1,0,0
JD_11418317,2021-02-28,0,0,0,0,0,0,0
JD_11418316,2021-02-28,3,1,2,0,0,0,0
JD_11418315,2021-02-28,3,2,1,0,0,0,0
JD_11418314,2021-02-28,1,1,0,0,0,0,0
JD_11418312,2021-02-28,6,0,6,0,0,0,0
JD_11418309,2021-02-28,7,3,5,0,0,0,0
JD_11418308,2021-02-28,4,3,1,1,0,0,0
JD_11418307,2021-02-28,4,3,2,0,0,0,0
JD_11418305,2021-02-28,11,8,11,0,0,0,0
JD_11418304,2021-02-28,1,1,1,0,0,0,0
JD_11418302,2021-02-28,0,0,0,0,0,0,0
JD_11418301,2021-02-28,117,95,49,0,0,0,0
JD_11418300,2021-02-28,9,4,8,0,0,0,0
JD_11418299,2021-02-28,0,0,0,0,0,0,0
JD_11418298,2021-02-28,0,0,0,0,0,0,0
JD_11418296,2021-02-28,15,14,2,0,0,0,0
JD_11418295,2021-02-28,5,5,2,0,0,0,0
JD_11418292,2021-02-28,0,0,0,0,0,0,0
JD_11418291,2021-02-28,0,0,0,0,0,0,0
JD_11418290,2021-02-28,27,23,7,0,0,0,0
JD_11418289,2021-02-28,3,0,3,0,0,0,0
JD_11418288,2021-02-28,2,1,2,0,0,0,0
JD_11418287,2021-02-28,0,0,0,0,0,0,0
JD_11418284,2021-02-28,0,0,0,0,0,0,0
JD_11418281,2021-02-28,0,0,0,0,0,0,0
JD_11418280,2021-02-28,22,14,14,0,0,0,0
JD_11418279,2021-02-28,31,24,25,0,0,0,0
JD_11418277,2021-02-28,0,0,0,0,0,0,0
JD_11418276,2021-02-28,5,4,4,0,0,0,0
JD_11418275,2021-02-28,0,0,0,0,0,0,0
JD_11418274,2021-02-28,8,6,5,0,0,0,0
JD_11418272,2021-02-28,12,8,7,0,0,0,0
JD_11418271,2021-02-28,1,1,0,0,0,0,0
JD_11418270,2021-02-28,9,5,9,0,0,0,0
JD_11418269,2021-02-28,0,0,0,0,0,0,0
JD_11418268,2021-02-28,6,6,5,0,0,0,0
JD_11418267,2021-02-28,0,0,0,0,0,0,0
JD_11418266,2021-02-28,8,3,6,0,0,0,0
JD_11418265,2021-02-28,0,0,0,0,0,0,0
JD_11418264,2021-02-28,6,4,3,0,0,0,0
JD_11418263,2021-02-28,0,0,0,0,0,0,0
JD_11418262,2021-02-28,0,0,0,0,0,0,0
JD_11418261,2021-02-28,10,6,10,0,0,0,0
JD_11418260,2021-02-28,14,11,9,0,0,0,0
JD_11418259,2021-02-28,8,6,6,0,0,0,0
JD_11418258,2021-02-28,5,3,4,0,0,0,0
JD_11418257,2021-02-28,1,0,1,0,0,0,0
JD_11418255,2021-02-28,3,3,1,0,0,0,0
JD_11418253,2021-02-28,0,0,0,0,0,0,0
JD_11418252,2021-02-28,3,1,2,0,0,0,0
JD_11418251,2021-02-28,0,0,0,0,0,0,0
JD_11418250,2021-02-28,1,1,1,0,0,0,0
JD_11418246,2021-02-28,1,0,1,0,0,0,1
