JD_11729261,2021-02-28,19,9,15,0,1,0,0
JD_11729260,2021-02-28,47,35,18,0,0,0,0
JD_11729259,2021-02-28,4,0,2,2,0,0,0
JD_11729258,2021-02-28,2,2,1,0,0,0,0
JD_11729257,2021-02-28,1,0,1,0,0,0,0
JD_11729256,2021-02-28,9,3,8,0,0,0,0
JD_11729255,2021-02-28,282,102,268,1,1,0,0
JD_11729254,2021-02-28,23,14,16,0,0,0,0
JD_11729250,2021-02-28,6,3,5,1,0,0,0
JD_11729249,2021-02-28,1,0,1,0,0,0,0
JD_11729248,2021-02-28,1,0,1,0,0,0,0
JD_11729247,2021-02-28,2,2,2,0,0,0,0
JD_11729246,2021-02-28,7,4,6,0,0,0,1
JD_11729244,2021-02-28,40,28,17,0,0,0,0
JD_11729242,2021-02-28,2,1,1,0,0,0,0
JD_11729241,2021-02-28,1,0,1,0,0,0,0
JD_11729240,2021-02-28,0,0,0,0,0,0,0
JD_11729239,2021-02-28,381,276,152,1,0,0,0
JD_11729238,2021-02-28,52,18,46,0,0,0,0
JD_11729237,2021-02-28,18,10,16,1,0,0,0
JD_11729235,2021-02-28,0,0,0,0,0,0,0
JD_11729234,2021-02-28,788,316,660,13,5,0,3
JD_11729233,2021-02-28,0,0,0,0,0,0,0
JD_11729232,2021-02-28,21,0,21,0,0,0,0
JD_11729231,2021-02-28,2,0,2,0,0,0,0
JD_11729230,2021-02-28,9,0,9,0,0,0,0
JD_11729229,2021-02-28,1,0,1,0,0,0,0
JD_11728533,2021-02-28,983,385,957,5,1,0,0
JD_11728532,2021-02-28,2252,1803,1612,5,2,0,1
JD_11728531,2021-02-28,23,13,19,0,0,0,0
JD_11728530,2021-02-28,7,4,5,0,0,0,0
JD_11728529,2021-02-28,8,7,6,0,0,0,0
JD_11728528,2021-02-28,7,6,7,0,0,0,0
JD_11728527,2021-02-28,4,4,2,0,0,0,0
JD_11728526,2021-02-28,4,3,3,0,0,0,0
JD_11728525,2021-02-28,2,0,2,0,0,0,0
JD_11728524,2021-02-28,1,1,0,0,0,0,0
JD_11728523,2021-02-28,11,8,7,0,1,0,0
JD_11728522,2021-02-28,10,7,4,0,0,0,0
JD_11728521,2021-02-28,13,4,11,0,0,0,0
JD_11728520,2021-02-28,2,1,1,0,0,0,0
JD_11728519,2021-02-28,12,10,5,0,0,0,0
JD_11728518,2021-02-28,1661,223,1499,22,9,0,1
JD_11728517,2021-02-28,4,0,4,0,0,0,0
JD_11728516,2021-02-28,12,7,9,0,0,0,0
JD_11728515,2021-02-28,20,14,20,0,0,0,0
JD_11728514,2021-02-28,70,59,18,0,0,0,0
JD_11728513,2021-02-28,5,4,3,0,0,0,0
JD_11728512,2021-02-28,23,13,15,0,0,0,0
JD_11728511,2021-02-28,21,9,14,0,0,0,0
JD_11728510,2021-02-28,33,19,24,0,0,0,1
JD_11728509,2021-02-28,8,2,5,0,1,0,0
JD_11728508,2021-02-28,8,6,3,0,0,0,0
JD_11728507,2021-02-28,11,7,8,0,0,0,0
JD_11728506,2021-02-28,26,13,17,0,0,0,0
JD_11728504,2021-02-28,4,2,3,0,0,0,0
JD_11728503,2021-02-28,2,0,2,0,0,0,0
JD_11728502,2021-02-28,29,23,9,0,0,0,0
JD_11728501,2021-02-28,7,4,4,1,0,0,0
JD_11728500,2021-02-28,19,16,4,0,0,0,0
JD_11728499,2021-02-28,9,0,9,0,0,0,0
JD_11728498,2021-02-28,14,6,11,0,0,0,0
JD_11728497,2021-02-28,2,1,2,0,0,0,0
JD_11728496,2021-02-28,2,2,0,0,0,0,0
JD_11728495,2021-02-28,9,2,9,0,0,0,0
JD_11728494,2021-02-28,70,51,37,0,0,0,1
JD_11728493,2021-02-28,38,25,22,1,0,0,0
JD_11728492,2021-02-28,44,32,33,0,0,0,0
JD_11728491,2021-02-28,18,14,8,0,0,0,0
JD_11728490,2021-02-28,45,28,31,0,1,0,1
