JD_11552089,2021-02-28,0,0,0,0,0,0,0
JD_11552088,2021-02-28,57,36,33,0,0,0,0
JD_11552087,2021-02-28,92,64,59,0,0,0,0
JD_11552086,2021-02-28,378,280,222,1,1,0,0
JD_11552085,2021-02-28,200,169,98,0,0,0,0
JD_11552084,2021-02-28,787,633,247,1,1,0,5
JD_11552083,2021-02-28,122,93,65,1,0,0,0
JD_11552082,2021-02-28,230,171,118,0,1,0,0
JD_11552081,2021-02-28,115,94,58,1,0,0,0
JD_11552080,2021-02-28,658,508,310,1,1,1,0
JD_11552079,2021-02-28,1604,1329,545,0,2,2,2
JD_11552078,2021-02-28,60,49,33,0,0,0,0
JD_11552077,2021-02-28,469,385,280,0,0,0,0
JD_11552076,2021-02-28,69,51,49,0,0,0,0
JD_11552075,2021-02-28,247,211,125,1,0,0,1
JD_11552074,2021-02-28,0,0,0,0,0,0,0
JD_11552069,2021-02-28,100,75,46,0,0,1,0
JD_11552068,2021-02-28,1,0,1,0,0,0,0
JD_11552067,2021-02-28,0,0,0,0,0,0,0
JD_11552054,2021-02-28,4,3,3,0,0,0,0
JD_11552048,2021-02-28,2,0,1,0,1,0,0
JD_11552047,2021-02-28,0,0,0,0,0,0,0
JD_11552046,2021-02-28,0,0,0,0,0,0,0
JD_11552045,2021-02-28,0,0,0,0,0,0,0
JD_11552042,2021-02-28,0,0,0,0,0,0,0
JD_11552041,2021-02-28,0,0,0,0,0,0,0
JD_11552040,2021-02-28,0,0,0,0,0,0,0
JD_11552039,2021-02-28,0,0,0,0,0,0,0
JD_11552038,2021-02-28,0,0,0,0,0,0,0
JD_11552037,2021-02-28,0,0,0,0,0,0,0
JD_11552036,2021-02-28,0,0,0,0,0,0,0
JD_11552035,2021-02-28,0,0,0,0,0,0,0
JD_11552034,2021-02-28,0,0,0,0,0,0,0
JD_11552027,2021-02-28,1,0,0,0,1,0,0
JD_11552022,2021-02-28,1847,1140,1562,3,1,0,3
JD_11552015,2021-02-28,3,2,2,0,0,0,0
JD_11552011,2021-02-28,166,3,156,4,6,0,0
JD_11552007,2021-02-28,10,2,9,0,0,0,0
JD_11552004,2021-02-28,9,6,5,0,0,0,0
JD_11552002,2021-02-28,807,109,737,22,6,0,2
JD_11551720,2021-02-28,9521,6195,6279,73,40,5,21
JD_11551719,2021-02-28,662,388,492,7,5,0,2
JD_11551718,2021-02-28,326,10,317,5,4,0,0
JD_11551717,2021-02-28,132,12,129,3,0,0,0
JD_11551716,2021-02-28,159,59,159,0,0,0,1
JD_11551715,2021-02-28,24,4,23,1,0,0,0
JD_11551714,2021-02-28,4,0,4,0,0,0,0
JD_11551713,2021-02-28,11,7,11,0,0,0,0
JD_11551712,2021-02-28,3,1,3,0,0,0,0
JD_11551711,2021-02-28,45,21,38,0,0,0,1
JD_11551710,2021-02-28,136,86,121,1,2,0,0
JD_11551709,2021-02-28,72,0,70,2,0,0,0
JD_11551708,2021-02-28,49,20,48,0,1,0,0
JD_11551707,2021-02-28,10,5,10,0,0,0,0
JD_11551706,2021-02-28,108,43,106,0,2,0,0
JD_11551705,2021-02-28,2139,813,1927,15,7,1,5
JD_11551704,2021-02-28,44,24,37,0,1,0,0
JD_11551703,2021-02-28,0,0,0,0,0,0,0
JD_11551701,2021-02-28,5,3,4,0,0,0,0
JD_11551699,2021-02-28,2387,767,2363,16,7,1,3
JD_11551698,2021-02-28,2244,887,2027,20,7,0,3
JD_11551681,2021-02-28,17,9,7,1,0,0,0
JD_11551680,2021-02-28,17,11,9,0,0,0,0
JD_11551677,2021-02-28,16,7,16,0,0,0,1
JD_11551676,2021-02-28,13,12,3,0,0,0,0
JD_11551675,2021-02-28,36,27,19,0,0,0,0
JD_11551674,2021-02-28,51,40,22,0,0,0,1
JD_11551673,2021-02-28,56,45,33,0,0,0,0
JD_11551672,2021-02-28,18,12,18,0,0,0,1
JD_11551671,2021-02-28,36,28,18,0,0,0,1
