JD_11325747,2021-02-28,929,621,645,1,2,1,3
JD_11325746,2021-02-28,39146,29431,22838,46,40,58,43
JD_11325745,2021-02-28,14,5,13,1,0,0,0
JD_11325744,2021-02-28,355,210,277,5,0,0,0
JD_11325743,2021-02-28,361,243,352,0,1,0,0
JD_11325742,2021-02-28,33,0,31,2,0,0,0
JD_11325741,2021-02-28,25,10,25,1,0,0,0
JD_11325740,2021-02-28,80,68,42,0,0,0,0
JD_11325739,2021-02-28,154,48,123,0,0,0,0
JD_11325738,2021-02-28,0,0,0,0,0,0,0
JD_11325737,2021-02-28,5,4,1,0,0,0,0
JD_11325734,2021-02-28,61,39,36,0,0,0,0
JD_11325733,2021-02-28,571,375,347,2,0,0,0
JD_11325731,2021-02-28,40,0,34,6,0,0,0
JD_11325730,2021-02-28,4,2,2,0,0,0,0
JD_11325727,2021-02-28,3,3,0,0,0,0,0
JD_11325726,2021-02-28,0,0,0,0,0,0,0
JD_11325725,2021-02-28,0,0,0,0,0,0,0
JD_11325724,2021-02-28,84,53,55,1,0,0,0
JD_11325723,2021-02-28,7,3,7,0,0,0,0
JD_11325722,2021-02-28,11,3,8,0,0,0,0
JD_11325721,2021-02-28,7,4,5,0,0,0,0
JD_11325720,2021-02-28,19,14,11,0,0,0,0
JD_11325719,2021-02-28,14,10,7,0,0,0,0
JD_11325718,2021-02-28,41,31,26,2,0,0,0
JD_11325717,2021-02-28,1,1,1,0,0,0,0
JD_11325716,2021-02-28,2,2,2,0,0,0,0
JD_11325714,2021-02-28,2,2,1,0,0,0,0
JD_11325712,2021-02-28,51,35,29,0,0,0,1
JD_11325711,2021-02-28,3,2,2,0,0,0,0
JD_11325709,2021-02-28,11,8,4,0,0,0,0
JD_11325708,2021-02-28,1,0,1,0,0,0,0
JD_11325707,2021-02-28,17,8,9,1,0,0,0
JD_11325706,2021-02-28,4,3,2,0,0,0,0
JD_11325705,2021-02-28,2,2,1,0,0,0,0
JD_11325702,2021-02-28,1,1,0,0,0,0,0
JD_11325701,2021-02-28,9,7,4,0,0,0,0
JD_11325700,2021-02-28,2,2,1,0,0,0,0
JD_11325699,2021-02-28,7,4,3,1,0,0,0
JD_11325697,2021-02-28,30,16,20,0,0,0,0
JD_11325696,2021-02-28,26,13,13,1,1,0,0
JD_11325695,2021-02-28,2,1,2,0,0,0,0
JD_11325694,2021-02-28,530,321,415,3,1,2,0
JD_11325691,2021-02-28,14,7,9,0,0,0,0
JD_11325690,2021-02-28,10,6,5,0,0,0,0
JD_11325687,2021-02-28,5,0,4,0,1,0,0
JD_11325686,2021-02-28,54,29,34,2,0,0,0
JD_11325685,2021-02-28,43,34,15,0,0,0,0
JD_11325684,2021-02-28,41,32,21,0,0,1,0
JD_11325683,2021-02-28,8,0,8,0,0,0,0
JD_11325682,2021-02-28,12,0,10,1,1,0,0
JD_11325681,2021-02-28,10,3,10,0,0,0,0
JD_11325680,2021-02-28,6,2,6,0,0,0,0
JD_11325679,2021-02-28,41,0,41,0,0,0,0
JD_11325678,2021-02-28,13,0,12,0,1,0,0
JD_11325677,2021-02-28,8,0,8,0,0,0,0
JD_11325676,2021-02-28,10,0,9,1,0,0,0
JD_11325674,2021-02-28,8,0,8,0,0,0,0
JD_11325672,2021-02-28,156,25,148,7,1,0,0
JD_11325671,2021-02-28,233,122,184,4,0,0,0
JD_11325670,2021-02-28,36,29,18,0,0,0,0
JD_11325669,2021-02-28,4,1,4,0,0,0,0
JD_11325668,2021-02-28,10,0,9,1,0,0,0
JD_11325667,2021-02-28,11,5,10,0,0,0,0
JD_11325666,2021-02-28,2,2,2,0,0,0,0
JD_11325665,2021-02-28,96,73,66,1,0,0,0
JD_11325664,2021-02-28,8,7,4,0,0,0,0
JD_11325663,2021-02-28,23,14,18,0,0,0,1
JD_11325657,2021-02-28,1423,481,1096,18,2,1,2
JD_11325656,2021-02-28,560,301,340,4,3,1,3
