JD_11433991,2021-02-28,35,20,22,0,0,0,0
JD_11433990,2021-02-28,0,0,0,0,0,0,0
JD_11433989,2021-02-28,1,0,1,0,0,0,0
JD_11433988,2021-02-28,1,1,1,0,0,0,0
JD_11433986,2021-02-28,6,2,6,0,0,0,0
JD_11433985,2021-02-28,9,2,9,0,0,0,0
JD_11433984,2021-02-28,38,34,18,0,0,0,0
JD_11433982,2021-02-28,3,0,3,0,0,0,0
JD_11433981,2021-02-28,0,0,0,0,0,0,0
JD_11433980,2021-02-28,30,4,30,0,0,0,0
JD_11433979,2021-02-28,0,0,0,0,0,0,0
JD_11433977,2021-02-28,42,27,23,1,0,0,1
JD_11433975,2021-02-28,17,3,15,1,0,0,0
JD_11433974,2021-02-28,45,11,44,0,0,0,0
JD_11433973,2021-02-28,211,57,209,1,1,0,0
JD_11433972,2021-02-28,33,14,32,0,1,0,0
JD_11433970,2021-02-28,9,3,8,0,0,0,0
JD_11433969,2021-02-28,108,6,101,6,1,0,0
JD_11433968,2021-02-28,105,6,98,3,4,0,1
JD_11433967,2021-02-28,56,12,40,3,2,0,0
JD_11433966,2021-02-28,4,1,4,0,0,0,0
JD_11433965,2021-02-28,4,1,4,0,0,0,0
JD_11433964,2021-02-28,12,2,10,0,1,0,0
JD_11433962,2021-02-28,74,43,59,1,0,0,0
JD_11433961,2021-02-28,16,8,12,0,0,0,0
JD_11433959,2021-02-28,10,2,9,0,1,0,0
JD_11433958,2021-02-28,438,8,414,17,7,0,0
JD_11433957,2021-02-28,325,6,295,17,11,0,0
JD_11433955,2021-02-28,242,11,213,13,12,0,0
JD_11433953,2021-02-28,33,25,22,0,2,0,0
JD_11433952,2021-02-28,22,1,19,2,1,0,0
JD_11433951,2021-02-28,14,1,13,1,0,0,0
JD_11433949,2021-02-28,18,0,17,1,0,0,0
JD_11433947,2021-02-28,19,2,19,0,0,0,0
JD_11433946,2021-02-28,2186,1285,1978,20,15,0,2
JD_11433943,2021-02-28,3,1,2,0,0,0,0
JD_11433941,2021-02-28,0,0,0,0,0,0,0
JD_11433940,2021-02-28,0,0,0,0,0,0,0
JD_11433939,2021-02-28,1840,1493,605,2,2,4,1
JD_11433937,2021-02-28,6,5,5,0,0,0,0
JD_11433936,2021-02-28,0,0,0,0,0,0,0
JD_11433935,2021-02-28,28,22,8,0,0,0,0
JD_11433934,2021-02-28,38,12,37,0,0,0,0
JD_11433933,2021-02-28,113,0,107,4,2,0,0
JD_11433932,2021-02-28,0,0,0,0,0,0,0
JD_11433929,2021-02-28,246,5,244,2,0,0,0
JD_11433927,2021-02-28,1,1,0,0,0,0,0
JD_11433926,2021-02-28,0,0,0,0,0,0,0
JD_11433925,2021-02-28,0,0,0,0,0,0,0
JD_11433924,2021-02-28,5,0,5,0,0,0,0
JD_11433923,2021-02-28,0,0,0,0,0,0,0
JD_11433921,2021-02-28,65,46,47,0,0,0,0
JD_11433919,2021-02-28,8,6,2,0,0,0,0
JD_11433918,2021-02-28,1,1,1,0,0,0,0
JD_11433917,2021-02-28,0,0,0,0,0,0,0
JD_11433914,2021-02-28,0,0,0,0,0,0,0
JD_11433913,2021-02-28,0,0,0,0,0,0,0
JD_11433912,2021-02-28,0,0,0,0,0,0,0
JD_11433911,2021-02-28,0,0,0,0,0,0,0
JD_11433910,2021-02-28,0,0,0,0,0,0,0
JD_11433908,2021-02-28,3,3,0,0,0,0,0
JD_11433907,2021-02-28,4,2,4,0,0,0,0
JD_11433906,2021-02-28,0,0,0,0,0,0,0
JD_11433905,2021-02-28,0,0,0,0,0,0,0
JD_11433903,2021-02-28,0,0,0,0,0,0,0
JD_11433902,2021-02-28,1,1,1,0,0,0,0
JD_11433901,2021-02-28,0,0,0,0,0,0,0
JD_11433899,2021-02-28,0,0,0,0,0,0,0
JD_11433898,2021-02-28,1,0,1,0,0,0,0
JD_11433897,2021-02-28,0,0,0,0,0,0,0
