JD_11532279,2021-02-28,6,3,6,0,0,0,0
JD_11532278,2021-02-28,17,4,16,1,0,0,0
JD_11532277,2021-02-28,356,19,341,11,4,0,0
JD_11532276,2021-02-28,12,4,12,0,0,0,0
JD_11532275,2021-02-28,11,1,11,0,0,0,0
JD_11532274,2021-02-28,7,0,6,1,0,0,0
JD_11532273,2021-02-28,280,84,217,7,1,0,0
JD_11532272,2021-02-28,341,1,324,13,4,0,0
JD_11532271,2021-02-28,20,14,10,0,1,0,0
JD_11532270,2021-02-28,229,166,117,0,0,0,0
JD_11532269,2021-02-28,8,3,7,0,0,0,0
JD_11532268,2021-02-28,45,6,44,0,0,0,0
JD_11532267,2021-02-28,17,2,15,1,0,0,0
JD_11532266,2021-02-28,38,4,36,1,0,0,0
JD_11532265,2021-02-28,6,5,1,1,0,0,0
JD_11532264,2021-02-28,83,38,75,3,1,0,0
JD_11532263,2021-02-28,25,10,22,0,0,0,0
JD_11532260,2021-02-28,46,13,41,2,3,0,0
JD_11532257,2021-02-28,244,162,133,0,0,0,1
JD_11532255,2021-02-28,578,376,401,3,1,0,1
JD_11532254,2021-02-28,271,34,263,4,3,0,0
JD_11532253,2021-02-28,355,239,256,2,1,0,1
JD_11532252,2021-02-28,833,511,617,6,2,0,2
JD_11532251,2021-02-28,541,343,366,6,3,0,0
JD_11532250,2021-02-28,808,526,536,3,1,1,1
JD_11532249,2021-02-28,235,153,164,0,0,0,0
JD_11532247,2021-02-28,276,180,191,1,1,1,0
JD_11532244,2021-02-28,788,509,512,0,1,1,1
JD_11532242,2021-02-28,22,2,22,0,0,0,0
JD_11532240,2021-02-28,9,6,8,0,0,0,0
JD_11532238,2021-02-28,10,1,9,0,0,0,0
JD_11532236,2021-02-28,0,0,0,0,0,0,0
JD_11532235,2021-02-28,0,0,0,0,0,0,0
JD_11532234,2021-02-28,12,2,10,1,0,0,1
JD_11532233,2021-02-28,0,0,0,0,0,0,0
JD_11532232,2021-02-28,0,0,0,0,0,0,0
JD_11532229,2021-02-28,0,0,0,0,0,0,0
JD_11532228,2021-02-28,0,0,0,0,0,0,0
JD_11532227,2021-02-28,0,0,0,0,0,0,0
JD_11532226,2021-02-28,0,0,0,0,0,0,0
JD_11532225,2021-02-28,0,0,0,0,0,0,0
JD_11532224,2021-02-28,0,0,0,0,0,0,0
JD_11532223,2021-02-28,0,0,0,0,0,0,0
JD_11532221,2021-02-28,0,0,0,0,0,0,0
JD_11532220,2021-02-28,8,4,5,0,0,0,0
JD_11532218,2021-02-28,0,0,0,0,0,0,0
JD_11532216,2021-02-28,0,0,0,0,0,0,0
JD_11532215,2021-02-28,34,14,32,2,0,0,2
JD_11532214,2021-02-28,2,1,2,0,0,0,0
JD_11532212,2021-02-28,0,0,0,0,0,0,0
JD_11532211,2021-02-28,0,0,0,0,0,0,0
JD_11532210,2021-02-28,82,66,60,0,0,0,0
JD_11532209,2021-02-28,11,9,4,0,0,0,0
JD_11532208,2021-02-28,44,25,33,0,0,0,0
JD_11532207,2021-02-28,0,0,0,0,0,0,0
JD_11532203,2021-02-28,0,0,0,0,0,0,0
JD_11532202,2021-02-28,31,7,31,0,0,0,1
JD_11532201,2021-02-28,31,18,30,0,0,0,0
JD_11532200,2021-02-28,73,30,71,0,0,0,0
JD_11532199,2021-02-28,8,2,7,1,0,0,0
JD_11532197,2021-02-28,37,14,35,1,1,0,1
JD_11532196,2021-02-28,18,13,6,0,0,0,0
JD_11532195,2021-02-28,0,0,0,0,0,0,0
JD_11532194,2021-02-28,113,55,102,0,0,0,0
JD_11532193,2021-02-28,23,13,14,1,1,0,0
JD_11532192,2021-02-28,44,28,26,0,0,0,0
JD_11532190,2021-02-28,169,94,126,4,0,0,1
JD_11532188,2021-02-28,65,1,63,1,0,0,0
JD_11532187,2021-02-28,52,24,51,1,0,0,1
JD_11532186,2021-02-28,426,268,319,5,1,0,2
