JD_11319973,2021-02-28,11,0,11,0,0,0,0
JD_11319969,2021-02-28,625,241,619,2,3,0,3
JD_11319967,2021-02-28,0,0,0,0,0,0,0
JD_11319965,2021-02-28,3,1,2,0,0,0,0
JD_11319964,2021-02-28,0,0,0,0,0,0,0
JD_11319962,2021-02-28,85,48,47,0,1,0,1
JD_11319961,2021-02-28,1,1,1,0,0,0,0
JD_11319959,2021-02-28,0,0,0,0,0,0,0
JD_11319958,2021-02-28,2,0,2,0,0,0,0
JD_11319957,2021-02-28,1,1,0,0,0,0,0
JD_11319955,2021-02-28,4,1,4,0,0,0,0
JD_11319954,2021-02-28,9,6,4,1,1,0,0
JD_11319953,2021-02-28,0,0,0,0,0,0,0
JD_11319951,2021-02-28,1,1,1,0,0,0,0
JD_11319950,2021-02-28,7,4,7,0,0,0,0
JD_11319948,2021-02-28,1,1,1,0,0,0,0
JD_11319947,2021-02-28,0,0,0,0,0,0,0
JD_11319944,2021-02-28,3,1,3,0,0,0,0
JD_11319943,2021-02-28,5,1,4,0,0,0,0
JD_11319942,2021-02-28,0,0,0,0,0,0,0
JD_11319941,2021-02-28,0,0,0,0,0,0,0
JD_11319938,2021-02-28,61,38,35,0,0,0,0
JD_11319937,2021-02-28,3,0,2,1,0,0,0
JD_11319936,2021-02-28,2,1,2,0,0,0,0
JD_11319934,2021-02-28,3,2,1,0,0,0,0
JD_11319933,2021-02-28,0,0,0,0,0,0,0
JD_11319932,2021-02-28,8,5,7,0,0,0,0
JD_11319931,2021-02-28,2,2,0,0,0,0,0
JD_11319930,2021-02-28,8,7,3,0,0,0,0
JD_11319929,2021-02-28,17,7,16,0,0,0,0
JD_11319928,2021-02-28,110,82,46,1,0,0,0
JD_11319923,2021-02-28,3,3,0,0,0,0,0
JD_11319920,2021-02-28,31,21,25,1,0,0,0
JD_11319919,2021-02-28,231,168,203,0,0,0,1
JD_11319918,2021-02-28,0,0,0,0,0,0,0
JD_11319914,2021-02-28,0,0,0,0,0,0,0
JD_11319912,2021-02-28,7,4,6,0,0,0,0
JD_11319910,2021-02-28,1,1,1,0,0,0,0
JD_11319909,2021-02-28,0,0,0,0,0,0,0
JD_11319908,2021-02-28,49,33,30,0,0,0,0
JD_11319907,2021-02-28,10,6,10,0,0,0,0
JD_11319906,2021-02-28,10,4,9,0,0,0,0
JD_11319904,2021-02-28,0,0,0,0,0,0,0
JD_11319903,2021-02-28,19,13,14,0,0,0,0
JD_11319901,2021-02-28,274,223,97,2,0,0,0
JD_11319899,2021-02-28,4,1,4,0,0,0,0
JD_11319898,2021-02-28,3,0,3,0,0,0,0
JD_11319894,2021-02-28,0,0,0,0,0,0,0
JD_11319892,2021-02-28,0,0,0,0,0,0,0
JD_11319889,2021-02-28,8,3,6,0,0,0,0
JD_11319887,2021-02-28,0,0,0,0,0,0,0
JD_11319879,2021-02-28,23,15,12,0,0,0,0
JD_11319878,2021-02-28,7,5,6,0,0,0,0
JD_11319877,2021-02-28,0,0,0,0,0,0,0
JD_11319876,2021-02-28,321,0,311,8,2,0,0
JD_11319869,2021-02-28,2,1,2,0,0,0,0
JD_11319866,2021-02-28,1,1,0,0,0,0,0
JD_11319865,2021-02-28,6,2,6,0,0,0,0
JD_11319864,2021-02-28,2,2,2,0,0,0,0
JD_11319863,2021-02-28,8,3,8,0,0,0,0
JD_11319862,2021-02-28,2,1,2,0,0,0,0
JD_11319860,2021-02-28,3,1,2,0,0,0,0
JD_11319857,2021-02-28,17,13,9,0,0,0,0
JD_11319855,2021-02-28,0,0,0,0,0,0,0
JD_11319854,2021-02-28,1,0,1,0,0,0,0
JD_11319852,2021-02-28,0,0,0,0,0,0,0
JD_11319851,2021-02-28,8,2,8,0,0,0,0
JD_11319844,2021-02-28,0,0,0,0,0,0,0
JD_11319841,2021-02-28,0,0,0,0,0,0,0
JD_11319837,2021-02-28,2,2,2,0,0,0,0
