JD_11495426,2021-02-28,21,9,21,0,0,0,0
JD_11495419,2021-02-28,40,23,26,0,0,0,0
JD_11495418,2021-02-28,132,2,124,6,2,0,0
JD_11495416,2021-02-28,14,1,13,1,0,0,0
JD_11495414,2021-02-28,18,14,9,0,0,0,0
JD_11495411,2021-02-28,48,36,18,0,1,0,0
JD_11495410,2021-02-28,0,0,0,0,0,0,0
JD_11495408,2021-02-28,4,1,3,0,0,0,0
JD_11495403,2021-02-28,3,1,2,0,0,0,0
JD_11495388,2021-02-28,6,4,5,0,0,0,0
JD_11495368,2021-02-28,1,1,1,0,0,0,0
JD_11495367,2021-02-28,3,2,1,0,0,0,0
JD_11495366,2021-02-28,0,0,0,0,0,0,0
JD_11495365,2021-02-28,1,0,1,0,0,0,0
JD_11495364,2021-02-28,4,2,2,0,0,0,0
JD_11495363,2021-02-28,2,1,1,0,0,0,0
JD_11495362,2021-02-28,1,1,1,0,0,0,0
JD_11495361,2021-02-28,4,1,4,0,0,0,0
JD_11495360,2021-02-28,1,1,0,0,0,0,0
JD_11495359,2021-02-28,4,3,2,0,0,0,0
JD_11495358,2021-02-28,3,2,3,0,0,0,0
JD_11495356,2021-02-28,2,2,1,0,0,0,0
JD_11495355,2021-02-28,0,0,0,0,0,0,0
JD_11495354,2021-02-28,627,509,178,0,0,0,2
JD_11495353,2021-02-28,0,0,0,0,0,0,0
JD_11495352,2021-02-28,9,7,7,0,0,0,0
JD_11495351,2021-02-28,3,3,1,0,0,0,0
JD_11495350,2021-02-28,0,0,0,0,0,0,0
JD_11495349,2021-02-28,0,0,0,0,0,0,0
JD_11495348,2021-02-28,0,0,0,0,0,0,0
JD_11495347,2021-02-28,147,115,119,3,0,0,0
JD_11495345,2021-02-28,8,4,6,0,0,0,0
JD_11495344,2021-02-28,27,22,13,0,0,0,0
JD_11495343,2021-02-28,0,0,0,0,0,0,0
JD_11495341,2021-02-28,32,22,21,0,0,0,0
JD_11495340,2021-02-28,1,0,1,0,0,0,0
JD_11495338,2021-02-28,22,16,12,0,0,0,0
JD_11495337,2021-02-28,4,0,4,0,0,0,0
JD_11495336,2021-02-28,21,8,19,0,0,0,0
JD_11495333,2021-02-28,3,3,1,0,0,0,0
JD_11495332,2021-02-28,6,3,5,0,0,0,0
JD_11495329,2021-02-28,17,9,11,0,0,0,1
JD_11495328,2021-02-28,0,0,0,0,0,0,0
JD_11495327,2021-02-28,1,1,0,0,0,0,0
JD_11495326,2021-02-28,4,4,4,0,0,0,0
JD_11495325,2021-02-28,2,2,2,0,0,0,0
JD_11495324,2021-02-28,27,3,23,0,1,0,0
JD_11495320,2021-02-28,0,0,0,0,0,0,0
JD_11495319,2021-02-28,3,1,3,0,0,0,0
JD_11495318,2021-02-28,0,0,0,0,0,0,0
JD_11495316,2021-02-28,2,1,1,0,0,0,0
JD_11495314,2021-02-28,1,1,1,0,0,0,0
JD_11495313,2021-02-28,0,0,0,0,0,0,0
JD_11495312,2021-02-28,6,3,5,0,0,0,0
JD_11495311,2021-02-28,30,27,13,0,0,0,0
JD_11495310,2021-02-28,236,158,145,1,0,0,0
JD_11495309,2021-02-28,0,0,0,0,0,0,0
JD_11495307,2021-02-28,0,0,0,0,0,0,0
JD_11495306,2021-02-28,0,0,0,0,0,0,0
JD_11495305,2021-02-28,0,0,0,0,0,0,0
JD_11495304,2021-02-28,0,0,0,0,0,0,0
JD_11495303,2021-02-28,0,0,0,0,0,0,0
JD_11495302,2021-02-28,0,0,0,0,0,0,0
JD_11495301,2021-02-28,0,0,0,0,0,0,0
JD_11495299,2021-02-28,0,0,0,0,0,0,0
JD_11495298,2021-02-28,0,0,0,0,0,0,0
JD_11495297,2021-02-28,0,0,0,0,0,0,0
JD_11495296,2021-02-28,0,0,0,0,0,0,0
JD_11495294,2021-02-28,0,0,0,0,0,0,0
JD_11495290,2021-02-28,181,125,95,3,1,0,0
