JD_12457177,2021-02-28,0,0,0,0,0,0,0
JD_12457176,2021-02-28,55,49,23,0,0,0,0
JD_12457175,2021-02-28,0,0,0,0,0,0,0
JD_12457168,2021-02-28,2,1,0,1,0,0,0
JD_12457167,2021-02-28,1,1,0,0,0,0,0
JD_12457166,2021-02-28,0,0,0,0,0,0,0
JD_12457165,2021-02-28,252,221,73,2,0,2,0
JD_12457163,2021-02-28,14,14,0,0,0,0,0
JD_12457161,2021-02-28,7,7,0,0,0,0,0
JD_12457159,2021-02-28,19,16,6,0,0,0,0
JD_12457156,2021-02-28,61,52,18,0,0,0,1
JD_12457155,2021-02-28,5,5,0,0,0,0,0
JD_12457154,2021-02-28,0,0,0,0,0,0,0
JD_12456431,2021-02-28,110,102,16,0,0,0,0
JD_12456429,2021-02-28,75,55,36,0,0,0,0
JD_12456428,2021-02-28,61,51,13,0,0,1,0
JD_12456427,2021-02-28,1043,873,204,3,0,7,5
JD_12456424,2021-02-28,0,0,0,0,0,0,0
JD_12456423,2021-02-28,698,522,250,2,1,1,6
JD_12456422,2021-02-28,8,6,3,0,0,0,0
JD_12456421,2021-02-28,89,70,70,0,0,0,0
JD_12456420,2021-02-28,1,1,1,0,0,0,0
JD_12456417,2021-02-28,72,63,21,0,0,0,0
JD_12456416,2021-02-28,265,210,60,1,0,1,1
JD_12456413,2021-02-28,0,0,0,0,0,0,0
JD_12456412,2021-02-28,313,231,150,0,0,0,1
JD_12456409,2021-02-28,2,2,0,0,0,0,0
JD_12456408,2021-02-28,1,1,0,0,0,0,0
JD_12456407,2021-02-28,25,22,3,0,0,0,0
JD_12456406,2021-02-28,18,13,7,0,0,0,0
JD_12456405,2021-02-28,58,54,19,0,0,0,0
JD_12456404,2021-02-28,8,6,3,0,0,0,0
JD_12456400,2021-02-28,2588,2201,1669,1,2,4,3
JD_12456399,2021-02-28,462,376,91,2,0,0,0
JD_12456398,2021-02-28,175,141,78,2,0,0,0
JD_12455137,2021-02-28,37,32,5,0,0,0,0
JD_12455136,2021-02-28,41,37,6,0,0,0,0
JD_12455135,2021-02-28,0,0,0,0,0,0,0
JD_12455134,2021-02-28,12,9,4,0,0,0,0
JD_12455133,2021-02-28,3,1,3,0,0,0,0
JD_12455132,2021-02-28,108,85,29,1,0,0,0
JD_12455131,2021-02-28,31,26,11,0,0,0,0
JD_12455129,2021-02-28,8,7,1,0,0,0,0
JD_12455128,2021-02-28,80,64,40,1,1,0,1
JD_12455127,2021-02-28,5,5,0,0,0,0,0
JD_12455126,2021-02-28,24,21,3,0,0,0,0
JD_12455125,2021-02-28,84,77,9,0,0,0,0
JD_12455124,2021-02-28,1,1,0,0,0,0,0
JD_12455123,2021-02-28,85,70,20,0,0,0,0
JD_12455122,2021-02-28,23,18,17,0,0,0,0
JD_12455121,2021-02-28,1,1,0,0,0,0,0
JD_12455120,2021-02-28,6,6,0,0,0,0,0
JD_12455119,2021-02-28,8,6,2,0,0,0,0
JD_12455118,2021-02-28,645,564,96,0,0,1,0
JD_12455117,2021-02-28,37,31,20,0,0,0,0
JD_12455116,2021-02-28,12,8,6,0,0,0,0
JD_12455115,2021-02-28,5,5,2,0,0,0,0
JD_12455114,2021-02-28,6,4,2,0,0,0,0
JD_12455113,2021-02-28,0,0,0,0,0,0,0
JD_12455112,2021-02-28,5,3,3,0,0,0,0
JD_12455111,2021-02-28,5,3,3,0,0,0,0
JD_12455110,2021-02-28,71,48,26,0,0,0,1
JD_12455109,2021-02-28,17,14,7,0,0,0,0
JD_12455108,2021-02-28,57,54,16,0,0,0,0
JD_12455107,2021-02-28,248,199,55,1,0,0,1
JD_12455106,2021-02-28,30,23,12,0,0,0,0
JD_12455105,2021-02-28,5,5,2,0,0,0,0
JD_12455104,2021-02-28,92,78,14,1,0,0,1
JD_12455103,2021-02-28,12,12,0,0,0,0,0
JD_12455102,2021-02-28,5,4,1,0,0,0,0
