JD_11563618,2021-02-28,4,2,2,0,0,0,0
JD_11563617,2021-02-28,79,13,78,0,0,0,0
JD_11563616,2021-02-28,17,0,17,0,0,0,0
JD_11563614,2021-02-28,55,2,54,1,0,0,0
JD_11563613,2021-02-28,15,0,15,0,0,0,0
JD_11563612,2021-02-28,0,0,0,0,0,0,0
JD_11563611,2021-02-28,1,0,1,0,0,0,0
JD_11563609,2021-02-28,0,0,0,0,0,0,0
JD_11563608,2021-02-28,0,0,0,0,0,0,0
JD_11563607,2021-02-28,10,0,10,0,0,0,0
JD_11563605,2021-02-28,0,0,0,0,0,0,0
JD_11563604,2021-02-28,0,0,0,0,0,0,0
JD_11563603,2021-02-28,0,0,0,0,0,0,0
JD_11563602,2021-02-28,0,0,0,0,0,0,0
JD_11563601,2021-02-28,1,1,1,0,0,0,0
JD_11563600,2021-02-28,0,0,0,0,0,0,0
JD_11563599,2021-02-28,0,0,0,0,0,0,0
JD_11563598,2021-02-28,0,0,0,0,0,0,0
JD_11563597,2021-02-28,1,1,1,0,0,0,0
JD_11563594,2021-02-28,0,0,0,0,0,0,0
JD_11563585,2021-02-28,5799,4322,4285,9,8,6,10
JD_11563584,2021-02-28,3588,2615,1894,12,11,4,6
JD_11563583,2021-02-28,81,53,42,1,0,0,0
JD_11563581,2021-02-28,8,6,7,0,0,0,0
JD_11563580,2021-02-28,34,12,30,0,0,0,0
JD_11563579,2021-02-28,33,26,18,0,0,0,0
JD_11563578,2021-02-28,7,6,2,0,0,0,0
JD_11563577,2021-02-28,14,12,5,0,0,0,0
JD_11563576,2021-02-28,46,32,37,0,0,0,0
JD_11563575,2021-02-28,18,13,16,0,0,0,0
JD_11563574,2021-02-28,11,9,6,0,0,0,0
JD_11563573,2021-02-28,8,4,5,0,0,0,0
JD_11563572,2021-02-28,10,6,5,0,0,0,0
JD_11563571,2021-02-28,31,8,31,0,0,0,0
JD_11563570,2021-02-28,1,1,0,0,0,0,0
JD_11563569,2021-02-28,1,0,1,0,0,0,0
JD_11563568,2021-02-28,3,1,2,0,1,0,0
JD_11563566,2021-02-28,2,2,1,0,0,0,0
JD_11563565,2021-02-28,15,9,6,0,3,0,0
JD_11563564,2021-02-28,0,0,0,0,0,0,0
JD_11563258,2021-02-28,209,60,186,5,1,0,0
JD_11563257,2021-02-28,6,6,4,0,0,0,0
JD_11563256,2021-02-28,191,104,176,0,0,0,2
JD_11563255,2021-02-28,1852,1078,1064,21,4,0,3
JD_11563254,2021-02-28,54578,34688,38399,182,94,26,95
JD_11563253,2021-02-28,317,96,297,8,1,0,0
JD_11563251,2021-02-28,433,348,187,0,0,0,0
JD_11563250,2021-02-28,30,20,15,0,1,0,0
JD_11563249,2021-02-28,161,126,63,1,0,0,0
JD_11563248,2021-02-28,22,5,20,2,0,0,0
JD_11563247,2021-02-28,906,662,588,1,2,0,1
JD_11563244,2021-02-28,139,28,133,3,0,0,0
JD_11563242,2021-02-28,35,28,26,0,0,0,0
JD_11563241,2021-02-28,46,29,40,1,0,0,0
JD_11563233,2021-02-28,0,0,0,0,0,0,0
JD_11563232,2021-02-28,78,6,73,2,2,0,0
JD_11563230,2021-02-28,1,1,1,0,0,0,0
JD_11563227,2021-02-28,12,9,7,0,0,0,0
JD_11563226,2021-02-28,30,21,27,0,0,0,0
JD_11563219,2021-02-28,0,0,0,0,0,0,0
JD_11563218,2021-02-28,1,0,1,0,0,0,0
JD_11563215,2021-02-28,0,0,0,0,0,0,0
JD_11563214,2021-02-28,357,46,334,12,6,0,0
JD_11563213,2021-02-28,105,47,98,3,1,0,0
JD_11563212,2021-02-28,31,18,22,0,0,0,1
JD_11563211,2021-02-28,33,19,23,0,0,0,1
JD_11563210,2021-02-28,541,321,354,5,5,1,2
JD_11563206,2021-02-28,188,104,156,0,0,0,0
JD_11563205,2021-02-28,5,2,4,0,0,0,0
JD_11563204,2021-02-28,12,10,6,0,0,0,0
