JD_11507430,2021-02-28,3,3,3,0,0,0,0
JD_11507429,2021-02-28,109,62,70,2,0,0,0
JD_11507428,2021-02-28,560,381,306,4,3,0,1
JD_11507427,2021-02-28,441,312,231,1,2,0,2
JD_11507426,2021-02-28,2,1,2,0,0,0,0
JD_11507425,2021-02-28,2,1,2,0,0,0,0
JD_11507424,2021-02-28,37,9,28,0,0,0,0
JD_11507423,2021-02-28,64,12,51,0,1,0,0
JD_11507421,2021-02-28,583,313,461,4,0,2,3
JD_11507420,2021-02-28,1,1,0,0,0,0,0
JD_11507419,2021-02-28,13,5,11,1,1,0,0
JD_11507418,2021-02-28,4,2,2,0,0,0,0
JD_11507417,2021-02-28,22,11,17,0,0,0,0
JD_11507414,2021-02-28,17,4,12,0,1,0,0
JD_11507413,2021-02-28,21,5,13,3,0,0,0
JD_11507412,2021-02-28,25,12,21,2,0,0,0
JD_11507409,2021-02-28,78,31,55,1,0,0,0
JD_11507408,2021-02-28,84,58,49,0,0,0,0
JD_11507407,2021-02-28,136,66,93,0,0,0,4
JD_11507405,2021-02-28,0,0,0,0,0,0,0
JD_11507404,2021-02-28,60,37,46,0,0,0,0
JD_11507403,2021-02-28,38,11,34,0,0,0,0
JD_11507402,2021-02-28,109,1,108,1,0,0,0
JD_11507401,2021-02-28,11,9,10,0,0,0,0
JD_11507400,2021-02-28,14,7,12,0,0,0,0
JD_11507399,2021-02-28,63,23,58,0,0,0,1
JD_11507396,2021-02-28,271,9,269,2,0,0,0
JD_11507392,2021-02-28,20,14,15,1,0,0,0
JD_11507391,2021-02-28,14,7,14,0,0,0,0
JD_11507390,2021-02-28,15,6,14,0,0,0,0
JD_11507389,2021-02-28,6,3,5,0,0,0,0
JD_11507388,2021-02-28,13,9,9,0,0,0,0
JD_11507387,2021-02-28,7,3,4,0,0,0,0
JD_11507386,2021-02-28,23,14,23,0,0,0,0
JD_11507385,2021-02-28,11,6,10,1,0,0,0
JD_11507384,2021-02-28,17,12,16,0,0,0,0
JD_11507383,2021-02-28,19,10,19,0,0,0,0
JD_11507382,2021-02-28,1132,1,1110,13,8,0,7
JD_11507380,2021-02-28,106,67,75,0,0,0,0
JD_11507379,2021-02-28,20,9,20,0,0,0,0
JD_11507377,2021-02-28,427,299,272,4,0,0,1
JD_11507376,2021-02-28,535,318,493,3,0,0,0
JD_11507374,2021-02-28,46,24,30,1,0,0,0
JD_11507373,2021-02-28,78,40,62,0,0,0,0
JD_11507372,2021-02-28,36,25,21,1,0,0,0
JD_11507370,2021-02-28,2,2,1,0,0,0,0
JD_11507369,2021-02-28,20,6,15,0,0,0,0
JD_11507368,2021-02-28,112,16,104,2,0,0,0
JD_11507366,2021-02-28,16,11,6,1,0,0,0
JD_11507364,2021-02-28,4,2,2,0,0,0,0
JD_11507363,2021-02-28,106,72,70,0,0,0,0
JD_11507362,2021-02-28,10,5,8,1,0,0,0
JD_11507361,2021-02-28,53,40,25,0,1,0,0
JD_11507360,2021-02-28,44,29,28,0,0,0,0
JD_11507359,2021-02-28,66,31,46,1,1,0,0
JD_11507357,2021-02-28,51,28,34,0,0,0,0
JD_11507356,2021-02-28,12,7,7,0,0,0,0
JD_11507355,2021-02-28,5,4,5,0,0,0,0
JD_11507354,2021-02-28,5,2,4,0,0,0,0
JD_11507353,2021-02-28,0,0,0,0,0,0,0
JD_11507352,2021-02-28,24,15,8,1,0,0,0
JD_11507351,2021-02-28,63,46,32,1,0,0,0
JD_11507348,2021-02-28,9,5,9,0,0,0,0
JD_11507347,2021-02-28,9,6,7,0,0,0,0
JD_11507346,2021-02-28,118,30,104,1,1,0,0
JD_11507342,2021-02-28,123,91,70,0,0,0,0
JD_11507341,2021-02-28,31,22,14,1,0,0,0
JD_11507340,2021-02-28,52,31,34,0,0,0,0
JD_11507339,2021-02-28,114,77,76,1,0,0,0
JD_11507338,2021-02-28,1410,955,897,3,1,0,5
