JD_11316264,2021-02-28,30,11,18,2,0,0,0
JD_11316263,2021-02-28,7,3,5,0,1,0,0
JD_11316262,2021-02-28,2,2,1,0,0,0,0
JD_11316261,2021-02-28,45,16,41,2,0,0,0
JD_11316260,2021-02-28,23,14,15,0,0,0,0
JD_11316259,2021-02-28,11,4,7,0,1,0,0
JD_11316258,2021-02-28,301,8,298,3,0,0,0
JD_11316257,2021-02-28,914,502,566,9,0,0,3
JD_11316256,2021-02-28,145,0,140,5,0,0,0
JD_11316254,2021-02-28,89,2,87,1,1,0,0
JD_11316253,2021-02-28,46,0,44,2,0,0,0
JD_11316252,2021-02-28,40,32,15,1,0,0,0
JD_11316251,2021-02-28,6128,3585,4487,31,24,2,7
JD_11316250,2021-02-28,5921,3159,4397,60,21,3,8
JD_11316247,2021-02-28,36,0,36,0,0,0,0
JD_11316246,2021-02-28,28,3,26,1,1,0,0
JD_11316245,2021-02-28,583,337,320,6,2,0,1
JD_11316244,2021-02-28,34,18,20,1,0,0,0
JD_11316239,2021-02-28,9,6,3,0,0,0,0
JD_11316237,2021-02-28,49,6,45,3,0,0,0
JD_11316235,2021-02-28,4,3,3,0,0,0,0
JD_11316234,2021-02-28,77,50,38,0,0,0,1
JD_11316232,2021-02-28,1,1,1,0,0,0,0
JD_11316229,2021-02-28,19,0,19,0,0,0,0
JD_11316224,2021-02-28,36,26,14,1,1,0,0
JD_11316223,2021-02-28,5,1,5,0,0,0,0
JD_11316222,2021-02-28,19,1,17,1,1,0,0
JD_11316219,2021-02-28,7,7,3,0,0,0,0
JD_11316217,2021-02-28,6,6,0,0,0,0,0
JD_11316214,2021-02-28,12,1,11,1,0,0,0
JD_11316210,2021-02-28,4,3,1,0,0,0,0
JD_11316209,2021-02-28,20,10,19,0,0,0,0
JD_11316204,2021-02-28,0,0,0,0,0,0,0
JD_11316203,2021-02-28,0,0,0,0,0,0,0
JD_11316202,2021-02-28,3,1,2,0,1,0,0
JD_11316201,2021-02-28,7,1,7,0,0,0,0
JD_11316199,2021-02-28,2,1,1,0,0,0,0
JD_11316198,2021-02-28,3,2,2,0,0,0,0
JD_11316192,2021-02-28,159,0,146,10,3,0,0
JD_11316191,2021-02-28,7,2,6,0,0,0,0
JD_11316190,2021-02-28,123,56,110,0,0,0,0
JD_11316189,2021-02-28,56,31,37,0,0,0,0
JD_11316187,2021-02-28,38,26,18,0,0,0,0
JD_11316186,2021-02-28,15,8,8,0,0,1,0
JD_11316185,2021-02-28,21,16,8,0,0,0,0
JD_11316184,2021-02-28,91,43,89,1,1,0,1
JD_11316183,2021-02-28,158,82,91,1,1,0,0
JD_11316182,2021-02-28,20,7,20,0,0,0,0
JD_11316181,2021-02-28,18,10,16,0,0,0,0
JD_11316180,2021-02-28,2,1,2,0,0,0,0
JD_11316179,2021-02-28,75,45,51,1,0,0,0
JD_11316177,2021-02-28,5,4,2,0,0,0,1
JD_11316176,2021-02-28,3,1,2,0,0,0,0
JD_11316175,2021-02-28,38,24,33,0,0,0,0
JD_11316174,2021-02-28,5,2,4,0,0,0,1
JD_11316173,2021-02-28,6,5,3,0,0,0,0
JD_11316172,2021-02-28,199,127,126,0,0,0,0
JD_11316171,2021-02-28,76,55,40,0,1,0,0
JD_11316170,2021-02-28,20,11,15,0,0,0,0
JD_11316169,2021-02-28,12,6,11,0,0,0,0
JD_11316168,2021-02-28,161,74,156,1,1,0,0
JD_11316167,2021-02-28,267,120,263,2,1,0,1
JD_11316166,2021-02-28,185,104,117,1,3,0,0
JD_11316165,2021-02-28,79,62,38,3,0,0,0
JD_11316164,2021-02-28,603,480,277,2,1,0,0
JD_11316163,2021-02-28,63,6,63,0,0,0,0
JD_11316162,2021-02-28,4,3,2,0,1,0,0
JD_11316161,2021-02-28,415,168,414,1,0,0,0
JD_11316160,2021-02-28,4,3,4,0,0,0,0
JD_11316157,2021-02-28,27,9,26,0,0,0,0
