JD_11306487,2021-02-28,4,3,1,0,0,0,0
JD_11306486,2021-02-28,4,3,1,0,0,0,0
JD_11306485,2021-02-28,4,2,2,0,0,0,0
JD_11306483,2021-02-28,8,0,8,0,0,0,0
JD_11306482,2021-02-28,5,0,4,0,1,0,0
JD_11306481,2021-02-28,9,5,9,0,0,0,0
JD_11306480,2021-02-28,12,5,9,1,0,0,0
JD_11306479,2021-02-28,5,4,5,0,0,0,0
JD_11306478,2021-02-28,6,3,6,0,0,0,0
JD_11306477,2021-02-28,31,12,22,1,1,0,0
JD_11306476,2021-02-28,13,0,12,1,0,0,0
JD_11306473,2021-02-28,34,5,32,2,0,0,0
JD_11306472,2021-02-28,33,12,33,0,0,0,0
JD_11306471,2021-02-28,26,10,26,0,0,0,0
JD_11306470,2021-02-28,5,4,3,0,0,0,0
JD_11306469,2021-02-28,23,9,20,3,0,0,0
JD_11306468,2021-02-28,52,26,39,1,0,0,0
JD_11306467,2021-02-28,12,6,6,1,0,0,0
JD_11306466,2021-02-28,16,9,16,0,0,0,0
JD_11306465,2021-02-28,14,10,6,0,0,0,0
JD_11306464,2021-02-28,35,15,21,0,1,0,0
JD_11306463,2021-02-28,104,63,38,1,2,0,0
JD_11306462,2021-02-28,31,5,29,1,0,0,0
JD_11306461,2021-02-28,5,3,2,0,0,0,0
JD_11306460,2021-02-28,30,16,28,0,0,0,0
JD_11306459,2021-02-28,3,3,1,0,0,0,0
JD_11306458,2021-02-28,0,0,0,0,0,0,0
JD_11306457,2021-02-28,1,1,0,0,0,0,0
JD_11306456,2021-02-28,5,1,4,0,0,0,0
JD_11306455,2021-02-28,19,10,13,0,0,0,0
JD_11306454,2021-02-28,54,28,54,0,0,0,0
JD_11306453,2021-02-28,1,1,0,0,0,0,0
JD_11306452,2021-02-28,6,6,2,0,0,0,0
JD_11306449,2021-02-28,5,3,4,0,0,0,0
JD_11306448,2021-02-28,9,7,7,0,0,0,0
JD_11306447,2021-02-28,2,2,2,0,0,0,0
JD_11306446,2021-02-28,0,0,0,0,0,0,0
JD_11306445,2021-02-28,3,3,1,0,0,0,0
JD_11306444,2021-02-28,12,6,6,0,0,0,0
JD_11306443,2021-02-28,2,2,0,0,0,0,0
JD_11306442,2021-02-28,12,8,10,0,0,0,1
JD_11306441,2021-02-28,5,4,2,0,0,0,0
JD_11306440,2021-02-28,1,1,0,0,0,0,0
JD_11306439,2021-02-28,2,1,2,0,0,0,0
JD_11306434,2021-02-28,4,1,3,0,0,0,0
JD_11306432,2021-02-28,237,163,140,2,0,0,0
JD_11306431,2021-02-28,271,185,175,3,3,0,0
JD_11306430,2021-02-28,174,13,163,10,1,0,0
JD_11306429,2021-02-28,1,1,0,0,0,0,0
JD_11306428,2021-02-28,386,299,193,0,0,0,0
JD_11306427,2021-02-28,53,32,31,0,0,0,0
JD_11306426,2021-02-28,213,120,167,3,0,0,1
JD_11306424,2021-02-28,114,0,107,5,2,0,0
JD_11306422,2021-02-28,30,20,18,0,0,0,0
JD_11306420,2021-02-28,0,0,0,0,0,0,0
JD_11306419,2021-02-28,3,2,2,0,0,0,0
JD_11306418,2021-02-28,6,4,2,1,0,0,0
JD_11306414,2021-02-28,10,0,8,2,0,0,0
JD_11306413,2021-02-28,7,1,7,0,0,0,0
JD_11306411,2021-02-28,4,3,3,0,0,0,0
JD_11306410,2021-02-28,11,7,8,0,0,0,0
JD_11306409,2021-02-28,4,0,4,0,0,0,0
JD_11306408,2021-02-28,15,0,13,1,1,0,0
JD_11306406,2021-02-28,28,5,27,1,0,0,0
JD_11306404,2021-02-28,8,5,5,0,0,0,0
JD_11306403,2021-02-28,3,2,2,0,0,0,0
JD_11306402,2021-02-28,2,0,1,1,0,0,0
JD_11306400,2021-02-28,12,7,6,0,0,0,0
JD_11306398,2021-02-28,4,3,4,0,0,0,0
JD_11306397,2021-02-28,538,381,390,1,2,0,0
