JD_11467348,2021-02-28,2,2,1,0,0,0,0
JD_11467347,2021-02-28,119,81,77,1,0,0,0
JD_11467344,2021-02-28,0,0,0,0,0,0,0
JD_11467343,2021-02-28,13,8,10,0,0,0,0
JD_11467341,2021-02-28,10,9,1,0,0,0,0
JD_11467335,2021-02-28,0,0,0,0,0,0,0
JD_11467333,2021-02-28,0,0,0,0,0,0,0
JD_11467331,2021-02-28,33,19,28,0,0,0,0
JD_11467330,2021-02-28,10,3,9,0,0,0,0
JD_11467329,2021-02-28,0,0,0,0,0,0,0
JD_11467326,2021-02-28,411,284,231,0,0,0,0
JD_11467325,2021-02-28,14,11,8,0,0,0,0
JD_11467324,2021-02-28,77,56,51,1,0,0,0
JD_11467323,2021-02-28,0,0,0,0,0,0,0
JD_11467322,2021-02-28,17,12,9,1,0,0,0
JD_11467321,2021-02-28,32,29,29,0,0,0,0
JD_11467320,2021-02-28,172,68,169,3,0,0,0
JD_11467319,2021-02-28,0,0,0,0,0,0,0
JD_11467318,2021-02-28,11,2,10,0,0,0,0
JD_11467316,2021-02-28,1,1,1,0,0,0,0
JD_11467315,2021-02-28,16,11,8,0,1,0,0
JD_11467314,2021-02-28,81,61,40,0,0,0,0
JD_11467313,2021-02-28,8,6,3,0,0,0,0
JD_11467312,2021-02-28,46,18,45,0,0,0,0
JD_11467311,2021-02-28,24,21,12,0,0,0,0
JD_11467310,2021-02-28,36,30,16,0,0,0,0
JD_11467309,2021-02-28,14,10,6,0,0,0,0
JD_11467308,2021-02-28,41,28,21,1,0,0,0
JD_11467307,2021-02-28,42,31,27,0,0,0,0
JD_11467306,2021-02-28,27,7,24,0,0,0,0
JD_11467305,2021-02-28,3,1,3,0,0,0,0
JD_11467304,2021-02-28,33,10,27,1,0,0,0
JD_11467303,2021-02-28,14,10,7,0,0,0,0
JD_11467302,2021-02-28,2,2,0,0,0,0,0
JD_11467301,2021-02-28,25,19,17,0,0,0,0
JD_11467300,2021-02-28,39,18,35,0,1,0,0
JD_11467299,2021-02-28,31,20,16,0,0,0,0
JD_11467298,2021-02-28,28,6,26,0,1,0,0
JD_11467297,2021-02-28,28,8,27,0,0,0,0
JD_11467296,2021-02-28,48,26,38,0,0,0,0
JD_11467295,2021-02-28,18,12,14,0,0,0,0
JD_11467294,2021-02-28,529,395,293,3,0,0,1
JD_11467293,2021-02-28,41,7,37,2,1,0,0
JD_11467292,2021-02-28,289,54,283,4,2,0,1
JD_11467290,2021-02-28,217,68,209,4,2,0,1
JD_11467289,2021-02-28,120,92,82,0,0,0,0
JD_11467288,2021-02-28,36,11,35,0,1,0,0
JD_11467287,2021-02-28,55,31,33,1,2,0,0
JD_11467286,2021-02-28,3,2,3,0,0,0,0
JD_11467283,2021-02-28,3,0,3,0,0,0,0
JD_11467281,2021-02-28,36,22,26,0,0,0,0
JD_11467280,2021-02-28,19,8,18,0,0,0,0
JD_11467279,2021-02-28,1,0,1,0,0,0,0
JD_11467278,2021-02-28,7,6,5,0,0,0,0
JD_11467276,2021-02-28,19,15,11,0,0,0,0
JD_11467274,2021-02-28,14824,1586,14603,139,79,2,27
JD_11467273,2021-02-28,4,4,2,0,0,0,0
JD_11467272,2021-02-28,124,0,121,3,0,0,0
JD_11467271,2021-02-28,133,5,128,2,0,0,0
JD_11467270,2021-02-28,298,27,289,7,2,0,0
JD_11467269,2021-02-28,13,6,8,1,0,0,0
JD_11467268,2021-02-28,559,184,454,6,2,0,1
JD_11467267,2021-02-28,195,34,173,4,1,0,0
JD_11467266,2021-02-28,626,11,608,9,9,0,0
JD_11467265,2021-02-28,31641,8082,28101,467,197,10,20
JD_11467263,2021-02-28,235,175,129,1,1,0,0
JD_11467262,2021-02-28,585,400,323,0,4,1,2
JD_11467261,2021-02-28,34,22,31,1,0,0,0
JD_11467260,2021-02-28,16,10,10,0,0,0,0
JD_11467259,2021-02-28,18,9,12,1,0,0,0
