JD_11343648,2021-02-28,6,2,6,0,0,0,0
JD_11343647,2021-02-28,54,12,54,0,0,0,0
JD_11343646,2021-02-28,1,1,1,0,0,0,0
JD_11343645,2021-02-28,807,368,644,16,7,0,2
JD_11343644,2021-02-28,88,15,86,2,0,0,0
JD_11343643,2021-02-28,306,174,242,7,4,0,1
JD_11343642,2021-02-28,178,30,143,3,9,0,2
JD_11343640,2021-02-28,250,104,209,5,2,0,1
JD_11343639,2021-02-28,310,96,236,10,14,0,1
JD_11343635,2021-02-28,5,4,1,0,0,0,0
JD_11343634,2021-02-28,56,19,49,3,1,0,0
JD_11343633,2021-02-28,2,2,2,0,0,0,0
JD_11343632,2021-02-28,30,15,22,0,0,0,1
JD_11343631,2021-02-28,9,1,6,1,1,0,0
JD_11343630,2021-02-28,1697,1085,987,6,7,1,3
JD_11343628,2021-02-28,16,1,16,0,0,0,0
JD_11343627,2021-02-28,323,151,295,5,1,0,1
JD_11343626,2021-02-28,1019,653,657,6,4,0,3
JD_11343623,2021-02-28,12,2,11,0,0,0,1
JD_11343622,2021-02-28,16,4,15,0,0,0,0
JD_11343621,2021-02-28,2,0,2,0,0,0,0
JD_11343620,2021-02-28,241,172,161,3,0,0,2
JD_11343619,2021-02-28,170,18,163,4,2,0,0
JD_11343618,2021-02-28,14,9,6,0,0,0,0
JD_11343617,2021-02-28,6,2,4,0,0,0,0
JD_11343615,2021-02-28,0,0,0,0,0,0,0
JD_11343614,2021-02-28,65,31,49,0,0,0,0
JD_11343613,2021-02-28,20,11,12,0,0,0,0
JD_11343611,2021-02-28,1,1,1,0,0,0,0
JD_11343609,2021-02-28,3,2,2,0,0,0,0
JD_11343608,2021-02-28,5,3,3,0,0,0,0
JD_11343607,2021-02-28,11,6,9,0,0,0,0
JD_11343606,2021-02-28,10,8,8,0,0,0,0
JD_11343604,2021-02-28,1,1,1,0,0,0,0
JD_11343602,2021-02-28,68,55,25,0,0,0,0
JD_11343601,2021-02-28,11,5,8,0,0,0,0
JD_11343597,2021-02-28,700,279,503,3,2,0,0
JD_11343596,2021-02-28,621,256,447,5,2,0,0
JD_11343595,2021-02-28,536,233,394,4,2,0,0
JD_11343594,2021-02-28,0,0,0,0,0,0,0
JD_11343593,2021-02-28,0,0,0,0,0,0,0
JD_11343588,2021-02-28,110,9,106,1,3,0,0
JD_11343585,2021-02-28,1,0,1,0,0,0,0
JD_11343584,2021-02-28,1,1,0,0,0,0,0
JD_11343583,2021-02-28,4,4,4,0,0,0,0
JD_11343582,2021-02-28,8,4,7,0,0,0,0
JD_11343581,2021-02-28,9,8,7,0,0,0,0
JD_11343580,2021-02-28,4,3,3,0,0,0,0
JD_11343577,2021-02-28,11,10,10,0,0,0,0
JD_11343576,2021-02-28,5,2,4,0,0,0,0
JD_11343575,2021-02-28,2,1,1,0,0,0,0
JD_11343574,2021-02-28,4,2,2,1,0,0,0
JD_11343573,2021-02-28,1,0,1,0,0,0,0
JD_11343572,2021-02-28,2,2,0,0,0,0,0
JD_11343571,2021-02-28,0,0,0,0,0,0,0
JD_11343570,2021-02-28,4,3,4,0,0,0,0
JD_11343569,2021-02-28,4,2,2,0,0,0,0
JD_11343567,2021-02-28,1,1,1,0,0,0,0
JD_11343566,2021-02-28,11,1,11,0,0,0,0
JD_11343565,2021-02-28,4,2,3,0,0,0,0
JD_11343564,2021-02-28,3,1,2,0,0,0,0
JD_11343563,2021-02-28,2,1,1,0,0,0,0
JD_11343562,2021-02-28,4,3,4,0,0,0,0
JD_11343561,2021-02-28,3,2,3,0,0,0,0
JD_11343560,2021-02-28,10,8,2,0,0,0,0
JD_11343559,2021-02-28,3,1,2,0,0,0,0
JD_11343557,2021-02-28,7,0,7,0,0,0,0
JD_11343555,2021-02-28,3,0,3,0,0,0,0
JD_11343553,2021-02-28,2,0,2,0,0,0,0
JD_11343552,2021-02-28,4,0,3,1,0,0,0
