JD_11341371,2021-02-28,6,2,6,0,0,0,0
JD_11341370,2021-02-28,33,20,22,0,0,0,0
JD_11341366,2021-02-28,0,0,0,0,0,0,0
JD_11341365,2021-02-28,2,0,2,0,0,0,0
JD_11341364,2021-02-28,0,0,0,0,0,0,0
JD_11341361,2021-02-28,0,0,0,0,0,0,0
JD_11341360,2021-02-28,0,0,0,0,0,0,0
JD_11341358,2021-02-28,0,0,0,0,0,0,0
JD_11341357,2021-02-28,0,0,0,0,0,0,0
JD_11341356,2021-02-28,4,3,3,0,0,0,0
JD_11341355,2021-02-28,3,3,0,0,0,0,0
JD_11341354,2021-02-28,650,520,286,7,0,0,2
JD_11341353,2021-02-28,0,0,0,0,0,0,0
JD_11341351,2021-02-28,0,0,0,0,0,0,0
JD_11341349,2021-02-28,13,6,7,0,0,0,0
JD_11341348,2021-02-28,10,2,8,1,1,0,0
JD_11341347,2021-02-28,5,4,1,0,0,0,0
JD_11341345,2021-02-28,0,0,0,0,0,0,0
JD_11341344,2021-02-28,0,0,0,0,0,0,0
JD_11341343,2021-02-28,0,0,0,0,0,0,0
JD_11341340,2021-02-28,0,0,0,0,0,0,0
JD_11341339,2021-02-28,2,2,0,0,0,0,0
JD_11341338,2021-02-28,1,1,0,0,0,0,0
JD_11341337,2021-02-28,0,0,0,0,0,0,0
JD_11341336,2021-02-28,5,4,4,0,0,0,0
JD_11341335,2021-02-28,1,0,1,0,0,0,0
JD_11341334,2021-02-28,2,2,2,0,0,0,0
JD_11341332,2021-02-28,0,0,0,0,0,0,0
JD_11341330,2021-02-28,0,0,0,0,0,0,0
JD_11341328,2021-02-28,0,0,0,0,0,0,0
JD_11341327,2021-02-28,0,0,0,0,0,0,0
JD_11341326,2021-02-28,2,1,1,0,0,0,0
JD_11341325,2021-02-28,0,0,0,0,0,0,0
JD_11341324,2021-02-28,2,0,2,0,0,0,0
JD_11341323,2021-02-28,0,0,0,0,0,0,0
JD_11341319,2021-02-28,1,0,1,0,0,0,0
JD_11341318,2021-02-28,32,0,29,2,1,0,0
JD_11341317,2021-02-28,13,11,13,0,0,0,0
JD_11341316,2021-02-28,63,46,46,0,0,0,0
JD_11341315,2021-02-28,22,12,12,0,0,0,0
JD_11341314,2021-02-28,0,0,0,0,0,0,0
JD_11341313,2021-02-28,1,1,1,0,0,0,0
JD_11341312,2021-02-28,2,2,0,0,0,0,0
JD_11341311,2021-02-28,4,1,3,0,0,0,0
JD_11341310,2021-02-28,15,8,11,0,0,0,0
JD_11341309,2021-02-28,52,40,24,0,0,1,0
JD_11341307,2021-02-28,2,2,1,0,0,0,0
JD_11341302,2021-02-28,56,45,23,0,0,0,0
JD_11341299,2021-02-28,0,0,0,0,0,0,0
JD_11341298,2021-02-28,0,0,0,0,0,0,0
JD_11341297,2021-02-28,0,0,0,0,0,0,0
JD_11341296,2021-02-28,0,0,0,0,0,0,0
JD_11341295,2021-02-28,0,0,0,0,0,0,0
JD_11341294,2021-02-28,0,0,0,0,0,0,0
JD_11341293,2021-02-28,0,0,0,0,0,0,0
JD_11341287,2021-02-28,1,1,0,0,0,0,0
JD_11341286,2021-02-28,0,0,0,0,0,0,0
JD_11341280,2021-02-28,1,1,0,0,0,0,0
JD_11341278,2021-02-28,2,0,2,0,0,0,0
JD_11341275,2021-02-28,1173,433,1093,9,4,1,0
JD_11341274,2021-02-28,4,3,2,0,0,0,0
JD_11341272,2021-02-28,3,2,3,0,0,0,0
JD_11341271,2021-02-28,26,18,16,0,0,0,0
JD_11341269,2021-02-28,2,0,2,0,0,0,0
JD_11341266,2021-02-28,0,0,0,0,0,0,0
JD_11341265,2021-02-28,0,0,0,0,0,0,0
JD_11341264,2021-02-28,0,0,0,0,0,0,0
JD_11341261,2021-02-28,0,0,0,0,0,0,0
JD_11341259,2021-02-28,19,15,8,0,0,0,0
JD_11341258,2021-02-28,0,0,0,0,0,0,0
