JD_11876835,2021-02-28,12,9,4,0,0,0,0
JD_11876834,2021-02-28,4,1,4,0,0,0,0
JD_11876833,2021-02-28,20,14,13,0,0,0,0
JD_11876832,2021-02-28,22,9,13,2,1,0,1
JD_11876831,2021-02-28,10,1,8,1,0,0,0
JD_11876830,2021-02-28,9,2,9,0,0,0,0
JD_11876829,2021-02-28,12,0,11,0,1,0,0
JD_11876828,2021-02-28,19,13,11,0,0,0,0
JD_11876827,2021-02-28,45,28,30,1,0,0,0
JD_11876826,2021-02-28,3926,2762,2652,14,7,4,7
JD_11876825,2021-02-28,5,4,4,0,0,0,0
JD_11876824,2021-02-28,7,2,6,0,0,0,0
JD_11876823,2021-02-28,39,1,38,1,0,0,0
JD_11876822,2021-02-28,3,3,2,0,0,0,0
JD_11876821,2021-02-28,2,2,0,0,0,0,0
JD_11876820,2021-02-28,20,16,10,0,0,0,0
JD_11876819,2021-02-28,0,0,0,0,0,0,0
JD_11876818,2021-02-28,54,41,34,0,0,0,0
JD_11876817,2021-02-28,15,10,7,0,0,0,0
JD_11876816,2021-02-28,0,0,0,0,0,0,0
JD_11876815,2021-02-28,3,2,1,0,0,0,0
JD_11876814,2021-02-28,11,9,6,1,0,0,0
JD_11876813,2021-02-28,19,15,9,0,0,0,0
JD_11876812,2021-02-28,56,23,49,0,0,0,0
JD_11876811,2021-02-28,10,5,6,1,0,0,0
JD_11876810,2021-02-28,4,3,2,0,0,0,0
JD_11876809,2021-02-28,2,1,1,0,0,0,0
JD_11876808,2021-02-28,1,0,1,0,0,0,0
JD_11876807,2021-02-28,5,4,2,0,0,0,1
JD_11876806,2021-02-28,44,21,40,0,0,0,0
JD_11876805,2021-02-28,516,359,251,3,1,1,2
JD_11876803,2021-02-28,47,25,29,1,0,0,0
JD_11876802,2021-02-28,5,3,4,0,0,0,0
JD_11876801,2021-02-28,4,4,3,0,0,0,0
JD_11876800,2021-02-28,129,98,79,1,1,0,0
JD_11876799,2021-02-28,16,9,14,0,0,0,0
JD_11876798,2021-02-28,27,19,12,0,0,0,0
JD_11876797,2021-02-28,180,119,137,0,1,0,1
JD_11876796,2021-02-28,12,10,5,0,0,0,0
JD_11876795,2021-02-28,106,77,62,1,0,0,0
JD_11876794,2021-02-28,3,3,0,0,0,0,0
JD_11876793,2021-02-28,5,4,4,0,0,0,0
JD_11876792,2021-02-28,47,40,29,0,1,0,0
JD_11876790,2021-02-28,3,3,0,0,0,0,0
JD_11876789,2021-02-28,3,3,1,0,0,0,0
JD_11876788,2021-02-28,4,1,3,0,0,0,0
JD_11875159,2021-02-28,4,1,3,0,1,0,0
JD_11875158,2021-02-28,4,3,1,0,0,0,0
JD_11875157,2021-02-28,2,1,2,0,0,0,0
JD_11875156,2021-02-28,9,4,7,0,0,0,0
JD_11875155,2021-02-28,5,4,4,0,0,0,0
JD_11875154,2021-02-28,15,13,9,0,0,0,0
JD_11875153,2021-02-28,6,5,2,0,0,0,0
JD_11875152,2021-02-28,18,9,10,1,0,0,0
JD_11875151,2021-02-28,12,4,7,1,0,0,0
JD_11875150,2021-02-28,12,9,11,0,0,0,0
JD_11875149,2021-02-28,4,4,0,0,0,0,0
JD_11875148,2021-02-28,19,16,4,0,0,0,0
JD_11875147,2021-02-28,49,33,28,0,1,0,0
JD_11875146,2021-02-28,4893,2377,4131,24,10,0,12
JD_11875145,2021-02-28,74,8,69,4,1,0,0
JD_11875144,2021-02-28,7,2,7,0,0,0,0
JD_11875143,2021-02-28,0,0,0,0,0,0,0
JD_11875142,2021-02-28,20,14,13,1,0,0,0
JD_11875140,2021-02-28,523,352,286,0,0,0,1
JD_11875139,2021-02-28,236,7,230,4,2,0,0
JD_11875138,2021-02-28,183,75,175,0,0,0,2
JD_11875136,2021-02-28,187,77,170,0,0,0,1
JD_11875135,2021-02-28,13,7,10,0,0,0,0
JD_11875134,2021-02-28,185,79,163,0,0,0,1
