JD_11447850,2021-02-28,134,1,133,1,0,0,1
JD_11447849,2021-02-28,298,22,288,7,3,0,1
JD_11447848,2021-02-28,91,7,88,1,2,0,0
JD_11447847,2021-02-28,387,16,326,43,18,0,2
JD_11447846,2021-02-28,970,72,938,23,9,0,3
JD_11447845,2021-02-28,53,12,47,0,0,0,0
JD_11447844,2021-02-28,1456,0,1372,60,24,0,0
JD_11447842,2021-02-28,156,23,149,3,1,0,0
JD_11447839,2021-02-28,62,18,51,1,0,0,0
JD_11447838,2021-02-28,33,19,21,0,0,0,0
JD_11447837,2021-02-28,3,2,2,0,0,0,0
JD_11447836,2021-02-28,21,6,21,0,0,0,0
JD_11447835,2021-02-28,4,0,4,0,0,0,0
JD_11447834,2021-02-28,24,6,23,1,0,0,0
JD_11447833,2021-02-28,1,0,1,0,0,0,0
JD_11447832,2021-02-28,7,0,7,0,0,0,0
JD_11447831,2021-02-28,5,0,5,0,0,0,0
JD_11447830,2021-02-28,10,4,8,1,0,0,0
JD_11447829,2021-02-28,4,0,4,0,0,0,0
JD_11447828,2021-02-28,1,0,1,0,0,0,0
JD_11447827,2021-02-28,0,0,0,0,0,0,0
JD_11447826,2021-02-28,558,322,242,12,4,0,2
JD_11447825,2021-02-28,18,9,15,0,0,0,0
JD_11447824,2021-02-28,1,0,1,0,0,0,0
JD_11447823,2021-02-28,0,0,0,0,0,0,0
JD_11447822,2021-02-28,1,0,1,0,0,0,0
JD_11447821,2021-02-28,39,27,33,1,0,0,0
JD_11447820,2021-02-28,327,23,315,11,1,0,0
JD_11447819,2021-02-28,49,1,46,2,1,0,0
JD_11447818,2021-02-28,57,33,39,0,0,0,0
JD_11447817,2021-02-28,101,12,98,2,0,0,0
JD_11447816,2021-02-28,25,6,23,0,0,0,0
JD_11447814,2021-02-28,64,0,63,1,0,0,0
JD_11447813,2021-02-28,43,3,41,1,0,0,0
JD_11447809,2021-02-28,0,0,0,0,0,0,0
JD_11447804,2021-02-28,291,65,249,2,2,1,0
JD_11447803,2021-02-28,1038,691,522,5,0,0,2
JD_11447802,2021-02-28,32953,22677,16503,68,37,43,40
JD_11447801,2021-02-28,2748,2210,1133,1,0,1,8
JD_11447800,2021-02-28,5019,4176,1984,4,3,1,13
JD_11447798,2021-02-28,4855,3958,2021,1,6,2,7
JD_11447797,2021-02-28,2808,2249,1226,3,1,0,9
JD_11447796,2021-02-28,3324,2800,1194,2,0,1,11
JD_11447782,2021-02-28,0,0,0,0,0,0,0
JD_11447781,2021-02-28,0,0,0,0,0,0,0
JD_11447777,2021-02-28,878,164,869,3,0,0,1
JD_11447774,2021-02-28,6999,2563,6893,89,17,3,21
JD_11447770,2021-02-28,14,2,13,1,0,0,0
JD_11447769,2021-02-28,15,6,15,0,0,0,0
JD_11447768,2021-02-28,19,7,19,0,0,0,0
JD_11447767,2021-02-28,17,7,17,0,0,0,0
JD_11447766,2021-02-28,5,0,5,0,0,0,0
JD_11447765,2021-02-28,6,0,6,0,0,0,0
JD_11447764,2021-02-28,403,313,188,1,0,0,0
JD_11447763,2021-02-28,348,282,143,1,0,0,0
JD_11447762,2021-02-28,2927,2353,1132,8,2,3,6
JD_11447761,2021-02-28,253,196,127,0,0,0,0
JD_11447759,2021-02-28,98,56,69,2,0,0,0
JD_11447758,2021-02-28,379,233,300,4,1,0,1
JD_11447757,2021-02-28,173,89,165,1,1,0,0
JD_11447754,2021-02-28,372,229,305,3,0,0,1
JD_11447751,2021-02-28,2196,1462,1384,2,3,1,6
JD_11447748,2021-02-28,1924,1220,1297,7,2,0,7
JD_11447747,2021-02-28,872,329,858,6,2,0,2
JD_11447744,2021-02-28,139,0,135,3,1,0,0
JD_11447743,2021-02-28,414,0,400,7,7,0,0
JD_11447742,2021-02-28,284,0,267,12,5,0,0
JD_11447741,2021-02-28,288,0,275,11,2,0,0
JD_11447740,2021-02-28,730,0,704,22,4,0,0
JD_11447739,2021-02-28,284,0,270,10,4,0,0
