JD_11393437,2021-02-28,0,0,0,0,0,0,0
JD_11393434,2021-02-28,2,0,2,0,0,0,0
JD_11393433,2021-02-28,8,7,5,0,0,0,0
JD_11393426,2021-02-28,2,1,1,0,0,0,0
JD_11393425,2021-02-28,14,6,10,0,0,0,0
JD_11393423,2021-02-28,1,1,0,0,0,0,0
JD_11393421,2021-02-28,7,0,6,0,1,0,0
JD_11393420,2021-02-28,5,2,4,0,0,0,0
JD_11393419,2021-02-28,4,0,4,0,0,0,0
JD_11393418,2021-02-28,1,1,0,0,0,0,0
JD_11393416,2021-02-28,1,0,1,0,0,0,0
JD_11393415,2021-02-28,18,10,14,1,0,0,0
JD_11393414,2021-02-28,13,5,10,0,0,0,0
JD_11393413,2021-02-28,0,0,0,0,0,0,0
JD_11393411,2021-02-28,19,15,9,0,0,0,0
JD_11393410,2021-02-28,72,27,70,0,1,0,2
JD_11393409,2021-02-28,74,16,68,0,0,0,0
JD_11393408,2021-02-28,12,7,9,0,0,0,0
JD_11393407,2021-02-28,19,12,12,0,0,0,0
JD_11393406,2021-02-28,0,0,0,0,0,0,0
JD_11393405,2021-02-28,2,2,0,0,0,0,0
JD_11393403,2021-02-28,0,0,0,0,0,0,0
JD_11393402,2021-02-28,2,2,1,0,0,0,0
JD_11393401,2021-02-28,0,0,0,0,0,0,0
JD_11393399,2021-02-28,1,0,1,0,0,0,0
JD_11393398,2021-02-28,1,1,0,0,0,0,0
JD_11393396,2021-02-28,13,7,10,0,0,0,0
JD_11393395,2021-02-28,195,144,84,1,1,0,0
JD_11393394,2021-02-28,0,0,0,0,0,0,0
JD_11393392,2021-02-28,3,1,3,0,0,0,0
JD_11393385,2021-02-28,2,2,2,0,0,0,0
JD_11393383,2021-02-28,3,2,3,0,0,0,0
JD_11393382,2021-02-28,5,5,3,0,0,0,0
JD_11393378,2021-02-28,7,6,2,0,0,0,0
JD_11393377,2021-02-28,30,20,23,0,0,0,0
JD_11393376,2021-02-28,1,0,1,0,0,0,0
JD_11393375,2021-02-28,7,4,5,0,0,0,0
JD_11393374,2021-02-28,3,1,2,0,0,0,0
JD_11393373,2021-02-28,8,3,7,0,0,0,0
JD_11393372,2021-02-28,10,5,10,0,0,0,0
JD_11393371,2021-02-28,9,6,6,0,0,0,0
JD_11393370,2021-02-28,1,1,1,0,0,0,0
JD_11393369,2021-02-28,12,8,7,0,0,0,0
JD_11393368,2021-02-28,10,7,9,0,0,0,0
JD_11393367,2021-02-28,32,17,22,0,0,0,0
JD_11393366,2021-02-28,9,5,5,1,1,0,0
JD_11393365,2021-02-28,26,9,23,0,0,0,0
JD_11393355,2021-02-28,0,0,0,0,0,0,0
JD_11393350,2021-02-28,59,43,28,0,0,0,0
JD_11393349,2021-02-28,25,16,23,0,1,0,0
JD_11393348,2021-02-28,21,10,15,0,2,0,0
JD_11393347,2021-02-28,36,21,31,0,1,0,0
JD_11393346,2021-02-28,9,9,5,0,0,0,0
JD_11393345,2021-02-28,10,2,9,1,0,0,0
JD_11393344,2021-02-28,17,6,14,0,0,0,0
JD_11393342,2021-02-28,1,0,1,0,0,0,0
JD_11393340,2021-02-28,5,4,5,0,0,0,0
JD_11393339,2021-02-28,30,23,23,0,0,0,0
JD_11393338,2021-02-28,2,0,1,0,1,0,0
JD_11393337,2021-02-28,6,6,2,0,0,0,0
JD_11393336,2021-02-28,0,0,0,0,0,0,0
JD_11393335,2021-02-28,0,0,0,0,0,0,0
JD_11393329,2021-02-28,3,2,3,0,0,0,0
JD_11393328,2021-02-28,41,18,40,1,0,0,0
JD_11393321,2021-02-28,12,3,12,0,0,0,0
JD_11393320,2021-02-28,10,4,10,0,0,0,0
JD_11393318,2021-02-28,10,3,10,0,0,0,0
JD_11393317,2021-02-28,15,8,15,0,0,0,0
JD_11393316,2021-02-28,11,2,11,0,0,0,0
JD_11393315,2021-02-28,13,8,13,0,0,0,0
