JD_11850168,2021-02-28,342,274,176,0,1,1,0
JD_11850167,2021-02-28,2,1,2,0,0,0,0
JD_11850166,2021-02-28,1,0,1,0,0,0,0
JD_11850165,2021-02-28,44,23,30,0,0,0,0
JD_11850164,2021-02-28,0,0,0,0,0,0,0
JD_11850163,2021-02-28,5,3,3,0,0,0,0
JD_11850162,2021-02-28,3,3,1,0,0,0,0
JD_11850161,2021-02-28,1,0,1,0,0,0,0
JD_11850160,2021-02-28,2,2,2,0,0,0,0
JD_11850159,2021-02-28,1,0,1,0,0,0,0
JD_11850157,2021-02-28,1,1,1,0,0,0,0
JD_11850155,2021-02-28,3,2,1,0,0,0,0
JD_11850154,2021-02-28,24,15,14,0,0,0,0
JD_11850153,2021-02-28,41,31,31,0,0,0,0
JD_11850152,2021-02-28,1,0,1,0,0,0,0
JD_11850151,2021-02-28,1,1,1,0,0,0,0
JD_11850149,2021-02-28,4,2,2,0,0,0,0
JD_11850148,2021-02-28,4,2,3,0,0,0,0
JD_11850147,2021-02-28,17,11,13,0,0,0,0
JD_11850146,2021-02-28,147,104,45,0,1,1,2
JD_11850145,2021-02-28,0,0,0,0,0,0,0
JD_11850144,2021-02-28,0,0,0,0,0,0,0
JD_11850143,2021-02-28,3,3,3,0,0,0,0
JD_11850142,2021-02-28,0,0,0,0,0,0,0
JD_11850141,2021-02-28,3,1,2,0,0,0,0
JD_11850140,2021-02-28,3,2,1,0,0,0,0
JD_11850139,2021-02-28,13,9,9,0,0,0,0
JD_11850137,2021-02-28,0,0,0,0,0,0,0
JD_11850136,2021-02-28,0,0,0,0,0,0,0
JD_11850135,2021-02-28,2,2,0,0,0,0,0
JD_11850133,2021-02-28,1,0,1,0,0,0,0
JD_11850132,2021-02-28,4,4,0,0,0,0,0
JD_11850131,2021-02-28,0,0,0,0,0,0,0
JD_11850129,2021-02-28,1,1,0,0,0,0,0
JD_11850128,2021-02-28,4,3,3,0,0,0,0
JD_11850127,2021-02-28,0,0,0,0,0,0,0
JD_11850126,2021-02-28,101,71,68,0,0,1,0
JD_11850125,2021-02-28,0,0,0,0,0,0,0
JD_11850124,2021-02-28,0,0,0,0,0,0,0
JD_11850123,2021-02-28,0,0,0,0,0,0,0
JD_11850121,2021-02-28,6,0,5,0,1,0,0
JD_11850120,2021-02-28,0,0,0,0,0,0,0
JD_11850119,2021-02-28,18,13,15,0,1,0,1
JD_11850118,2021-02-28,34,24,28,0,0,0,0
JD_11850117,2021-02-28,0,0,0,0,0,0,0
JD_11850116,2021-02-28,1,1,0,0,0,0,0
JD_11847075,2021-02-28,90,46,81,0,0,0,0
JD_11847074,2021-02-28,1,1,0,0,0,0,0
JD_11847072,2021-02-28,291,227,242,1,0,2,2
JD_11847068,2021-02-28,0,0,0,0,0,0,0
JD_11847067,2021-02-28,10,3,9,0,0,0,0
JD_11847066,2021-02-28,0,0,0,0,0,0,0
JD_11847064,2021-02-28,51,35,51,0,0,0,1
JD_11847063,2021-02-28,16,11,11,0,0,0,0
JD_11847062,2021-02-28,601,393,600,1,0,1,0
JD_11847061,2021-02-28,32,26,14,0,0,0,0
JD_11847060,2021-02-28,0,0,0,0,0,0,0
JD_11847059,2021-02-28,7,3,4,0,0,0,0
JD_11847058,2021-02-28,5,4,3,0,0,0,0
JD_11847057,2021-02-28,68,28,66,0,1,0,0
JD_11847056,2021-02-28,437,276,435,2,0,0,3
JD_11847055,2021-02-28,221,197,37,0,0,0,0
JD_11847054,2021-02-28,10,9,5,0,0,0,0
JD_11847053,2021-02-28,535,276,522,2,2,1,0
JD_11847052,2021-02-28,191,130,61,0,0,0,0
JD_11847050,2021-02-28,549,323,546,3,0,2,4
JD_11847049,2021-02-28,14,9,6,0,0,0,0
JD_11847048,2021-02-28,41,33,30,0,0,0,0
JD_11847047,2021-02-28,3,3,2,0,0,0,0
JD_11847046,2021-02-28,11,10,2,0,0,0,0
