JD_12545546,2021-02-28,12,10,2,0,0,0,0
JD_12545545,2021-02-28,2,2,0,0,0,0,0
JD_12545544,2021-02-28,990,774,215,1,0,0,0
JD_12545543,2021-02-28,196,154,41,1,0,0,1
JD_12545542,2021-02-28,289,247,42,0,0,1,2
JD_12545541,2021-02-28,27,18,9,0,0,0,0
JD_12545540,2021-02-28,75,59,15,1,0,0,0
JD_12545539,2021-02-28,97,90,7,0,0,0,0
JD_12545537,2021-02-28,20,20,0,0,0,0,0
JD_12545535,2021-02-28,132,105,26,1,0,0,0
JD_12545534,2021-02-28,7,7,0,0,0,0,0
JD_12545533,2021-02-28,2,2,0,0,0,0,0
JD_12545532,2021-02-28,67,56,11,0,0,0,0
JD_12545531,2021-02-28,97,64,33,0,0,0,1
JD_12545530,2021-02-28,2,1,1,0,0,0,0
JD_12545529,2021-02-28,520,456,63,1,0,0,2
JD_12545528,2021-02-28,0,0,0,0,0,0,0
JD_12545527,2021-02-28,3,2,1,0,0,0,0
JD_12545526,2021-02-28,74,63,11,0,0,0,0
JD_12545525,2021-02-28,13,10,3,0,0,0,0
JD_12545524,2021-02-28,85,72,13,0,0,0,0
JD_12545523,2021-02-28,4,3,1,0,0,0,0
JD_12545522,2021-02-28,6,6,0,0,0,0,0
JD_12545521,2021-02-28,936,792,142,1,1,3,2
JD_12545520,2021-02-28,5,4,1,0,0,0,0
JD_12545519,2021-02-28,71,53,18,0,0,0,0
JD_12545518,2021-02-28,75,60,15,0,0,0,1
JD_12545517,2021-02-28,7,5,2,0,0,0,0
JD_12545516,2021-02-28,173,148,25,0,0,0,0
JD_12545515,2021-02-28,26,18,8,0,0,0,0
JD_12545514,2021-02-28,609,497,111,0,1,0,4
JD_12545513,2021-02-28,90,76,13,0,1,0,0
JD_12545512,2021-02-28,71,60,11,0,0,0,0
JD_12545511,2021-02-28,0,0,0,0,0,0,0
JD_12545510,2021-02-28,188,149,39,0,0,0,0
JD_12545509,2021-02-28,545,466,77,2,0,0,1
JD_12545508,2021-02-28,275,233,42,0,0,0,0
JD_12545507,2021-02-28,6,5,1,0,0,0,0
JD_12545506,2021-02-28,625,540,85,0,0,0,0
JD_12545505,2021-02-28,35,31,4,0,0,0,0
JD_12545504,2021-02-28,29,25,4,0,0,0,0
JD_12545503,2021-02-28,2857,2432,423,2,0,2,0
JD_12545502,2021-02-28,14276,12169,2070,19,18,12,22
JD_12545501,2021-02-28,193,167,25,1,0,0,1
JD_12545500,2021-02-28,106,90,15,1,0,0,0
JD_12545499,2021-02-28,140,116,23,0,1,0,0
JD_12545498,2021-02-28,135,112,21,2,0,0,0
JD_12545497,2021-02-28,396,322,72,2,0,1,2
JD_12545496,2021-02-28,242,193,49,0,0,0,0
JD_12545495,2021-02-28,409,328,79,2,0,0,1
JD_12545494,2021-02-28,283,225,58,0,0,0,1
JD_12545493,2021-02-28,0,0,0,0,0,0,0
JD_12545492,2021-02-28,1074,964,109,0,1,0,1
JD_12545491,2021-02-28,24,20,4,0,0,0,0
JD_12545490,2021-02-28,244,214,30,0,0,1,0
JD_12545489,2021-02-28,100,85,14,0,1,0,1
JD_12545488,2021-02-28,132,109,23,0,0,0,0
JD_12545487,2021-02-28,97,82,13,1,1,0,0
JD_12545486,2021-02-28,6691,5798,873,13,7,11,4
JD_12545485,2021-02-28,27,24,3,0,0,0,0
JD_12545484,2021-02-28,142,120,22,0,0,0,0
JD_12545483,2021-02-28,1097,955,141,0,1,0,2
JD_12545482,2021-02-28,21,18,2,1,0,0,0
JD_12545481,2021-02-28,247,196,51,0,0,0,2
JD_12545480,2021-02-28,23,20,3,0,0,0,0
JD_12545479,2021-02-28,37,29,8,0,0,0,1
JD_12545478,2021-02-28,17,12,5,0,0,0,0
JD_12545477,2021-02-28,97,84,13,0,0,0,0
JD_12545064,2021-02-28,1,1,0,0,0,0,0
JD_12545063,2021-02-28,220,193,26,1,0,0,0
