JD_11518930,2021-02-28,28,8,26,0,1,0,0
JD_11518929,2021-02-28,68,31,65,1,0,0,0
JD_11518928,2021-02-28,75,3,74,0,1,0,1
JD_11518927,2021-02-28,89,23,88,1,0,0,0
JD_11518926,2021-02-28,44,16,44,0,0,0,0
JD_11518925,2021-02-28,107,19,103,2,1,0,1
JD_11518924,2021-02-28,44,8,42,2,0,0,0
JD_11518923,2021-02-28,903,569,656,5,2,0,4
JD_11518922,2021-02-28,249,168,124,1,1,0,1
JD_11518921,2021-02-28,99,49,77,0,2,0,0
JD_11518919,2021-02-28,127,31,123,1,2,0,0
JD_11518918,2021-02-28,16,4,14,0,1,0,0
JD_11518906,2021-02-28,11,1,7,3,0,0,0
JD_11518905,2021-02-28,90,48,62,0,1,1,0
JD_11518903,2021-02-28,3,3,1,0,0,0,0
JD_11518902,2021-02-28,14,5,14,0,0,0,0
JD_11518900,2021-02-28,4,0,4,0,0,0,1
JD_11518899,2021-02-28,8,8,1,0,0,0,0
JD_11518898,2021-02-28,0,0,0,0,0,0,0
JD_11518897,2021-02-28,0,0,0,0,0,0,0
JD_11518896,2021-02-28,14,0,14,0,0,0,0
JD_11518892,2021-02-28,1,1,0,0,0,0,0
JD_11518891,2021-02-28,3,3,1,0,0,0,0
JD_11518890,2021-02-28,14,0,14,0,0,0,0
JD_11518889,2021-02-28,4,2,3,0,0,0,0
JD_11518888,2021-02-28,0,0,0,0,0,0,0
JD_11518887,2021-02-28,1,1,1,0,0,0,0
JD_11518886,2021-02-28,6,0,5,1,0,0,0
JD_11518885,2021-02-28,70,18,69,1,0,0,0
JD_11518884,2021-02-28,3,1,1,1,0,0,0
JD_11518882,2021-02-28,2,1,1,0,0,0,0
JD_11518881,2021-02-28,2,1,2,0,0,0,0
JD_11518880,2021-02-28,18,16,11,0,0,0,0
JD_11518879,2021-02-28,42,5,40,1,0,0,0
JD_11518878,2021-02-28,5,1,4,0,0,0,0
JD_11518877,2021-02-28,11,10,5,0,0,0,0
JD_11518876,2021-02-28,62,49,24,1,0,0,0
JD_11518875,2021-02-28,4,3,3,0,0,0,0
JD_11518874,2021-02-28,2,1,2,0,0,0,0
JD_11518873,2021-02-28,19,7,19,0,0,0,0
JD_11518872,2021-02-28,1415,1028,772,4,0,0,2
JD_11518870,2021-02-28,43,21,26,2,1,0,0
JD_11518869,2021-02-28,27,2,25,1,0,0,0
JD_11518868,2021-02-28,26,16,18,0,0,0,0
JD_11518866,2021-02-28,19,6,18,1,0,0,0
JD_11518865,2021-02-28,24,15,12,0,1,0,0
JD_11518864,2021-02-28,43,31,22,1,0,0,0
JD_11518863,2021-02-28,523,268,390,10,6,1,5
JD_11518861,2021-02-28,201,78,168,4,1,0,0
JD_11518859,2021-02-28,3,3,0,0,0,0,0
JD_11518857,2021-02-28,4225,1830,3617,28,8,4,6
JD_11518854,2021-02-28,33,22,17,0,0,0,0
JD_11518844,2021-02-28,38,22,37,0,0,0,0
JD_11518843,2021-02-28,8,6,8,0,0,0,0
JD_11518842,2021-02-28,10,8,7,0,0,0,0
JD_11518840,2021-02-28,0,0,0,0,0,0,0
JD_11518838,2021-02-28,44,25,33,1,1,0,1
JD_11518836,2021-02-28,0,0,0,0,0,0,0
JD_11518835,2021-02-28,0,0,0,0,0,0,0
JD_11518834,2021-02-28,31,12,20,2,0,0,0
JD_11518833,2021-02-28,0,0,0,0,0,0,0
JD_11518832,2021-02-28,0,0,0,0,0,0,0
JD_11518831,2021-02-28,0,0,0,0,0,0,0
JD_11518828,2021-02-28,0,0,0,0,0,0,0
JD_11518827,2021-02-28,0,0,0,0,0,0,0
JD_11518826,2021-02-28,1,0,1,0,0,0,0
JD_11518824,2021-02-28,0,0,0,0,0,0,0
JD_11518823,2021-02-28,0,0,0,0,0,0,0
JD_11518821,2021-02-28,0,0,0,0,0,0,0
JD_11518820,2021-02-28,1,1,1,0,0,0,0
