JD_11497732,2021-02-28,29,21,21,0,0,0,0
JD_11497731,2021-02-28,21,16,14,0,0,0,0
JD_11497730,2021-02-28,1,1,0,0,0,0,0
JD_11497729,2021-02-28,2,2,0,0,0,0,0
JD_11497728,2021-02-28,6,2,4,0,0,0,0
JD_11497727,2021-02-28,18,14,11,0,0,0,0
JD_11497726,2021-02-28,12,11,6,0,0,0,0
JD_11497725,2021-02-28,9,5,7,0,0,0,0
JD_11497724,2021-02-28,2,2,2,0,0,0,0
JD_11497722,2021-02-28,5,5,3,0,0,0,0
JD_11497721,2021-02-28,4,3,4,0,0,0,0
JD_11497720,2021-02-28,12,10,7,0,0,0,0
JD_11497719,2021-02-28,39,31,23,0,0,0,0
JD_11497718,2021-02-28,34,33,12,0,0,0,0
JD_11497717,2021-02-28,42,35,26,0,0,0,0
JD_11497716,2021-02-28,2,0,2,0,0,0,0
JD_11497715,2021-02-28,16,13,11,0,0,0,0
JD_11497714,2021-02-28,0,0,0,0,0,0,0
JD_11497713,2021-02-28,14,10,9,0,0,0,0
JD_11497712,2021-02-28,3,1,1,0,1,0,0
JD_11497710,2021-02-28,22,18,14,0,0,0,0
JD_11497709,2021-02-28,165,127,78,0,1,0,0
JD_11497708,2021-02-28,40,29,29,0,0,0,0
JD_11497705,2021-02-28,18,11,16,0,0,0,0
JD_11497704,2021-02-28,0,0,0,0,0,0,0
JD_11497703,2021-02-28,4,2,4,0,0,0,0
JD_11497702,2021-02-28,21,14,14,0,0,0,1
JD_11497701,2021-02-28,16,13,6,0,0,0,0
JD_11497700,2021-02-28,67,48,42,0,1,0,0
JD_11497699,2021-02-28,0,0,0,0,0,0,0
JD_11497697,2021-02-28,11,8,8,0,0,0,0
JD_11497696,2021-02-28,7,3,5,1,0,0,0
JD_11497695,2021-02-28,10,8,4,0,0,0,0
JD_11497694,2021-02-28,30,24,18,0,0,0,0
JD_11497693,2021-02-28,11,8,9,0,0,0,0
JD_11497692,2021-02-28,6,5,4,0,0,0,0
JD_11497691,2021-02-28,22,14,16,0,0,0,1
JD_11497688,2021-02-28,48,34,34,0,0,0,0
JD_11497687,2021-02-28,60,46,35,0,0,0,0
JD_11497686,2021-02-28,11,11,5,0,0,0,0
JD_11497685,2021-02-28,76,65,29,1,0,0,0
JD_11497684,2021-02-28,10,0,10,0,0,0,0
JD_11497683,2021-02-28,26,21,13,0,0,0,0
JD_11497682,2021-02-28,6,6,3,0,0,0,0
JD_11497681,2021-02-28,30,16,20,0,0,0,0
JD_11497680,2021-02-28,544,18,537,5,2,0,1
JD_11497679,2021-02-28,28,22,15,0,0,0,0
JD_11497678,2021-02-28,27,18,17,0,0,0,0
JD_11497677,2021-02-28,0,0,0,0,0,0,0
JD_11497676,2021-02-28,0,0,0,0,0,0,0
JD_11497675,2021-02-28,3,3,1,0,0,0,0
JD_11497674,2021-02-28,145,112,39,0,0,0,1
JD_11497672,2021-02-28,36,17,31,0,0,0,0
JD_11497671,2021-02-28,11,0,11,0,0,0,0
JD_11497669,2021-02-28,3,2,1,0,0,0,0
JD_11497668,2021-02-28,2,1,1,0,0,0,0
JD_11497667,2021-02-28,2,0,2,0,0,0,0
JD_11497666,2021-02-28,680,0,661,14,5,0,0
JD_11497664,2021-02-28,140,84,137,1,0,0,0
JD_11497663,2021-02-28,10,5,4,0,1,0,0
JD_11497661,2021-02-28,5,3,5,0,0,0,1
JD_11497660,2021-02-28,1706,1365,1002,2,3,1,3
JD_11497659,2021-02-28,27,21,17,0,0,0,0
JD_11497657,2021-02-28,343,102,336,3,2,0,2
JD_11497656,2021-02-28,372,2,370,1,1,0,0
JD_11497655,2021-02-28,64,1,60,3,1,0,0
JD_11497654,2021-02-28,394,0,390,3,1,0,0
JD_11497653,2021-02-28,111,39,89,2,0,0,0
JD_11497652,2021-02-28,6637,607,6308,93,35,0,0
JD_11497651,2021-02-28,164,78,156,5,3,0,1
