JD_11425093,2021-02-28,52,11,51,0,0,0,1
JD_11425092,2021-02-28,0,0,0,0,0,0,0
JD_11425089,2021-02-28,227,95,215,3,0,1,1
JD_11425086,2021-02-28,2,2,2,0,0,0,0
JD_11425083,2021-02-28,3,3,3,0,0,0,0
JD_11425079,2021-02-28,0,0,0,0,0,0,0
JD_11425078,2021-02-28,67,34,48,2,0,0,0
JD_11425076,2021-02-28,7,7,4,0,0,0,0
JD_11425075,2021-02-28,0,0,0,0,0,0,0
JD_11425074,2021-02-28,3,1,2,0,0,0,0
JD_11425072,2021-02-28,9,3,8,0,0,0,0
JD_11425070,2021-02-28,0,0,0,0,0,0,0
JD_11425069,2021-02-28,70,35,69,0,0,0,0
JD_11425068,2021-02-28,204,102,148,4,0,0,0
JD_11425067,2021-02-28,53,39,21,1,0,0,0
JD_11425066,2021-02-28,31,24,11,0,1,0,0
JD_11425065,2021-02-28,11,7,7,0,0,0,0
JD_11425064,2021-02-28,39,28,29,0,0,0,0
JD_11425063,2021-02-28,147,93,109,0,0,1,0
JD_11425062,2021-02-28,18,12,12,0,0,0,0
JD_11425061,2021-02-28,33,19,28,2,0,0,0
JD_11425060,2021-02-28,25,17,20,0,0,0,0
JD_11425059,2021-02-28,188,122,147,0,1,0,0
JD_11425057,2021-02-28,21,13,11,0,0,0,0
JD_11425056,2021-02-28,24,22,13,0,0,0,0
JD_11425055,2021-02-28,0,0,0,0,0,0,0
JD_11425054,2021-02-28,2,1,2,0,0,0,0
JD_11425051,2021-02-28,4,1,4,0,0,0,0
JD_11425050,2021-02-28,10,3,8,0,0,0,0
JD_11425049,2021-02-28,6,5,2,0,0,0,0
JD_11425048,2021-02-28,12,9,4,0,0,0,0
JD_11425047,2021-02-28,11,6,6,0,0,0,0
JD_11425046,2021-02-28,52,36,34,0,0,0,0
JD_11425045,2021-02-28,23,6,21,0,1,0,0
JD_11425044,2021-02-28,16,9,10,1,0,0,0
JD_11425043,2021-02-28,11,8,3,1,0,0,0
JD_11425042,2021-02-28,51,26,34,1,0,0,0
JD_11425041,2021-02-28,0,0,0,0,0,0,0
JD_11425040,2021-02-28,40,12,35,2,0,0,0
JD_11425039,2021-02-28,24,18,8,0,0,0,0
JD_11425038,2021-02-28,3,2,2,0,0,0,0
JD_11425037,2021-02-28,13,5,14,0,0,0,0
JD_11425036,2021-02-28,0,0,0,0,0,0,0
JD_11425035,2021-02-28,20,14,10,0,0,0,0
JD_11425033,2021-02-28,28,19,23,0,0,0,0
JD_11425032,2021-02-28,26,18,14,1,0,0,0
JD_11425031,2021-02-28,23,14,14,0,0,0,0
JD_11425030,2021-02-28,4,1,4,0,0,0,0
JD_11425027,2021-02-28,8,1,7,0,0,0,0
JD_11425025,2021-02-28,685,114,674,7,4,0,4
JD_11425024,2021-02-28,15,5,12,1,0,0,0
JD_11425021,2021-02-28,3,1,2,0,0,0,0
JD_11425020,2021-02-28,1,0,1,0,0,0,0
JD_11425019,2021-02-28,138,0,135,2,1,0,0
JD_11425018,2021-02-28,0,0,0,0,0,0,0
JD_11425017,2021-02-28,1,1,1,0,0,0,0
JD_11425016,2021-02-28,45,0,44,1,0,0,0
JD_11425014,2021-02-28,128,46,128,0,0,0,1
JD_11425013,2021-02-28,469,17,462,6,1,0,1
JD_11425012,2021-02-28,632,0,621,10,1,0,1
JD_11425011,2021-02-28,305,120,234,5,2,1,1
JD_11425009,2021-02-28,0,0,0,0,0,0,0
JD_11425006,2021-02-28,1207,45,1190,17,0,0,1
JD_11425005,2021-02-28,150,0,148,2,0,0,0
JD_11425004,2021-02-28,118,0,110,4,4,0,0
JD_11425003,2021-02-28,896,484,767,4,3,0,2
JD_11425001,2021-02-28,71,8,70,1,0,0,0
JD_11424999,2021-02-28,36,2,35,0,0,0,0
JD_11424995,2021-02-28,48,41,34,0,1,0,0
JD_11424994,2021-02-28,58,39,57,1,0,0,0
