JD_11336665,2021-02-28,18,13,14,0,0,0,0
JD_11336664,2021-02-28,156,104,135,0,2,0,0
JD_11336663,2021-02-28,81,42,78,0,0,0,0
JD_11336662,2021-02-28,237,163,210,0,1,0,0
JD_11336661,2021-02-28,310,221,253,1,0,0,0
JD_11336660,2021-02-28,2,2,2,0,0,0,0
JD_11336658,2021-02-28,210,144,171,1,2,0,0
JD_11336657,2021-02-28,124,68,113,0,0,0,0
JD_11336656,2021-02-28,764,519,482,2,1,0,0
JD_11336652,2021-02-28,9,8,5,0,0,0,0
JD_11336651,2021-02-28,14,11,8,0,0,0,0
JD_11336650,2021-02-28,13,7,11,0,0,0,0
JD_11336649,2021-02-28,8,5,5,0,0,0,0
JD_11336648,2021-02-28,18,10,10,0,0,0,0
JD_11336647,2021-02-28,14,12,6,0,0,0,0
JD_11336646,2021-02-28,46,4,44,0,1,0,0
JD_11336644,2021-02-28,1,1,0,0,0,0,0
JD_11336640,2021-02-28,33,20,18,1,0,0,0
JD_11336639,2021-02-28,22,11,13,0,0,0,0
JD_11336635,2021-02-28,1,1,1,0,0,0,0
JD_11336634,2021-02-28,135,76,102,3,0,0,0
JD_11336629,2021-02-28,53,18,44,2,0,0,0
JD_11336625,2021-02-28,46,31,29,0,0,0,0
JD_11336623,2021-02-28,0,0,0,0,0,0,0
JD_11336622,2021-02-28,0,0,0,0,0,0,0
JD_11336620,2021-02-28,4,1,4,0,0,0,0
JD_11336619,2021-02-28,303,207,261,2,0,0,1
JD_11336618,2021-02-28,761,562,535,5,0,1,2
JD_11336617,2021-02-28,2993,2428,1631,3,2,0,4
JD_11336614,2021-02-28,12,9,9,0,0,0,0
JD_11336607,2021-02-28,356,187,254,5,2,0,0
JD_11336603,2021-02-28,0,0,0,0,0,0,0
JD_11336602,2021-02-28,1,1,1,0,0,0,0
JD_11336601,2021-02-28,54,32,43,0,0,0,1
JD_11336600,2021-02-28,4,2,4,0,0,0,0
JD_11336595,2021-02-28,94,70,62,1,0,0,0
JD_11336594,2021-02-28,13,3,12,0,0,0,0
JD_11336593,2021-02-28,5,4,2,0,0,0,0
JD_11336592,2021-02-28,48,32,29,0,0,0,0
JD_11336591,2021-02-28,15,8,14,0,0,0,0
JD_11336589,2021-02-28,29,20,20,0,0,0,0
JD_11336587,2021-02-28,0,0,0,0,0,0,0
JD_11336585,2021-02-28,210,145,206,2,0,0,0
JD_11336583,2021-02-28,6,3,4,0,0,0,0
JD_11336582,2021-02-28,77,45,51,1,2,0,0
JD_11336580,2021-02-28,48,34,17,0,0,1,0
JD_11336579,2021-02-28,8,7,1,0,0,0,0
JD_11336578,2021-02-28,1,1,1,0,0,0,0
JD_11336576,2021-02-28,246,166,189,1,0,0,1
JD_11336575,2021-02-28,413,287,350,4,0,0,1
JD_11336574,2021-02-28,74,37,52,1,0,0,0
JD_11336572,2021-02-28,39,27,39,0,0,0,1
JD_11336571,2021-02-28,28,9,26,2,0,0,0
JD_11336570,2021-02-28,8,0,8,0,0,0,0
JD_11336568,2021-02-28,16,14,12,0,0,0,0
JD_11336567,2021-02-28,333,183,251,1,1,0,0
JD_11336566,2021-02-28,96,62,92,1,1,0,0
JD_11336565,2021-02-28,6,4,3,0,0,0,0
JD_11336563,2021-02-28,1,0,1,0,0,0,0
JD_11336562,2021-02-28,0,0,0,0,0,0,0
JD_11336561,2021-02-28,0,0,0,0,0,0,0
JD_11336560,2021-02-28,0,0,0,0,0,0,0
JD_11336559,2021-02-28,17,10,10,0,0,0,0
JD_11336558,2021-02-28,18,3,18,0,0,0,0
JD_11336557,2021-02-28,609,255,563,3,0,0,0
JD_11336554,2021-02-28,0,0,0,0,0,0,0
JD_11336552,2021-02-28,10,3,9,1,0,0,0
JD_11336551,2021-02-28,3,0,3,0,0,0,0
JD_11336550,2021-02-28,2,0,2,0,0,0,0
JD_11336548,2021-02-28,0,0,0,0,0,0,0
