JD_11952831,2021-02-28,171,120,114,0,0,0,0
JD_11952830,2021-02-28,0,0,0,0,0,0,0
JD_11952829,2021-02-28,0,0,0,0,0,0,0
JD_11952828,2021-02-28,0,0,0,0,0,0,0
JD_11952827,2021-02-28,442,147,396,4,2,0,0
JD_11952826,2021-02-28,4,3,1,0,0,0,0
JD_11952825,2021-02-28,216,147,215,0,1,0,1
JD_11952822,2021-02-28,3,0,3,0,0,0,0
JD_11952821,2021-02-28,7,7,4,0,0,0,0
JD_11952819,2021-02-28,40,30,31,0,0,0,0
JD_11952817,2021-02-28,706,552,508,5,2,1,2
JD_11952815,2021-02-28,28,19,13,0,0,0,0
JD_11952814,2021-02-28,10,1,9,0,0,0,0
JD_11952813,2021-02-28,66,42,53,1,0,1,1
JD_11952812,2021-02-28,14,11,8,0,0,0,0
JD_11952811,2021-02-28,113,97,54,0,0,0,0
JD_11952810,2021-02-28,12,8,6,0,0,0,0
JD_11952809,2021-02-28,4,0,4,0,0,0,0
JD_11952808,2021-02-28,0,0,0,0,0,0,0
JD_11952807,2021-02-28,5,0,4,0,1,0,1
JD_11952806,2021-02-28,1,0,1,0,0,0,0
JD_11952805,2021-02-28,3,3,3,0,0,0,0
JD_11952804,2021-02-28,1,0,1,0,0,0,0
JD_11952803,2021-02-28,683,342,677,4,2,0,4
JD_11952801,2021-02-28,28,23,21,0,0,0,0
JD_11952799,2021-02-28,26,22,14,0,0,0,0
JD_11952797,2021-02-28,1,1,0,0,0,0,0
JD_11952796,2021-02-28,5,0,5,0,0,0,0
JD_11952795,2021-02-28,14,11,10,0,0,0,0
JD_11952794,2021-02-28,24,16,17,0,0,0,0
JD_11952793,2021-02-28,16,9,9,0,0,0,0
JD_11952792,2021-02-28,26,18,20,0,0,0,0
JD_11952791,2021-02-28,12,9,7,0,0,0,0
JD_11952790,2021-02-28,10,4,10,0,0,0,0
JD_11952789,2021-02-28,48,36,19,1,0,0,0
JD_11952787,2021-02-28,50,35,25,0,0,0,0
JD_11952785,2021-02-28,57,39,32,0,0,0,1
JD_11952784,2021-02-28,5,5,1,0,0,0,0
JD_11952783,2021-02-28,33,22,20,0,0,0,1
JD_11952781,2021-02-28,6,3,3,0,0,0,0
JD_11952780,2021-02-28,1,0,1,0,0,0,0
JD_11952778,2021-02-28,1,1,0,0,0,0,0
JD_11952777,2021-02-28,57,48,19,0,0,0,0
JD_11952776,2021-02-28,7,3,7,0,0,0,0
JD_11952775,2021-02-28,5,4,5,0,0,0,0
JD_11952774,2021-02-28,30,23,23,0,0,0,0
JD_11952773,2021-02-28,6,3,4,0,0,0,0
JD_11952772,2021-02-28,13,1,13,0,0,0,0
JD_11952771,2021-02-28,6,6,2,0,0,0,0
JD_11952770,2021-02-28,0,0,0,0,0,0,0
JD_11952769,2021-02-28,1,0,1,0,0,0,0
JD_11952767,2021-02-28,4674,2840,3601,11,7,1,9
JD_11952765,2021-02-28,108,53,106,0,0,0,0
JD_11952763,2021-02-28,736,623,325,1,2,1,3
JD_11952759,2021-02-28,3743,2652,2413,10,7,2,9
JD_11952758,2021-02-28,8,6,5,0,0,0,0
JD_11952757,2021-02-28,0,0,0,0,0,0,0
JD_11952755,2021-02-28,9,0,9,0,0,0,0
JD_11952753,2021-02-28,55,48,39,0,0,0,0
JD_11952750,2021-02-28,1,1,0,0,0,0,0
JD_11952749,2021-02-28,18,12,7,1,0,0,0
JD_11952747,2021-02-28,1,1,0,0,0,0,0
JD_11952746,2021-02-28,2,2,1,0,0,0,0
JD_11952744,2021-02-28,1,0,1,0,0,0,0
JD_11952743,2021-02-28,332,293,106,3,1,0,1
JD_11952742,2021-02-28,1,0,1,0,0,0,0
JD_11952741,2021-02-28,13,12,4,0,0,0,0
JD_11952739,2021-02-28,154,99,123,1,2,0,0
JD_11952737,2021-02-28,24,10,19,0,0,0,0
JD_11952736,2021-02-28,9,8,7,0,0,0,0
