JD_11313012,2021-02-28,0,0,0,0,0,0,0
JD_11313011,2021-02-28,4,3,3,0,0,0,0
JD_11313010,2021-02-28,10,9,2,0,0,0,0
JD_11313009,2021-02-28,4,2,2,0,0,0,1
JD_11313008,2021-02-28,1,1,0,0,0,0,0
JD_11313006,2021-02-28,463,0,439,19,5,0,0
JD_11313005,2021-02-28,33,10,33,1,0,0,0
JD_11313004,2021-02-28,58,23,43,2,1,0,0
JD_11313003,2021-02-28,12,0,12,0,0,0,0
JD_11313002,2021-02-28,52,25,45,0,2,0,0
JD_11312999,2021-02-28,11,2,11,0,0,0,0
JD_11312997,2021-02-28,0,0,0,0,0,0,0
JD_11312994,2021-02-28,8,1,8,0,0,0,0
JD_11312992,2021-02-28,104,38,102,1,1,0,0
JD_11312991,2021-02-28,3,0,3,0,0,0,0
JD_11312990,2021-02-28,8,4,7,0,0,0,0
JD_11312989,2021-02-28,10,1,10,0,0,0,0
JD_11312988,2021-02-28,77,49,65,0,0,0,0
JD_11312986,2021-02-28,6,3,6,0,0,0,0
JD_11312985,2021-02-28,6,3,3,0,0,0,0
JD_11312984,2021-02-28,3,0,3,0,0,0,0
JD_11312982,2021-02-28,37,26,18,0,0,0,0
JD_11312980,2021-02-28,20,14,8,0,0,0,0
JD_11312978,2021-02-28,21,7,17,0,0,0,0
JD_11312976,2021-02-28,6,5,5,0,0,0,0
JD_11312975,2021-02-28,1,1,1,0,0,0,0
JD_11312974,2021-02-28,4,2,2,0,0,0,0
JD_11312973,2021-02-28,1,1,0,0,0,0,0
JD_11312972,2021-02-28,5,2,2,0,1,0,0
JD_11312970,2021-02-28,4,3,0,1,0,0,0
JD_11312969,2021-02-28,0,0,0,0,0,0,0
JD_11312968,2021-02-28,18,4,17,0,1,0,0
JD_11312966,2021-02-28,85,53,52,0,0,0,0
JD_11312964,2021-02-28,7,4,6,0,0,0,0
JD_11312963,2021-02-28,148,108,76,0,0,0,0
JD_11312962,2021-02-28,13030,8979,8655,45,19,5,13
JD_11312959,2021-02-28,15,15,5,0,0,0,0
JD_11312956,2021-02-28,4,2,4,0,0,0,0
JD_11312949,2021-02-28,1,0,1,0,0,0,0
JD_11312948,2021-02-28,6,4,3,0,0,0,0
JD_11312933,2021-02-28,8,7,5,0,0,0,0
JD_11312932,2021-02-28,2,2,0,0,0,0,0
JD_11312931,2021-02-28,57,35,33,1,0,0,0
JD_11312930,2021-02-28,13,5,9,0,1,0,0
JD_11312928,2021-02-28,12,6,8,0,1,0,0
JD_11312927,2021-02-28,1,1,0,0,0,0,0
JD_11312926,2021-02-28,3,1,2,0,0,0,0
JD_11312924,2021-02-28,18,12,12,0,0,0,0
JD_11312923,2021-02-28,5,0,5,0,0,0,0
JD_11312919,2021-02-28,7,1,7,0,0,0,0
JD_11312916,2021-02-28,0,0,0,0,0,0,0
JD_11312913,2021-02-28,30,23,15,0,0,0,0
JD_11312907,2021-02-28,1,0,1,0,0,0,0
JD_11312886,2021-02-28,0,0,0,0,0,0,0
JD_11312880,2021-02-28,1,0,1,0,0,0,0
JD_11312876,2021-02-28,67,28,66,0,1,0,0
JD_11312875,2021-02-28,18,15,13,0,0,0,0
JD_11312873,2021-02-28,5,2,5,0,0,0,0
JD_11312870,2021-02-28,2,2,2,0,0,0,0
JD_11312864,2021-02-28,0,0,0,0,0,0,0
JD_11312836,2021-02-28,0,0,0,0,0,0,0
JD_11312834,2021-02-28,0,0,0,0,0,0,0
JD_11312832,2021-02-28,0,0,0,0,0,0,0
JD_11312831,2021-02-28,0,0,0,0,0,0,0
JD_11312828,2021-02-28,84,51,56,2,0,0,0
JD_11312826,2021-02-28,2,2,1,0,0,0,0
JD_11312825,2021-02-28,6,3,4,0,0,0,0
JD_11312824,2021-02-28,4,3,1,0,0,0,0
JD_11312822,2021-02-28,0,0,0,0,0,0,0
JD_11312820,2021-02-28,0,0,0,0,0,0,0
