JD_12132401,2021-02-28,52,40,12,0,0,0,0
JD_12132400,2021-02-28,16,12,15,0,0,0,0
JD_12132399,2021-02-28,43,36,25,0,0,0,0
JD_12132398,2021-02-28,756,587,532,4,2,0,5
JD_12132396,2021-02-28,294,250,99,0,0,0,0
JD_12132395,2021-02-28,3,3,3,0,0,0,0
JD_12132394,2021-02-28,80,69,37,0,0,1,1
JD_12132392,2021-02-28,59,38,32,1,0,0,0
JD_12132390,2021-02-28,110,94,77,1,1,0,0
JD_12132388,2021-02-28,6,6,5,0,0,0,0
JD_12132386,2021-02-28,21,14,11,1,0,0,0
JD_12132385,2021-02-28,13,10,9,0,0,0,1
JD_12132384,2021-02-28,81,48,79,1,0,0,0
JD_12132383,2021-02-28,8,7,6,0,0,0,0
JD_12132382,2021-02-28,14,13,14,0,0,0,0
JD_12132381,2021-02-28,2,2,1,0,0,0,0
JD_12132380,2021-02-28,295,233,219,0,0,2,1
JD_12132378,2021-02-28,109,70,109,0,0,0,1
JD_12132377,2021-02-28,11,9,9,0,1,0,0
JD_12132376,2021-02-28,12,7,9,0,0,0,0
JD_12132374,2021-02-28,0,0,0,0,0,0,0
JD_12132373,2021-02-28,21,17,21,0,0,0,0
JD_12132372,2021-02-28,23,14,23,0,0,0,0
JD_12132370,2021-02-28,3,2,2,0,0,0,0
JD_12132368,2021-02-28,11,8,8,0,0,0,0
JD_12132366,2021-02-28,34,27,13,0,1,0,0
JD_12132362,2021-02-28,0,0,0,0,0,0,0
JD_12132360,2021-02-28,17,12,13,0,0,0,0
JD_12132359,2021-02-28,6,4,6,0,0,0,0
JD_12132358,2021-02-28,207,154,128,2,0,0,2
JD_12132356,2021-02-28,4,4,4,0,0,0,0
JD_12132354,2021-02-28,4,3,2,0,0,0,0
JD_12132352,2021-02-28,14,8,14,0,0,0,0
JD_12132350,2021-02-28,14,11,8,0,0,0,0
JD_12132348,2021-02-28,3,3,3,0,0,0,0
JD_12132346,2021-02-28,3,2,2,0,0,0,0
JD_12132344,2021-02-28,4,3,3,0,0,0,0
JD_12132342,2021-02-28,31,23,30,1,0,0,0
JD_12132340,2021-02-28,7,3,7,0,0,0,0
JD_12132338,2021-02-28,20,13,20,0,0,0,0
JD_12132334,2021-02-28,81,64,51,0,0,0,0
JD_12132332,2021-02-28,7,4,6,0,0,0,0
JD_12132330,2021-02-28,7,7,2,0,0,0,0
JD_12131652,2021-02-28,228,172,145,1,0,1,1
JD_12131651,2021-02-28,74,50,73,0,0,0,0
JD_12131650,2021-02-28,395,275,296,1,0,0,1
JD_12131649,2021-02-28,1,0,1,0,0,0,0
JD_12131648,2021-02-28,8,7,6,0,0,0,0
JD_12131647,2021-02-28,107,91,59,0,2,0,0
JD_12131646,2021-02-28,138,92,134,1,0,0,1
JD_12131645,2021-02-28,5,2,3,0,0,0,0
JD_12131644,2021-02-28,861,452,757,4,0,0,4
