JD_12140265,2021-02-28,325,275,201,0,0,0,0
JD_12140264,2021-02-28,0,0,0,0,0,0,0
JD_12140263,2021-02-28,36,31,26,0,0,0,0
JD_12140262,2021-02-28,135,97,89,1,0,1,1
JD_12140261,2021-02-28,11,9,6,0,0,0,0
JD_12140260,2021-02-28,35,29,9,0,0,0,1
JD_12140259,2021-02-28,2,2,1,0,0,0,0
JD_12140258,2021-02-28,18,15,8,0,0,0,0
JD_12140257,2021-02-28,11,10,10,0,0,0,0
JD_12140256,2021-02-28,42,30,40,0,0,1,0
JD_12140255,2021-02-28,18,17,5,0,0,0,0
JD_12140254,2021-02-28,143,107,92,1,0,0,0
JD_12140253,2021-02-28,63,51,26,0,0,0,0
JD_12140252,2021-02-28,13,11,3,0,0,0,0
JD_12140251,2021-02-28,13,11,7,0,0,0,0
JD_12140250,2021-02-28,3,3,3,0,0,0,0
JD_12140249,2021-02-28,637,523,352,0,0,0,0
JD_12140248,2021-02-28,37,29,20,0,0,0,0
JD_12140247,2021-02-28,799,673,409,0,1,0,2
JD_12140246,2021-02-28,505,432,141,1,0,2,0
JD_12140245,2021-02-28,561,476,292,3,0,1,1
JD_12140244,2021-02-28,15,12,13,0,0,0,0
JD_12140243,2021-02-28,12,11,6,0,0,0,0
JD_12140242,2021-02-28,4,4,2,0,0,0,0
JD_12140241,2021-02-28,3,2,3,0,0,0,0
JD_12140240,2021-02-28,27,20,19,0,0,0,0
JD_12140239,2021-02-28,16,14,8,0,0,0,0
JD_12140238,2021-02-28,81,62,47,0,1,0,0
JD_12140237,2021-02-28,1592,1309,682,3,0,1,3
JD_12140236,2021-02-28,254,190,186,3,0,0,0
JD_12140235,2021-02-28,137,121,73,0,0,0,1
JD_12140234,2021-02-28,14,13,6,0,0,0,0
JD_12140233,2021-02-28,40,34,31,0,0,1,0
JD_12140232,2021-02-28,1,1,0,0,0,0,0
JD_12140230,2021-02-28,693,613,84,1,2,0,0
JD_12140229,2021-02-28,24,17,8,0,0,0,0
JD_12140228,2021-02-28,34,24,19,0,0,0,0
JD_12140227,2021-02-28,18,14,16,0,0,0,0
JD_12140226,2021-02-28,20,18,8,0,0,0,0
JD_12140225,2021-02-28,25,19,6,0,0,0,0
JD_12140224,2021-02-28,15,11,8,0,0,0,0
JD_12140223,2021-02-28,34,26,22,0,0,0,0
JD_12140222,2021-02-28,12,8,9,0,0,0,0
JD_12140221,2021-02-28,29,28,1,0,0,0,0
JD_12140220,2021-02-28,1,0,1,0,0,0,0
JD_12140219,2021-02-28,14,13,5,0,0,0,0
JD_12140218,2021-02-28,146,122,71,1,0,0,2
JD_12140217,2021-02-28,179,139,84,0,0,1,0
JD_12140216,2021-02-28,58,26,54,0,0,0,0
JD_12140215,2021-02-28,638,494,325,1,5,1,3
JD_12140214,2021-02-28,1,0,1,0,0,0,0
JD_12140213,2021-02-28,577,457,270,0,0,0,1
JD_12140212,2021-02-28,149,111,89,1,0,0,1
JD_12140211,2021-02-28,419,330,347,0,0,4,1
JD_12140210,2021-02-28,616,499,336,1,0,1,1
JD_12140209,2021-02-28,30,26,24,0,0,0,0
JD_12140208,2021-02-28,1279,985,1235,1,3,0,4
JD_12140207,2021-02-28,130,107,75,0,1,0,1
JD_12140206,2021-02-28,218,167,105,0,0,0,1
JD_12140205,2021-02-28,195,169,78,0,0,0,0
JD_12140204,2021-02-28,209,167,113,0,0,0,0
JD_12140201,2021-02-28,133,115,66,1,0,0,0
JD_12140200,2021-02-28,150,121,86,1,0,0,0
JD_12140199,2021-02-28,16,14,7,0,0,1,0
JD_12140198,2021-02-28,738,623,343,1,0,2,0
JD_12140197,2021-02-28,1,0,1,0,0,0,0
JD_12140195,2021-02-28,26,19,16,0,0,0,0
JD_12140194,2021-02-28,16,14,6,1,0,0,0
JD_12140193,2021-02-28,475,405,305,0,0,1,0
JD_12140192,2021-02-28,22,20,14,0,0,0,0
