JD_11388563,2021-02-28,13,3,12,1,0,0,0
JD_11388562,2021-02-28,0,0,0,0,0,0,0
JD_11388561,2021-02-28,24,15,16,0,0,0,0
JD_11388560,2021-02-28,9,3,7,0,0,0,0
JD_11388559,2021-02-28,27,16,17,0,0,0,0
JD_11388558,2021-02-28,297,215,219,0,0,0,1
JD_11388557,2021-02-28,0,0,0,0,0,0,0
JD_11388556,2021-02-28,0,0,0,0,0,0,0
JD_11388554,2021-02-28,28,20,21,0,0,0,0
JD_11388548,2021-02-28,35,17,27,0,0,0,0
JD_11388546,2021-02-28,3,3,2,0,0,0,0
JD_11388544,2021-02-28,0,0,0,0,0,0,0
JD_11388542,2021-02-28,50,0,47,3,0,0,0
JD_11388541,2021-02-28,463,79,455,6,0,0,3
JD_11388539,2021-02-28,33,16,23,3,0,0,1
JD_11388538,2021-02-28,141,30,121,4,3,0,0
JD_11388537,2021-02-28,19,10,19,0,0,0,0
JD_11388536,2021-02-28,16,1,16,0,0,0,0
JD_11388535,2021-02-28,177,63,174,1,1,0,0
JD_11388534,2021-02-28,18,5,15,2,0,0,0
JD_11388533,2021-02-28,6,0,6,0,0,0,0
JD_11388532,2021-02-28,10,0,8,2,0,0,0
JD_11388529,2021-02-28,7,2,4,0,1,0,0
JD_11388528,2021-02-28,225,153,131,1,0,0,0
JD_11388526,2021-02-28,1508,708,947,18,5,1,2
JD_11388524,2021-02-28,18,15,10,0,0,0,0
JD_11388521,2021-02-28,25,21,5,0,0,0,0
JD_11388517,2021-02-28,30,4,30,0,0,0,0
JD_11388516,2021-02-28,247,0,236,9,2,0,0
JD_11388514,2021-02-28,304,0,295,7,2,0,0
JD_11388513,2021-02-28,1265,744,989,5,1,1,1
JD_11388511,2021-02-28,272,44,268,2,1,0,0
JD_11388509,2021-02-28,445,1,434,10,1,0,0
JD_11388508,2021-02-28,3,3,2,0,0,0,0
JD_11388507,2021-02-28,8,0,8,0,0,0,0
JD_11388506,2021-02-28,10,1,8,2,0,0,0
JD_11388505,2021-02-28,133,42,124,1,4,0,0
JD_11388503,2021-02-28,11,2,10,1,0,0,0
JD_11388502,2021-02-28,11,0,11,0,0,0,0
JD_11388501,2021-02-28,12,3,10,0,0,0,0
JD_11388500,2021-02-28,9,0,9,0,0,0,0
JD_11388499,2021-02-28,16,3,15,0,0,0,0
JD_11388498,2021-02-28,3,0,2,0,1,0,0
JD_11388497,2021-02-28,14,7,8,0,0,0,0
JD_11388496,2021-02-28,7,5,7,0,0,0,0
JD_11388495,2021-02-28,2205,11,2089,78,35,0,0
JD_11388492,2021-02-28,4,2,2,0,0,0,0
JD_11388491,2021-02-28,0,0,0,0,0,0,0
JD_11388488,2021-02-28,65,12,61,0,2,0,1
JD_11388486,2021-02-28,2,0,2,0,0,0,0
JD_11388485,2021-02-28,4,3,2,0,0,0,0
JD_11388483,2021-02-28,24,16,10,0,0,0,0
JD_11388482,2021-02-28,5,3,2,0,1,0,0
JD_11388479,2021-02-28,2,1,1,0,0,0,0
JD_11388478,2021-02-28,1,0,1,0,0,0,0
JD_11388477,2021-02-28,3,2,2,0,0,0,0
JD_11388476,2021-02-28,13,10,8,0,0,0,0
JD_11388475,2021-02-28,61,47,29,0,0,0,0
JD_11388474,2021-02-28,0,0,0,0,0,0,0
JD_11388473,2021-02-28,0,0,0,0,0,0,0
JD_11388472,2021-02-28,0,0,0,0,0,0,0
JD_11388471,2021-02-28,71,51,35,0,1,0,0
JD_11388469,2021-02-28,69,53,33,0,0,0,0
JD_11388468,2021-02-28,53,41,30,0,0,0,0
JD_11388467,2021-02-28,16,4,12,0,2,0,0
JD_11388465,2021-02-28,71,27,50,1,2,0,1
JD_11388463,2021-02-28,100,0,97,2,1,0,0
JD_11388462,2021-02-28,44,1,43,1,0,0,0
JD_11388460,2021-02-28,124,63,93,1,1,0,0
JD_11388459,2021-02-28,3,0,3,0,0,0,0
