JD_11383323,2021-02-28,1,1,0,0,0,0,0
JD_11383322,2021-02-28,210,131,116,1,0,0,1
JD_11383321,2021-02-28,0,0,0,0,0,0,0
JD_11383320,2021-02-28,2,0,2,0,0,0,0
JD_11383318,2021-02-28,866,506,593,2,1,0,1
JD_11383316,2021-02-28,9,1,9,0,0,0,0
JD_11383314,2021-02-28,6,5,1,0,0,0,0
JD_11383313,2021-02-28,247,175,217,2,0,0,0
JD_11383312,2021-02-28,9,8,6,0,0,0,0
JD_11383311,2021-02-28,12,1,12,0,0,0,0
JD_11383303,2021-02-28,83,0,83,0,0,0,0
JD_11383302,2021-02-28,0,0,0,0,0,0,0
JD_11383301,2021-02-28,19,7,17,0,0,0,0
JD_11383299,2021-02-28,13,6,11,1,0,0,0
JD_11383272,2021-02-28,212,0,210,2,0,0,0
JD_11383271,2021-02-28,36,12,30,1,0,0,0
JD_11383270,2021-02-28,32,11,25,0,2,0,0
JD_11383268,2021-02-28,5,4,2,0,0,0,0
JD_11383267,2021-02-28,36,9,31,0,1,0,0
JD_11383266,2021-02-28,5,2,3,0,0,0,0
JD_11383265,2021-02-28,2,2,0,0,0,0,0
JD_11383263,2021-02-28,20,4,19,0,1,0,0
JD_11383262,2021-02-28,0,0,0,0,0,0,0
JD_11383260,2021-02-28,0,0,0,0,0,0,0
JD_11383259,2021-02-28,0,0,0,0,0,0,0
JD_11383257,2021-02-28,0,0,0,0,0,0,0
JD_11383256,2021-02-28,293,132,250,7,4,0,0
JD_11383255,2021-02-28,13,7,7,1,0,0,0
JD_11383252,2021-02-28,0,0,0,0,0,0,0
JD_11383251,2021-02-28,2,2,2,0,0,0,0
JD_11383250,2021-02-28,28,21,20,0,0,0,0
JD_11383249,2021-02-28,27,23,15,1,0,0,0
JD_11383246,2021-02-28,212,169,56,0,0,0,0
JD_11383245,2021-02-28,31,13,31,0,0,0,0
JD_11383244,2021-02-28,45,37,25,0,0,0,0
JD_11383238,2021-02-28,0,0,0,0,0,0,0
JD_11383235,2021-02-28,0,0,0,0,0,0,0
JD_11383232,2021-02-28,0,0,0,0,0,0,0
JD_11383231,2021-02-28,0,0,0,0,0,0,0
JD_11383229,2021-02-28,0,0,0,0,0,0,0
JD_11383226,2021-02-28,3,3,1,0,0,0,0
JD_11383225,2021-02-28,8,6,5,0,0,0,0
JD_11383223,2021-02-28,32,21,22,0,0,0,0
JD_11383222,2021-02-28,11,0,10,1,0,0,0
JD_11383221,2021-02-28,7,3,6,0,0,0,0
JD_11383218,2021-02-28,0,0,0,0,0,0,0
JD_11383187,2021-02-28,0,0,0,0,0,0,0
JD_11383183,2021-02-28,0,0,0,0,0,0,0
JD_11383164,2021-02-28,166,1,165,1,0,0,0
JD_11383163,2021-02-28,133,20,131,1,1,0,0
JD_11383162,2021-02-28,175,26,174,1,0,0,1
JD_11383161,2021-02-28,8,1,8,0,0,0,0
JD_11383160,2021-02-28,0,0,0,0,0,0,0
JD_11383158,2021-02-28,294,27,285,8,1,0,2
JD_11383156,2021-02-28,32,0,30,2,0,0,0
JD_11383154,2021-02-28,0,0,0,0,0,0,0
JD_11383153,2021-02-28,11,0,9,1,1,0,0
JD_11383152,2021-02-28,24,0,22,1,1,0,0
JD_11383151,2021-02-28,9,0,7,0,2,0,0
JD_11383150,2021-02-28,1,0,1,0,0,0,0
JD_11383149,2021-02-28,7,0,5,2,0,0,0
JD_11383148,2021-02-28,36,0,31,3,2,0,0
JD_11383147,2021-02-28,167,126,120,3,0,0,0
JD_11383146,2021-02-28,539,392,297,2,1,0,0
JD_11383137,2021-02-28,0,0,0,0,0,0,0
JD_11383134,2021-02-28,12,0,10,2,0,0,0
JD_11383133,2021-02-28,27,7,22,0,0,0,0
JD_11383132,2021-02-28,52,21,40,1,0,0,0
JD_11383131,2021-02-28,33,8,28,1,0,0,0
JD_11383129,2021-02-28,30,1,29,0,0,0,0
