JD_11630604,2021-02-28,6,2,6,0,0,0,0
JD_11630603,2021-02-28,0,0,0,0,0,0,0
JD_11630602,2021-02-28,0,0,0,0,0,0,0
JD_11630601,2021-02-28,1,0,1,0,0,0,0
JD_11630600,2021-02-28,0,0,0,0,0,0,0
JD_11630599,2021-02-28,2,0,2,0,0,0,0
JD_11630598,2021-02-28,0,0,0,0,0,0,0
JD_11630597,2021-02-28,0,0,0,0,0,0,0
JD_11630595,2021-02-28,0,0,0,0,0,0,0
JD_11630594,2021-02-28,3,0,3,0,0,0,0
JD_11630593,2021-02-28,1,1,0,0,0,0,0
JD_11630592,2021-02-28,0,0,0,0,0,0,0
JD_11630591,2021-02-28,1,0,1,0,0,0,0
JD_11630590,2021-02-28,4,0,3,1,0,0,0
JD_11630589,2021-02-28,0,0,0,0,0,0,0
JD_11630588,2021-02-28,14,0,14,0,0,0,0
JD_11630587,2021-02-28,3,3,3,0,0,0,0
JD_11630586,2021-02-28,1,0,1,0,0,0,0
JD_11630585,2021-02-28,1,0,1,0,0,0,0
JD_11630584,2021-02-28,3,1,2,0,0,0,0
JD_11630583,2021-02-28,0,0,0,0,0,0,0
JD_11630582,2021-02-28,3,1,3,0,0,0,0
JD_11630580,2021-02-28,4,3,3,0,0,0,0
JD_11630578,2021-02-28,3,1,2,0,0,0,0
JD_11630577,2021-02-28,4,3,4,0,0,0,0
JD_11630575,2021-02-28,0,0,0,0,0,0,0
JD_11630574,2021-02-28,1,1,1,0,0,0,0
JD_11630573,2021-02-28,2,2,0,0,0,0,0
JD_11630572,2021-02-28,0,0,0,0,0,0,0
JD_11630570,2021-02-28,2,2,1,0,0,0,0
JD_11630569,2021-02-28,1,0,1,0,0,0,0
JD_11630567,2021-02-28,1,1,1,0,0,0,0
JD_11630566,2021-02-28,0,0,0,0,0,0,0
JD_11630565,2021-02-28,1,1,1,0,0,0,0
JD_11630564,2021-02-28,0,0,0,0,0,0,0
JD_11630563,2021-02-28,0,0,0,0,0,0,0
JD_11630562,2021-02-28,1,1,0,0,0,0,0
JD_11630561,2021-02-28,3,3,0,0,0,0,0
JD_11630560,2021-02-28,1,1,0,0,0,0,0
JD_11630558,2021-02-28,3,3,2,0,0,0,0
JD_11630275,2021-02-28,198,0,194,4,0,0,0
JD_11630272,2021-02-28,13,6,10,0,0,0,0
JD_11630271,2021-02-28,0,0,0,0,0,0,0
JD_11630270,2021-02-28,15,8,13,1,0,0,0
JD_11630269,2021-02-28,6,0,6,0,0,0,0
JD_11630267,2021-02-28,0,0,0,0,0,0,0
JD_11630266,2021-02-28,3,1,3,0,0,0,0
JD_11630264,2021-02-28,23,8,22,0,1,0,1
JD_11630263,2021-02-28,176,26,176,0,0,0,0
JD_11630262,2021-02-28,5,2,4,0,0,0,0
JD_11630261,2021-02-28,0,0,0,0,0,0,0
JD_11630260,2021-02-28,3,1,3,0,0,0,0
JD_11630257,2021-02-28,5,4,4,0,0,0,0
JD_11630256,2021-02-28,56,0,56,0,0,0,0
JD_11630255,2021-02-28,15,1,15,0,0,0,0
JD_11630253,2021-02-28,0,0,0,0,0,0,0
JD_11630252,2021-02-28,0,0,0,0,0,0,0
JD_11630251,2021-02-28,22,12,21,0,0,0,0
JD_11630250,2021-02-28,17,6,14,0,0,0,0
JD_11630248,2021-02-28,1,1,0,0,0,0,0
JD_11630247,2021-02-28,4,0,4,0,0,0,0
JD_11630246,2021-02-28,1,1,0,0,0,0,0
JD_11630244,2021-02-28,5,5,1,0,0,0,0
JD_11630243,2021-02-28,13,9,7,1,0,0,0
JD_11630241,2021-02-28,7,5,6,0,0,0,0
JD_11630240,2021-02-28,13,12,2,0,0,0,0
JD_11630239,2021-02-28,21,15,17,0,0,0,0
JD_11630238,2021-02-28,10,9,2,0,0,0,0
JD_11630237,2021-02-28,196,141,162,0,1,0,0
JD_11630236,2021-02-28,465,380,228,0,0,0,0
