JD_11539534,2021-02-28,45,26,28,0,0,0,0
JD_11539533,2021-02-28,14,8,11,0,0,0,0
JD_11539532,2021-02-28,40,24,25,1,0,0,0
JD_11539531,2021-02-28,391,218,254,4,1,1,1
JD_11539530,2021-02-28,290,168,241,2,0,0,0
JD_11539529,2021-02-28,103,81,52,0,0,0,0
JD_11539528,2021-02-28,1,1,0,0,0,0,0
JD_11539527,2021-02-28,0,0,0,0,0,0,0
JD_11539526,2021-02-28,437,269,314,1,0,1,0
JD_11539525,2021-02-28,282,161,161,3,0,0,3
JD_11539524,2021-02-28,101,45,69,3,0,1,0
JD_11539523,2021-02-28,353,257,238,1,5,0,0
JD_11539522,2021-02-28,55,40,35,0,0,0,0
JD_11539521,2021-02-28,54,32,38,0,2,0,0
JD_11539520,2021-02-28,88,49,64,2,0,0,0
JD_11539519,2021-02-28,85,45,63,0,2,0,0
JD_11539518,2021-02-28,49,27,23,1,0,0,0
JD_11539517,2021-02-28,300,216,191,1,1,0,1
JD_11539516,2021-02-28,11,0,11,0,0,0,0
JD_11539514,2021-02-28,35,19,21,0,0,0,0
JD_11539513,2021-02-28,122,91,70,1,0,0,0
JD_11539512,2021-02-28,466,282,320,0,1,0,2
JD_11539510,2021-02-28,192,4,190,1,1,0,0
JD_11539508,2021-02-28,52,36,24,1,0,0,1
JD_11539507,2021-02-28,4,2,3,0,1,0,0
JD_11539506,2021-02-28,1,0,1,0,0,0,0
JD_11539505,2021-02-28,5,5,3,0,0,0,0
JD_11539504,2021-02-28,125,29,115,1,0,0,0
JD_11539503,2021-02-28,15,10,8,0,0,0,0
JD_11539502,2021-02-28,3,2,1,0,0,0,0
JD_11539501,2021-02-28,167,127,110,1,0,0,0
JD_11539500,2021-02-28,140,104,55,1,0,0,0
JD_11539499,2021-02-28,6,0,5,1,0,0,0
JD_11539498,2021-02-28,11,6,10,0,0,0,0
JD_11539497,2021-02-28,19,4,18,0,1,0,0
JD_11539496,2021-02-28,66,36,42,1,2,0,0
JD_11539495,2021-02-28,41,17,36,2,0,0,0
JD_11539494,2021-02-28,57,34,29,1,0,0,0
JD_11539493,2021-02-28,55,29,28,0,0,0,0
JD_11539492,2021-02-28,56,42,28,0,0,0,0
JD_11539491,2021-02-28,10,7,10,0,0,0,0
JD_11539489,2021-02-28,553,49,526,12,8,0,0
JD_11539488,2021-02-28,43,30,20,1,0,0,0
JD_11539486,2021-02-28,12,6,11,0,0,0,0
JD_11539485,2021-02-28,12,7,12,0,0,0,0
JD_11539480,2021-02-28,115,0,112,3,0,0,0
JD_11539478,2021-02-28,191,0,181,6,4,0,0
JD_11539475,2021-02-28,625,107,539,11,2,0,0
JD_11539473,2021-02-28,5394,2791,3771,37,15,5,10
JD_11539472,2021-02-28,104,0,99,3,2,0,0
JD_11539469,2021-02-28,41,18,32,0,0,0,0
JD_11539466,2021-02-28,16,7,10,0,0,0,0
JD_11539465,2021-02-28,51,36,29,0,0,0,0
JD_11539461,2021-02-28,3,3,0,0,0,0,0
JD_11539460,2021-02-28,49,37,29,0,1,0,0
JD_11539459,2021-02-28,2,1,1,0,0,0,0
JD_11539458,2021-02-28,1,0,0,0,1,0,0
JD_11539457,2021-02-28,17,9,9,1,0,0,0
JD_11539456,2021-02-28,0,0,0,0,0,0,0
JD_11539455,2021-02-28,14,6,9,1,0,0,0
JD_11539451,2021-02-28,0,0,0,0,0,0,0
JD_11539448,2021-02-28,53,38,40,0,0,0,0
JD_11539445,2021-02-28,514,328,510,2,2,0,1
JD_11539444,2021-02-28,0,0,0,0,0,0,0
JD_11539443,2021-02-28,0,0,0,0,0,0,0
JD_11539442,2021-02-28,0,0,0,0,0,0,0
JD_11539440,2021-02-28,4,0,4,0,0,0,0
JD_11539436,2021-02-28,0,0,0,0,0,0,0
JD_11539434,2021-02-28,0,0,0,0,0,0,0
JD_11539433,2021-02-28,9,7,9,0,0,0,0
