JD_11453158,2021-02-28,0,0,0,0,0,0,0
JD_11453157,2021-02-28,0,0,0,0,0,0,0
JD_11453156,2021-02-28,0,0,0,0,0,0,0
JD_11453155,2021-02-28,0,0,0,0,0,0,0
JD_11453154,2021-02-28,0,0,0,0,0,0,0
JD_11453151,2021-02-28,1,1,0,0,0,0,0
JD_11453149,2021-02-28,0,0,0,0,0,0,0
JD_11453148,2021-02-28,1,0,1,0,0,0,0
JD_11453147,2021-02-28,0,0,0,0,0,0,0
JD_11453146,2021-02-28,0,0,0,0,0,0,0
JD_11453145,2021-02-28,0,0,0,0,0,0,0
JD_11453144,2021-02-28,0,0,0,0,0,0,0
JD_11453141,2021-02-28,0,0,0,0,0,0,0
JD_11453140,2021-02-28,0,0,0,0,0,0,0
JD_11453136,2021-02-28,0,0,0,0,0,0,0
JD_11453135,2021-02-28,0,0,0,0,0,0,0
JD_11453131,2021-02-28,0,0,0,0,0,0,0
JD_11453130,2021-02-28,1,1,1,0,0,0,0
JD_11453129,2021-02-28,0,0,0,0,0,0,0
JD_11453122,2021-02-28,0,0,0,0,0,0,0
JD_11453114,2021-02-28,0,0,0,0,0,0,0
JD_11453113,2021-02-28,1,0,1,0,0,0,0
JD_11453108,2021-02-28,0,0,0,0,0,0,0
JD_11453098,2021-02-28,0,0,0,0,0,0,0
JD_11453082,2021-02-28,0,0,0,0,0,0,0
JD_11453077,2021-02-28,0,0,0,0,0,0,0
JD_11453073,2021-02-28,0,0,0,0,0,0,0
JD_11453072,2021-02-28,0,0,0,0,0,0,0
JD_11453071,2021-02-28,0,0,0,0,0,0,0
JD_11453068,2021-02-28,1,1,1,0,0,0,0
JD_11453062,2021-02-28,4,4,3,0,0,0,0
JD_11453053,2021-02-28,0,0,0,0,0,0,0
JD_11453031,2021-02-28,0,0,0,0,0,0,0
JD_11453015,2021-02-28,0,0,0,0,0,0,0
JD_11453005,2021-02-28,0,0,0,0,0,0,0
JD_11453004,2021-02-28,0,0,0,0,0,0,0
JD_11452999,2021-02-28,0,0,0,0,0,0,0
JD_11452996,2021-02-28,25,21,14,1,0,0,0
JD_11452994,2021-02-28,0,0,0,0,0,0,0
JD_11452993,2021-02-28,14,1,9,0,4,0,0
JD_11452992,2021-02-28,0,0,0,0,0,0,0
JD_11452990,2021-02-28,0,0,0,0,0,0,0
JD_11452989,2021-02-28,17,10,11,0,0,0,0
JD_11452988,2021-02-28,27,17,21,0,0,0,0
JD_11452987,2021-02-28,0,0,0,0,0,0,0
JD_11452986,2021-02-28,1497,1063,1211,3,1,0,8
JD_11452985,2021-02-28,570,336,503,2,1,0,0
JD_11452984,2021-02-28,1,0,1,0,0,0,0
JD_11452982,2021-02-28,2,2,0,0,0,0,0
JD_11452980,2021-02-28,333,184,263,1,1,1,3
JD_11452978,2021-02-28,19,0,16,1,2,0,0
JD_11452977,2021-02-28,15,3,12,0,0,0,0
JD_11452976,2021-02-28,17,9,16,0,0,0,0
JD_11452975,2021-02-28,13,9,8,1,0,0,0
JD_11452973,2021-02-28,44,34,26,0,0,0,0
JD_11452972,2021-02-28,5,3,5,0,0,0,0
JD_11452971,2021-02-28,393,47,376,17,0,0,1
JD_11452970,2021-02-28,0,0,0,0,0,0,0
JD_11452968,2021-02-28,0,0,0,0,0,0,0
JD_11452967,2021-02-28,26,9,24,0,0,0,0
JD_11452966,2021-02-28,13,2,13,0,0,0,0
JD_11452965,2021-02-28,37,7,37,0,0,0,0
JD_11452964,2021-02-28,18,4,18,0,0,0,0
JD_11452963,2021-02-28,28,15,26,0,0,0,0
JD_11452962,2021-02-28,184,0,180,3,1,0,0
JD_11452961,2021-02-28,33,13,29,0,0,0,0
JD_11452960,2021-02-28,25,3,24,0,0,0,0
JD_11452959,2021-02-28,0,0,0,0,0,0,0
JD_11452958,2021-02-28,97,62,73,1,0,0,0
JD_11452957,2021-02-28,11,6,5,1,0,0,0
