JD_11513114,2021-02-28,28,22,14,0,0,0,0
JD_11513113,2021-02-28,33,20,21,0,0,0,1
JD_11513112,2021-02-28,252,146,230,0,2,1,0
JD_11513111,2021-02-28,1449,1198,763,2,2,3,1
JD_11513109,2021-02-28,3471,2765,1865,3,2,1,7
JD_11513108,2021-02-28,5111,3391,4216,7,2,3,5
JD_11513107,2021-02-28,2544,1924,1501,3,2,2,2
JD_11513106,2021-02-28,37,34,18,0,0,0,0
JD_11513105,2021-02-28,5,1,4,0,0,0,0
JD_11513104,2021-02-28,6,1,5,0,0,0,0
JD_11513103,2021-02-28,0,0,0,0,0,0,0
JD_11513101,2021-02-28,0,0,0,0,0,0,0
JD_11513099,2021-02-28,5,1,4,0,0,0,0
JD_11513098,2021-02-28,6,2,5,0,0,0,0
JD_11513090,2021-02-28,0,0,0,0,0,0,0
JD_11513089,2021-02-28,0,0,0,0,0,0,0
JD_11513088,2021-02-28,0,0,0,0,0,0,0
JD_11513087,2021-02-28,1,1,0,0,0,0,0
JD_11513083,2021-02-28,0,0,0,0,0,0,0
JD_11513082,2021-02-28,3,3,1,0,0,0,0
JD_11513081,2021-02-28,0,0,0,0,0,0,0
JD_11513080,2021-02-28,0,0,0,0,0,0,0
JD_11513079,2021-02-28,1,1,1,0,0,0,0
JD_11513078,2021-02-28,0,0,0,0,0,0,0
JD_11513075,2021-02-28,0,0,0,0,0,0,0
JD_11513074,2021-02-28,0,0,0,0,0,0,0
JD_11513073,2021-02-28,7,5,6,0,0,0,0
JD_11513072,2021-02-28,103,45,68,1,2,0,0
JD_11513071,2021-02-28,83,39,57,0,0,0,0
JD_11513070,2021-02-28,94,43,59,0,1,0,0
JD_11513068,2021-02-28,1,1,1,0,0,0,0
JD_11513067,2021-02-28,10,0,10,0,0,0,0
JD_11513066,2021-02-28,4,0,4,0,0,0,0
JD_11513064,2021-02-28,0,0,0,0,0,0,0
JD_11513062,2021-02-28,81,33,58,1,0,0,0
JD_11513060,2021-02-28,40,22,39,0,1,0,0
JD_11513058,2021-02-28,15,4,14,0,1,0,0
JD_11513057,2021-02-28,20,12,19,0,0,0,0
JD_11513056,2021-02-28,18,12,11,0,0,0,0
JD_11513055,2021-02-28,10,8,7,0,0,0,0
JD_11513054,2021-02-28,20,10,20,0,0,0,0
JD_11513053,2021-02-28,0,0,0,0,0,0,0
JD_11513052,2021-02-28,2,0,2,0,0,0,0
JD_11513051,2021-02-28,497,372,222,0,0,1,1
JD_11513049,2021-02-28,14,2,14,0,0,0,0
JD_11513047,2021-02-28,0,0,0,0,0,0,0
JD_11513045,2021-02-28,0,0,0,0,0,0,0
JD_11513044,2021-02-28,0,0,0,0,0,0,0
JD_11513042,2021-02-28,0,0,0,0,0,0,0
JD_11513041,2021-02-28,0,0,0,0,0,0,0
JD_11513040,2021-02-28,0,0,0,0,0,0,0
JD_11513039,2021-02-28,0,0,0,0,0,0,0
JD_11513038,2021-02-28,0,0,0,0,0,0,0
JD_11513037,2021-02-28,0,0,0,0,0,0,0
JD_11513035,2021-02-28,0,0,0,0,0,0,0
JD_11513034,2021-02-28,0,0,0,0,0,0,0
JD_11513033,2021-02-28,0,0,0,0,0,0,0
JD_11513032,2021-02-28,0,0,0,0,0,0,0
JD_11513029,2021-02-28,0,0,0,0,0,0,0
JD_11513027,2021-02-28,0,0,0,0,0,0,0
JD_11513025,2021-02-28,0,0,0,0,0,0,0
JD_11513024,2021-02-28,7,4,7,0,0,0,0
JD_11513023,2021-02-28,0,0,0,0,0,0,0
JD_11513018,2021-02-28,23,7,23,0,0,0,0
JD_11513017,2021-02-28,52,21,44,0,0,0,0
JD_11513016,2021-02-28,7,1,6,0,0,0,0
JD_11513015,2021-02-28,674,6,654,13,7,0,1
JD_11513013,2021-02-28,72,21,60,0,0,0,0
JD_11513012,2021-02-28,25,16,15,0,0,0,0
JD_11512765,2021-02-28,191,92,114,7,0,0,0
