JD_12534890,2021-02-28,105,89,19,0,0,0,0
JD_12534889,2021-02-28,326,286,38,0,2,0,1
JD_12534888,2021-02-28,5,4,1,0,0,0,0
JD_12534887,2021-02-28,164,145,19,0,0,0,0
JD_12534886,2021-02-28,12,12,0,0,0,0,0
JD_12534885,2021-02-28,893,761,129,3,0,0,2
JD_12534884,2021-02-28,4578,3782,788,5,3,6,12
JD_12534883,2021-02-28,36,27,9,0,0,0,0
JD_12534882,2021-02-28,64,48,17,0,0,0,0
JD_12534881,2021-02-28,954,829,122,1,2,0,4
JD_12534880,2021-02-28,32,32,0,0,0,0,0
JD_12534879,2021-02-28,1,1,0,0,0,0,0
JD_12534878,2021-02-28,2,2,0,0,0,0,0
JD_12534877,2021-02-28,28,22,6,0,0,0,0
JD_12534874,2021-02-28,21,18,3,0,0,0,0
JD_12534873,2021-02-28,73,58,15,0,0,0,1
JD_12534872,2021-02-28,37,31,6,0,0,0,0
JD_12534870,2021-02-28,86,66,20,0,0,0,0
JD_12534869,2021-02-28,7,7,0,0,0,0,0
JD_12534868,2021-02-28,148,115,33,0,0,0,1
JD_12534867,2021-02-28,27,22,5,0,0,0,0
JD_12534866,2021-02-28,40,32,8,0,0,0,0
JD_12534865,2021-02-28,43,38,5,0,0,0,0
JD_12534864,2021-02-28,68,58,10,0,0,0,0
JD_12534863,2021-02-28,42,30,12,0,0,0,0
JD_12534862,2021-02-28,69,52,17,0,0,0,1
JD_12534861,2021-02-28,22,20,2,0,0,0,0
JD_12534860,2021-02-28,40,36,4,0,0,0,0
JD_12534859,2021-02-28,6,4,2,0,0,0,0
JD_12534858,2021-02-28,318,248,69,0,1,0,1
JD_12534857,2021-02-28,496,447,49,0,0,0,0
JD_12534856,2021-02-28,472,388,84,0,0,0,1
JD_12534855,2021-02-28,7,5,2,0,0,0,0
JD_12534854,2021-02-28,65,50,12,1,2,0,0
JD_12534853,2021-02-28,24,19,5,0,0,0,0
JD_12534852,2021-02-28,15,14,1,0,0,0,0
JD_12534851,2021-02-28,18,15,3,0,0,0,0
JD_12534850,2021-02-28,748,588,155,1,4,2,3
JD_12534849,2021-02-28,33,29,4,0,0,0,0
JD_12534848,2021-02-28,19,17,2,0,0,0,0
JD_12534847,2021-02-28,30,25,4,0,1,0,0
JD_12534846,2021-02-28,179,137,42,0,0,0,2
JD_12534845,2021-02-28,33,25,8,0,0,0,0
JD_12534844,2021-02-28,261,209,52,0,0,0,0
JD_12534843,2021-02-28,30,28,2,0,0,0,0
JD_12534842,2021-02-28,30,27,3,0,0,0,0
JD_12534841,2021-02-28,61,49,12,0,0,0,0
JD_12534840,2021-02-28,218,179,38,0,1,1,1
JD_12534839,2021-02-28,2,2,0,0,0,0,0
JD_12534838,2021-02-28,191,163,28,0,0,0,0
JD_12534837,2021-02-28,3310,2865,441,1,3,3,1
JD_12534836,2021-02-28,110,88,21,0,1,0,0
JD_12534835,2021-02-28,1813,1556,255,2,0,0,0
JD_12534834,2021-02-28,2,2,0,0,0,0,0
JD_12534833,2021-02-28,2189,1842,346,0,1,1,3
JD_12534832,2021-02-28,212,188,27,0,0,0,0
JD_12534831,2021-02-28,9,7,2,0,0,0,0
JD_12534830,2021-02-28,340,264,78,0,0,0,1
JD_12534829,2021-02-28,42,37,5,0,0,0,0
JD_12534828,2021-02-28,133,113,20,0,0,0,0
JD_12534827,2021-02-28,7,6,1,0,0,0,0
JD_12534826,2021-02-28,1022,836,183,2,1,0,2
JD_12534825,2021-02-28,2508,2131,376,1,0,1,2
JD_12534824,2021-02-28,311,250,62,0,0,0,0
JD_12534823,2021-02-28,7,6,1,0,0,0,0
JD_12534822,2021-02-28,66,56,10,0,0,1,0
JD_12534821,2021-02-28,2,2,0,0,0,0,0
JD_12534820,2021-02-28,37,33,2,2,0,0,0
JD_12534819,2021-02-28,312,245,67,0,0,0,1
JD_12534818,2021-02-28,196,170,31,1,0,0,2
