JD_11484234,2021-02-28,31,20,18,0,0,0,0
JD_11484233,2021-02-28,11,6,5,0,0,0,1
JD_11484232,2021-02-28,135,89,96,0,1,0,0
JD_11484229,2021-02-28,4,1,3,0,0,0,0
JD_11484228,2021-02-28,4,1,4,0,0,0,0
JD_11484219,2021-02-28,3,0,3,0,0,0,0
JD_11484217,2021-02-28,0,0,0,0,0,0,0
JD_11484215,2021-02-28,3,3,0,0,0,0,0
JD_11484213,2021-02-28,0,0,0,0,0,0,0
JD_11484211,2021-02-28,2,1,2,0,0,0,0
JD_11484210,2021-02-28,0,0,0,0,0,0,0
JD_11484207,2021-02-28,5,2,4,0,0,0,0
JD_11484206,2021-02-28,0,0,0,0,0,0,0
JD_11484205,2021-02-28,9,0,9,0,0,0,0
JD_11484203,2021-02-28,28,19,28,0,0,0,0
JD_11484202,2021-02-28,41,25,40,1,0,0,0
JD_11484201,2021-02-28,45,21,44,0,1,0,0
JD_11484200,2021-02-28,17,13,6,1,0,0,0
JD_11484199,2021-02-28,0,0,0,0,0,0,0
JD_11484198,2021-02-28,27,12,25,0,1,0,1
JD_11484197,2021-02-28,40,22,36,3,0,0,0
JD_11484196,2021-02-28,23,12,19,0,0,0,0
JD_11484195,2021-02-28,19,13,15,0,0,0,0
JD_11484194,2021-02-28,7,5,5,0,0,0,0
JD_11484193,2021-02-28,28,21,16,0,0,0,0
JD_11484192,2021-02-28,31,14,27,1,0,0,0
JD_11484191,2021-02-28,22,12,19,0,0,0,0
JD_11484190,2021-02-28,39,19,24,0,1,0,0
JD_11484189,2021-02-28,33,18,32,0,0,0,0
JD_11484188,2021-02-28,14,9,7,0,0,0,0
JD_11484187,2021-02-28,26,17,18,1,0,0,0
JD_11484186,2021-02-28,47,22,47,0,0,0,0
JD_11484185,2021-02-28,18,13,11,0,0,0,0
JD_11484184,2021-02-28,34,14,31,0,2,0,0
JD_11484183,2021-02-28,27,18,19,0,1,0,0
JD_11484182,2021-02-28,30,21,27,0,1,0,0
JD_11484181,2021-02-28,19,15,8,0,0,0,0
JD_11484180,2021-02-28,30,21,20,0,0,0,0
JD_11484179,2021-02-28,5,3,3,0,0,0,0
JD_11484178,2021-02-28,24,21,15,0,0,0,0
JD_11484177,2021-02-28,18,14,7,0,0,0,0
JD_11484176,2021-02-28,27,21,13,0,0,0,0
JD_11484175,2021-02-28,13,11,5,0,0,0,0
JD_11484174,2021-02-28,0,0,0,0,0,0,0
JD_11484173,2021-02-28,22,11,15,2,0,0,0
JD_11484172,2021-02-28,58,38,49,0,1,0,0
JD_11484171,2021-02-28,42,34,16,0,0,0,0
JD_11484170,2021-02-28,18,10,14,0,1,0,0
JD_11484169,2021-02-28,28,18,28,0,0,0,0
JD_11484168,2021-02-28,27,13,17,1,0,0,0
JD_11484167,2021-02-28,1,1,0,0,0,0,0
JD_11484160,2021-02-28,0,0,0,0,0,0,0
JD_11484157,2021-02-28,2,1,1,0,0,0,0
JD_11484149,2021-02-28,15,11,11,0,0,0,0
JD_11484142,2021-02-28,0,0,0,0,0,0,0
JD_11484141,2021-02-28,1,0,1,0,0,0,0
JD_11484140,2021-02-28,0,0,0,0,0,0,0
JD_11484139,2021-02-28,1,1,0,0,0,0,0
JD_11484138,2021-02-28,0,0,0,0,0,0,0
JD_11484135,2021-02-28,6,5,3,1,0,0,0
JD_11484134,2021-02-28,1,1,1,0,0,0,0
JD_11484133,2021-02-28,0,0,0,0,0,0,0
JD_11484129,2021-02-28,0,0,0,0,0,0,0
JD_11484127,2021-02-28,0,0,0,0,0,0,0
JD_11484125,2021-02-28,0,0,0,0,0,0,0
JD_11484122,2021-02-28,0,0,0,0,0,0,0
JD_11484120,2021-02-28,1,1,1,0,0,0,0
JD_11484119,2021-02-28,2,1,2,0,0,0,0
JD_11484118,2021-02-28,0,0,0,0,0,0,0
JD_11484117,2021-02-28,0,0,0,0,0,0,0
