JD_11534242,2021-02-28,32,5,32,0,0,0,0
JD_11534241,2021-02-28,18,11,16,0,0,0,0
JD_11534240,2021-02-28,111,60,86,0,1,0,0
JD_11534238,2021-02-28,27,16,19,0,0,0,0
JD_11534237,2021-02-28,19,13,13,0,0,0,0
JD_11534236,2021-02-28,2,1,2,0,0,0,0
JD_11534234,2021-02-28,48,14,39,2,0,0,1
JD_11534233,2021-02-28,6,3,5,0,0,0,0
JD_11534232,2021-02-28,18,18,2,0,0,0,0
JD_11534231,2021-02-28,183,133,106,2,0,0,0
JD_11534230,2021-02-28,79,39,47,3,0,0,0
JD_11534229,2021-02-28,82,40,58,0,0,0,0
JD_11534226,2021-02-28,69,24,69,0,0,0,0
JD_11534225,2021-02-28,49,18,39,0,0,0,0
JD_11534222,2021-02-28,45,17,41,0,0,0,0
JD_11534218,2021-02-28,6,5,4,0,0,0,0
JD_11534217,2021-02-28,5731,3961,4351,11,5,4,13
JD_11534216,2021-02-28,0,0,0,0,0,0,0
JD_11534215,2021-02-28,277,100,236,3,1,1,1
JD_11534214,2021-02-28,45,5,43,1,0,0,0
JD_11534213,2021-02-28,2,0,2,0,0,0,0
JD_11534212,2021-02-28,4,4,2,0,0,0,0
JD_11534211,2021-02-28,14,8,9,0,0,0,0
JD_11534210,2021-02-28,14683,9981,8406,37,18,9,24
JD_11534209,2021-02-28,29,20,15,0,0,0,0
JD_11534208,2021-02-28,8,4,4,0,0,0,0
JD_11534207,2021-02-28,17,13,5,1,0,0,0
JD_11534206,2021-02-28,4,4,3,0,0,0,0
JD_11534205,2021-02-28,0,0,0,0,0,0,0
JD_11534202,2021-02-28,12,0,11,0,1,0,0
JD_11534201,2021-02-28,13,11,8,0,0,0,0
JD_11534200,2021-02-28,3,3,2,0,0,0,0
JD_11534199,2021-02-28,19,16,3,0,0,0,0
JD_11534198,2021-02-28,7,5,2,1,0,0,0
JD_11534197,2021-02-28,5,1,3,0,1,0,1
JD_11534196,2021-02-28,32,26,17,1,0,0,0
JD_11534195,2021-02-28,3,1,3,0,0,0,0
JD_11534194,2021-02-28,87,46,76,1,2,0,1
JD_11534193,2021-02-28,3,2,1,0,0,0,0
JD_11534192,2021-02-28,11,7,11,0,0,0,0
JD_11534191,2021-02-28,5,4,2,0,0,0,0
JD_11534190,2021-02-28,3,2,2,0,0,0,0
JD_11534189,2021-02-28,18,10,11,0,0,0,0
JD_11534188,2021-02-28,11,7,5,0,0,0,0
JD_11534187,2021-02-28,1,1,0,0,0,0,0
JD_11534186,2021-02-28,9,8,7,0,0,0,0
JD_11534185,2021-02-28,1,0,2,0,0,0,0
JD_11534184,2021-02-28,13,8,5,1,0,0,0
JD_11534183,2021-02-28,29,14,19,0,0,0,0
JD_11534182,2021-02-28,813,575,481,8,2,2,4
JD_11534181,2021-02-28,1,1,1,0,0,0,0
JD_11534180,2021-02-28,8,2,7,0,0,0,0
JD_11534178,2021-02-28,23,1,23,0,0,0,0
JD_11534177,2021-02-28,27,23,9,0,0,1,0
JD_11534176,2021-02-28,200,135,133,0,0,0,0
JD_11534175,2021-02-28,2,1,2,0,0,0,0
JD_11534174,2021-02-28,108,76,60,0,0,0,0
JD_11534173,2021-02-28,9,7,7,0,0,0,0
JD_11534172,2021-02-28,13,8,9,0,0,0,0
JD_11534171,2021-02-28,7,3,4,0,0,0,0
JD_11534170,2021-02-28,39,21,31,0,0,0,0
JD_11534169,2021-02-28,4,3,2,0,0,0,0
JD_11534168,2021-02-28,80,50,78,0,0,0,0
JD_11534167,2021-02-28,24,5,23,1,0,0,0
JD_11534166,2021-02-28,15,10,7,0,0,0,0
JD_11534165,2021-02-28,32,27,27,0,0,0,0
JD_11534164,2021-02-28,0,0,0,0,0,0,0
JD_11534163,2021-02-28,102,75,42,0,0,0,1
JD_11534162,2021-02-28,1,1,0,0,0,0,0
JD_11534161,2021-02-28,6,3,3,1,0,0,0
