JD_11291297,2021-02-28,0,0,0,0,0,0,0
JD_11291294,2021-02-28,4,3,3,0,0,0,0
JD_11291293,2021-02-28,0,0,0,0,0,0,0
JD_11291291,2021-02-28,61,6,59,2,0,0,0
JD_11291282,2021-02-28,20,5,20,0,0,0,0
JD_11291281,2021-02-28,33,12,33,0,0,0,0
JD_11291280,2021-02-28,13,7,11,0,0,0,0
JD_11291271,2021-02-28,8,4,5,0,0,0,0
JD_11291270,2021-02-28,1,1,0,0,0,0,0
JD_11291269,2021-02-28,5,4,2,0,0,0,0
JD_11291268,2021-02-28,1,0,1,0,0,0,0
JD_11291267,2021-02-28,0,0,0,0,0,0,0
JD_11291265,2021-02-28,0,0,0,0,0,0,0
JD_11291264,2021-02-28,0,0,0,0,0,0,0
JD_11291253,2021-02-28,0,0,0,0,0,0,0
JD_11291252,2021-02-28,0,0,0,0,0,0,0
JD_11291250,2021-02-28,7,4,5,0,0,0,0
JD_11291248,2021-02-28,1,1,1,0,0,0,0
JD_11291235,2021-02-28,0,0,0,0,0,0,0
JD_11291233,2021-02-28,0,0,0,0,0,0,0
JD_11291232,2021-02-28,7,4,4,0,0,0,0
JD_11291226,2021-02-28,9,7,4,0,0,0,0
JD_11291218,2021-02-28,0,0,0,0,0,0,0
JD_11291206,2021-02-28,0,0,0,0,0,0,0
JD_11291202,2021-02-28,0,0,0,0,0,0,0
JD_11291201,2021-02-28,1,0,1,0,0,0,0
JD_11291196,2021-02-28,25,15,25,0,0,0,0
JD_11291193,2021-02-28,17,6,16,0,1,0,0
JD_11291189,2021-02-28,32,21,24,0,0,1,0
JD_11291188,2021-02-28,87,15,85,1,1,0,0
JD_11291186,2021-02-28,19,9,19,0,0,0,0
JD_11291184,2021-02-28,65,36,26,3,0,0,0
JD_11291182,2021-02-28,48,22,46,0,0,0,0
JD_11291181,2021-02-28,1,1,1,0,0,0,0
JD_11291179,2021-02-28,0,0,0,0,0,0,0
JD_11291176,2021-02-28,21,15,20,0,0,0,0
JD_11291175,2021-02-28,15,9,15,0,0,0,0
JD_11291174,2021-02-28,62,34,60,2,0,0,0
JD_11291171,2021-02-28,1,1,1,0,0,0,0
JD_11291170,2021-02-28,97,57,57,3,0,0,0
JD_11291168,2021-02-28,42,19,40,0,1,0,0
JD_11291165,2021-02-28,13,4,10,0,0,0,0
JD_11291164,2021-02-28,0,0,0,0,0,0,0
JD_11291162,2021-02-28,0,0,0,0,0,0,0
JD_11291156,2021-02-28,2,2,0,0,0,0,0
JD_11291152,2021-02-28,133,0,130,2,1,0,0
JD_11291150,2021-02-28,6,5,2,0,0,0,0
JD_11291148,2021-02-28,0,0,0,0,0,0,0
JD_11291146,2021-02-28,0,0,0,0,0,0,0
JD_11291142,2021-02-28,2,2,1,0,0,0,0
JD_11291130,2021-02-28,5,3,3,0,0,0,0
JD_11291123,2021-02-28,1198,662,1168,17,11,1,3
JD_11291120,2021-02-28,16,2,14,0,0,0,0
JD_11291119,2021-02-28,6,4,2,0,0,0,0
JD_11291116,2021-02-28,1,0,1,0,0,0,0
JD_11291114,2021-02-28,1,0,1,0,0,0,0
JD_11291112,2021-02-28,1,0,1,0,0,0,0
JD_11291106,2021-02-28,22,8,16,0,0,0,0
JD_11291105,2021-02-28,16,5,14,1,0,0,0
JD_11291104,2021-02-28,6,2,4,0,1,0,0
JD_11291103,2021-02-28,8,3,6,0,0,0,0
JD_11291101,2021-02-28,15,6,9,0,0,0,0
JD_11291100,2021-02-28,10,3,7,0,0,0,0
JD_11291099,2021-02-28,5,2,3,0,0,0,0
JD_11291098,2021-02-28,18,11,11,0,0,0,0
JD_11291097,2021-02-28,62,20,61,0,0,0,0
JD_11291096,2021-02-28,120,1,115,2,2,0,1
JD_11291095,2021-02-28,1176,5,1156,15,5,0,1
JD_11291091,2021-02-28,0,0,0,0,0,0,0
JD_11291087,2021-02-28,100,0,98,2,0,0,0
