JD_11407425,2021-02-28,3,2,3,0,0,0,0
JD_11407422,2021-02-28,1,0,1,0,0,0,0
JD_11407420,2021-02-28,0,0,0,0,0,0,0
JD_11407418,2021-02-28,0,0,0,0,0,0,0
JD_11407417,2021-02-28,10,6,9,0,0,0,0
JD_11407416,2021-02-28,0,0,0,0,0,0,0
JD_11407412,2021-02-28,0,0,0,0,0,0,0
JD_11407410,2021-02-28,11,8,6,0,0,0,0
JD_11407409,2021-02-28,2,2,1,0,0,0,0
JD_11407408,2021-02-28,0,0,0,0,0,0,0
JD_11407407,2021-02-28,2,0,2,0,0,0,0
JD_11407406,2021-02-28,5,2,5,0,0,0,0
JD_11407405,2021-02-28,2,1,1,0,0,0,0
JD_11407404,2021-02-28,0,0,0,0,0,0,0
JD_11407402,2021-02-28,10,5,6,0,0,0,0
JD_11407401,2021-02-28,21,13,21,0,0,0,0
JD_11407399,2021-02-28,0,0,0,0,0,0,0
JD_11407398,2021-02-28,3,2,1,0,0,0,0
JD_11407397,2021-02-28,3,2,3,0,0,0,0
JD_11407396,2021-02-28,0,0,0,0,0,0,0
JD_11407395,2021-02-28,49,34,29,0,0,0,0
JD_11407394,2021-02-28,24,16,16,0,0,0,0
JD_11407393,2021-02-28,253,166,178,1,0,0,0
JD_11407392,2021-02-28,5,3,3,0,0,0,0
JD_11407391,2021-02-28,0,0,0,0,0,0,0
JD_11407390,2021-02-28,1,0,1,0,0,0,0
JD_11407388,2021-02-28,69,41,48,1,0,0,0
JD_11407387,2021-02-28,754,437,652,1,2,0,2
JD_11407386,2021-02-28,7279,4323,6024,21,8,1,8
JD_11407385,2021-02-28,9602,3789,9030,87,33,3,22
JD_11407384,2021-02-28,10,7,6,0,0,0,0
JD_11407380,2021-02-28,1251,219,1046,6,3,1,1
JD_11407379,2021-02-28,5,0,5,0,0,0,0
JD_11407378,2021-02-28,3,2,2,0,0,0,0
JD_11407376,2021-02-28,74,12,72,2,0,0,0
JD_11407375,2021-02-28,0,0,0,0,0,0,0
JD_11407374,2021-02-28,1,0,1,0,0,0,0
JD_11407373,2021-02-28,0,0,0,0,0,0,0
JD_11407372,2021-02-28,0,0,0,0,0,0,0
JD_11407370,2021-02-28,11,7,5,0,0,0,0
JD_11407369,2021-02-28,4,1,1,1,1,0,0
JD_11407368,2021-02-28,3,2,3,0,0,0,0
JD_11407367,2021-02-28,7,0,6,1,0,0,0
JD_11407366,2021-02-28,2,0,2,0,0,0,0
JD_11407365,2021-02-28,2,0,2,0,0,0,0
JD_11407364,2021-02-28,20,5,15,1,1,0,0
JD_11407363,2021-02-28,10,7,4,0,0,0,0
JD_11407362,2021-02-28,32,10,32,0,0,0,0
JD_11407361,2021-02-28,4,3,2,0,0,0,0
JD_11407360,2021-02-28,7,1,6,0,0,0,0
JD_11407358,2021-02-28,312,221,143,0,0,0,0
JD_11407357,2021-02-28,161,0,156,4,1,0,0
JD_11407355,2021-02-28,8,5,6,0,0,0,0
JD_11407354,2021-02-28,9,3,7,0,0,0,0
JD_11407353,2021-02-28,35,15,30,0,0,0,0
JD_11407352,2021-02-28,25,11,19,0,0,0,0
JD_11407351,2021-02-28,4,1,3,0,0,0,0
JD_11407350,2021-02-28,18,15,11,0,0,0,0
JD_11407349,2021-02-28,0,0,0,0,0,0,0
JD_11407348,2021-02-28,1,1,1,0,0,0,0
JD_11407346,2021-02-28,37,32,16,0,0,0,0
JD_11407345,2021-02-28,35,28,18,0,0,0,0
JD_11407344,2021-02-28,49,39,24,0,0,0,0
JD_11407343,2021-02-28,47,37,27,0,0,0,0
JD_11407342,2021-02-28,35,26,19,0,0,0,0
JD_11407341,2021-02-28,22,16,12,0,0,0,0
JD_11407339,2021-02-28,3,2,3,0,0,0,0
JD_11407338,2021-02-28,3,2,3,0,0,0,0
JD_11407336,2021-02-28,109,82,88,0,1,0,0
JD_11407335,2021-02-28,19,7,19,0,0,0,0
