JD_12500142,2021-02-28,31,24,10,0,0,0,0
JD_12500141,2021-02-28,3,2,1,0,0,0,0
JD_12500140,2021-02-28,0,0,0,0,0,0,0
JD_12500139,2021-02-28,0,0,0,0,0,0,0
JD_12500138,2021-02-28,6,3,5,0,0,0,0
JD_12500137,2021-02-28,2,2,0,0,0,0,0
JD_12500136,2021-02-28,24,16,8,0,0,0,0
JD_12500135,2021-02-28,2,2,0,0,0,0,0
JD_12500134,2021-02-28,144,118,29,0,0,0,0
JD_12500133,2021-02-28,8,5,3,0,0,0,0
JD_12500132,2021-02-28,278,244,43,0,2,0,0
JD_12500131,2021-02-28,0,0,0,0,0,0,0
JD_12500130,2021-02-28,45,37,8,0,0,0,0
JD_12500129,2021-02-28,0,0,0,0,0,0,0
JD_12500128,2021-02-28,487,423,85,0,0,0,2
JD_12500127,2021-02-28,2,2,0,0,0,0,0
JD_12500126,2021-02-28,441,381,142,1,0,1,1
JD_12500125,2021-02-28,2,2,0,0,0,0,0
JD_12500123,2021-02-28,0,0,0,0,0,0,0
JD_12500122,2021-02-28,649,554,112,0,0,0,0
JD_12500121,2021-02-28,0,0,0,0,0,0,0
JD_12500120,2021-02-28,117,103,25,0,1,0,0
JD_12500119,2021-02-28,0,0,0,0,0,0,0
JD_12500118,2021-02-28,3,3,1,0,0,0,0
JD_12500117,2021-02-28,3,2,1,0,0,0,0
JD_12500116,2021-02-28,29,24,5,0,0,0,0
JD_12500115,2021-02-28,0,0,0,0,0,0,0
JD_12500114,2021-02-28,643,544,110,1,0,0,1
JD_12500113,2021-02-28,30,24,5,1,0,0,0
JD_12500112,2021-02-28,5,5,0,0,0,0,0
JD_12500111,2021-02-28,0,0,0,0,0,0,0
JD_12500110,2021-02-28,27,17,11,0,0,0,0
JD_12500109,2021-02-28,0,0,0,0,0,0,0
JD_12500108,2021-02-28,0,0,0,0,0,0,0
JD_12500107,2021-02-28,1,1,0,0,0,0,0
JD_12500106,2021-02-28,0,0,0,0,0,0,0
JD_12500105,2021-02-28,0,0,0,0,0,0,0
JD_12500104,2021-02-28,9,8,2,0,0,0,0
JD_12500103,2021-02-28,9,9,0,0,0,0,0
JD_12500102,2021-02-28,19,15,4,0,0,0,0
JD_12500101,2021-02-28,1,1,0,0,0,0,0
JD_12500100,2021-02-28,0,0,0,0,0,0,0
JD_12500099,2021-02-28,0,0,0,0,0,0,0
JD_12500098,2021-02-28,1,1,0,0,0,0,0
JD_12500097,2021-02-28,17,17,0,0,0,0,0
JD_12500096,2021-02-28,3,3,0,0,0,0,0
JD_12500095,2021-02-28,1,1,0,0,0,0,0
JD_12499876,2021-02-28,29,22,10,0,0,0,0
JD_12499875,2021-02-28,2,2,0,0,0,0,0
JD_12499874,2021-02-28,46,31,16,0,0,0,0
JD_12499873,2021-02-28,7,4,3,0,0,0,0
JD_12499872,2021-02-28,22,18,8,0,0,0,0
JD_12499871,2021-02-28,6,5,1,0,0,0,0
JD_12499870,2021-02-28,544,430,327,0,0,2,1
JD_12499869,2021-02-28,2,2,0,0,0,0,0
JD_12499868,2021-02-28,112,101,18,0,0,0,0
JD_12499867,2021-02-28,1,1,0,0,0,0,0
JD_12499866,2021-02-28,6,4,3,0,0,0,0
JD_12499865,2021-02-28,0,0,0,0,0,0,0
JD_12499864,2021-02-28,64,55,12,0,0,0,0
JD_12499863,2021-02-28,13,12,1,0,0,0,0
JD_12499862,2021-02-28,172,141,36,1,0,0,0
JD_12499861,2021-02-28,11,7,4,0,0,0,0
JD_12499860,2021-02-28,377,329,55,0,0,0,0
JD_12499859,2021-02-28,6,6,0,0,0,0,0
JD_12499858,2021-02-28,269,230,48,1,0,0,0
JD_12499857,2021-02-28,0,0,0,0,0,0,0
JD_12499856,2021-02-28,447,346,155,0,1,0,0
JD_12499855,2021-02-28,3,3,0,0,0,0,0
JD_12499854,2021-02-28,15,10,6,0,0,0,0
