JD_12590979,2021-02-28,181,143,37,1,0,0,0
JD_12590978,2021-02-28,109,94,15,0,0,0,0
JD_12590977,2021-02-28,50,39,11,0,0,0,0
JD_12590976,2021-02-28,7153,6195,948,6,4,3,5
JD_12590975,2021-02-28,100,81,19,0,0,0,0
JD_12590974,2021-02-28,170,153,17,0,0,0,1
JD_12590973,2021-02-28,25,24,1,0,0,0,0
JD_12590972,2021-02-28,5342,4582,753,3,4,5,4
JD_12590971,2021-02-28,26,25,1,0,0,0,0
JD_12590970,2021-02-28,3758,3202,553,3,0,1,4
JD_12590969,2021-02-28,12,11,1,0,0,0,0
JD_12590968,2021-02-28,5461,4760,699,1,1,3,9
JD_12590967,2021-02-28,11,9,2,0,0,0,0
JD_12590966,2021-02-28,181,160,21,0,0,0,0
JD_12590965,2021-02-28,303,272,30,1,0,0,1
JD_12590964,2021-02-28,321,275,46,0,0,3,1
JD_12590963,2021-02-28,20,18,2,0,0,0,0
JD_12590962,2021-02-28,2,1,1,0,0,0,0
JD_12590961,2021-02-28,67,55,10,2,0,0,0
JD_12590960,2021-02-28,179,151,28,0,0,0,0
JD_12590959,2021-02-28,108,84,23,0,1,0,1
JD_12590958,2021-02-28,4078,3541,533,2,2,6,3
JD_12590957,2021-02-28,133,115,18,0,0,0,0
JD_12590956,2021-02-28,4894,4299,594,1,0,5,5
JD_12590955,2021-02-28,737,595,135,6,1,0,0
JD_12590954,2021-02-28,34,32,2,0,0,0,0
JD_12590953,2021-02-28,177,161,16,0,0,0,0
JD_12590952,2021-02-28,3108,2540,562,5,1,9,5
JD_12590951,2021-02-28,564,498,59,1,6,2,1
JD_12590950,2021-02-28,932,746,186,0,0,0,1
JD_12590948,2021-02-28,616,505,109,1,1,0,1
JD_12590946,2021-02-28,299,251,47,0,1,0,4
JD_12590945,2021-02-28,997,791,204,1,1,1,5
JD_12590943,2021-02-28,76,61,14,0,1,0,0
JD_12590942,2021-02-28,139,97,41,1,0,0,1
JD_12590941,2021-02-28,55,47,8,0,0,1,0
JD_12590940,2021-02-28,3371,2744,614,7,6,3,4
JD_12590939,2021-02-28,32,29,3,0,0,0,0
JD_12590938,2021-02-28,1699,1357,334,3,5,2,1
JD_12590937,2021-02-28,21,13,7,1,0,1,1
JD_12590936,2021-02-28,1852,1563,287,1,1,2,7
JD_12590935,2021-02-28,24,19,5,0,0,0,0
JD_12590934,2021-02-28,2347,1972,364,9,2,0,1
JD_12590933,2021-02-28,18,13,5,0,0,0,0
JD_12590932,2021-02-28,1884,1577,302,2,3,1,4
JD_12590931,2021-02-28,3,1,2,0,0,0,0
JD_12590930,2021-02-28,128,96,32,0,0,1,0
JD_12590929,2021-02-28,2,2,0,0,0,0,0
JD_12590928,2021-02-28,312,266,45,1,0,0,0
JD_12590927,2021-02-28,207,173,33,0,1,0,0
JD_12590926,2021-02-28,123,81,42,0,0,0,0
JD_12590925,2021-02-28,247,186,60,1,0,0,0
JD_12590924,2021-02-28,143,117,25,1,0,0,0
JD_12590923,2021-02-28,54,46,8,0,0,0,0
JD_12590922,2021-02-28,17,15,2,0,0,0,0
JD_12590921,2021-02-28,47,41,6,0,0,0,0
JD_12590920,2021-02-28,59,43,16,0,0,0,0
JD_12590919,2021-02-28,198,163,35,0,0,1,0
JD_12590918,2021-02-28,1,1,0,0,0,0,0
JD_12590917,2021-02-28,228,192,36,0,0,0,1
JD_12590916,2021-02-28,64,51,13,0,0,0,0
JD_12590915,2021-02-28,3,2,1,0,0,0,0
JD_12590914,2021-02-28,16,14,2,0,0,0,1
JD_12590913,2021-02-28,31,25,6,0,0,0,0
JD_12590912,2021-02-28,66184,57280,8753,91,60,53,39
JD_12590911,2021-02-28,21,18,3,0,0,0,0
JD_12590910,2021-02-28,542,427,114,0,1,0,1
JD_12590909,2021-02-28,297,242,53,2,0,0,0
JD_12590908,2021-02-28,44277,37966,6206,63,42,40,43
JD_12590907,2021-02-28,311,256,53,1,1,0,1
