JD_11506372,2021-02-28,29,21,21,0,0,0,0
JD_11506371,2021-02-28,13,4,9,0,0,0,1
JD_11506370,2021-02-28,177,2,173,1,3,0,0
JD_11506369,2021-02-28,11,7,11,0,0,0,0
JD_11506368,2021-02-28,149,111,66,1,0,0,0
JD_11506367,2021-02-28,18,4,17,1,0,0,0
JD_11506366,2021-02-28,3660,1966,3386,7,6,8,18
JD_11506365,2021-02-28,120,43,106,0,1,0,0
JD_11506364,2021-02-28,2,0,2,0,0,0,0
JD_11506363,2021-02-28,942,558,703,4,2,1,3
JD_11506360,2021-02-28,70,53,29,0,0,0,0
JD_11506355,2021-02-28,29,21,18,0,0,0,0
JD_11506348,2021-02-28,66,48,58,0,1,0,1
JD_11506347,2021-02-28,3,2,1,0,0,0,0
JD_11506343,2021-02-28,5355,3096,4528,31,13,5,9
JD_11506341,2021-02-28,182,147,77,0,1,0,1
JD_11506339,2021-02-28,7,0,7,0,0,0,1
JD_11506338,2021-02-28,1,1,1,0,0,0,0
JD_11506336,2021-02-28,7,0,6,1,0,0,0
JD_11506335,2021-02-28,293,173,181,2,0,0,2
JD_11506333,2021-02-28,2,0,2,0,0,0,0
JD_11506332,2021-02-28,0,0,0,0,0,0,0
JD_11506331,2021-02-28,12,5,9,0,0,0,0
JD_11506328,2021-02-28,4,3,3,0,0,0,0
JD_11506327,2021-02-28,0,0,0,0,0,0,0
JD_11506326,2021-02-28,3,1,3,0,0,0,0
JD_11506324,2021-02-28,2,0,2,0,0,0,0
JD_11506323,2021-02-28,3,1,3,0,0,0,0
JD_11506322,2021-02-28,14,6,13,1,0,0,0
JD_11506316,2021-02-28,1,1,1,0,0,0,0
JD_11506315,2021-02-28,28,27,15,0,0,0,0
JD_11506314,2021-02-28,4,3,3,0,0,0,0
JD_11506313,2021-02-28,363,275,180,2,0,0,1
JD_11506312,2021-02-28,423,255,264,2,5,1,1
JD_11506311,2021-02-28,602,375,403,1,2,2,6
JD_11506309,2021-02-28,0,0,0,0,0,0,0
JD_11506307,2021-02-28,3,1,3,0,0,0,0
JD_11506306,2021-02-28,14,11,4,0,0,0,0
JD_11506305,2021-02-28,0,0,0,0,0,0,0
JD_11506304,2021-02-28,0,0,0,0,0,0,0
JD_11506303,2021-02-28,0,0,0,0,0,0,0
JD_11506300,2021-02-28,0,0,0,0,0,0,0
JD_11506296,2021-02-28,0,0,0,0,0,0,0
JD_11506295,2021-02-28,13,4,11,0,0,0,0
JD_11506291,2021-02-28,1257,742,847,5,1,3,3
JD_11506290,2021-02-28,57,30,26,1,0,0,0
JD_11506289,2021-02-28,133,0,130,3,0,0,0
JD_11506288,2021-02-28,192,68,168,2,0,0,1
JD_11506287,2021-02-28,2,2,2,0,0,0,0
JD_11506286,2021-02-28,2,0,2,0,0,0,0
JD_11506285,2021-02-28,877,0,861,13,3,0,0
JD_11506284,2021-02-28,6,3,4,0,0,0,0
JD_11506283,2021-02-28,600,354,368,5,0,1,5
JD_11506282,2021-02-28,250,149,119,3,0,0,0
JD_11506281,2021-02-28,528,260,449,2,0,0,1
JD_11506271,2021-02-28,22,6,17,1,0,0,0
JD_11506270,2021-02-28,3278,1954,3130,23,12,2,7
JD_11506269,2021-02-28,67,0,65,2,0,0,0
JD_11506268,2021-02-28,24454,8123,20850,184,64,3,31
JD_11506267,2021-02-28,16,4,14,0,0,0,0
JD_11506266,2021-02-28,356,269,226,1,1,0,1
JD_11506265,2021-02-28,6,3,5,0,0,0,0
JD_11506264,2021-02-28,31,15,23,2,0,0,0
JD_11506263,2021-02-28,311,19,303,5,1,0,0
JD_11506262,2021-02-28,374,18,362,10,0,0,0
JD_11506261,2021-02-28,2,1,2,0,0,0,0
JD_11506260,2021-02-28,16,12,14,0,0,0,0
JD_11506259,2021-02-28,11,6,7,0,0,0,0
JD_11506258,2021-02-28,66,11,60,3,2,0,0
JD_11506257,2021-02-28,10,6,9,0,0,0,0
