JD_12833594,2021-02-28,29,27,2,0,0,0,0
JD_12831564,2021-02-28,0,0,0,0,0,0,0
JD_12831562,2021-02-28,0,0,0,0,0,0,0
JD_12831560,2021-02-28,2,1,1,0,0,0,0
JD_12831558,2021-02-28,0,0,0,0,0,0,0
JD_12831556,2021-02-28,2,2,0,0,0,0,0
JD_12831554,2021-02-28,3,3,0,0,0,0,0
JD_12831552,2021-02-28,4,4,0,0,0,0,0
JD_12831550,2021-02-28,0,0,0,0,0,0,0
JD_12831548,2021-02-28,11,11,0,0,0,0,0
JD_12831546,2021-02-28,117,107,10,0,0,0,1
JD_12831544,2021-02-28,423,370,53,0,0,0,0
JD_12831542,2021-02-28,1,1,0,0,0,0,0
JD_12831540,2021-02-28,2,1,1,0,0,0,0
JD_12831538,2021-02-28,2,1,1,0,0,0,0
JD_12831536,2021-02-28,2,1,1,0,0,0,0
JD_12831534,2021-02-28,8,7,1,0,0,0,0
JD_12831532,2021-02-28,6,5,1,0,0,0,0
JD_12831530,2021-02-28,34,24,10,0,0,0,0
JD_12831528,2021-02-28,6,6,0,0,0,0,0
JD_12831526,2021-02-28,521,453,67,0,1,0,0
JD_12831524,2021-02-28,33,31,2,0,0,0,0
JD_12831522,2021-02-28,381,311,70,0,0,0,0
JD_12831520,2021-02-28,2,2,0,0,0,0,0
JD_12831518,2021-02-28,7,7,0,0,0,0,0
JD_12831514,2021-02-28,83,68,15,0,0,0,0
JD_12831512,2021-02-28,1,1,0,0,0,0,0
JD_12831510,2021-02-28,0,0,0,0,0,0,0
JD_12831508,2021-02-28,12,10,2,0,0,0,0
JD_12831506,2021-02-28,0,0,0,0,0,0,0
JD_12831504,2021-02-28,6,6,0,0,0,0,0
JD_12831502,2021-02-28,3,1,2,0,0,0,0
JD_12831500,2021-02-28,205,169,36,0,0,0,0
JD_12830936,2021-02-28,513,461,52,0,0,0,0
JD_12830934,2021-02-28,17889,15263,2594,18,14,12,22
JD_12830932,2021-02-28,10414,8926,1481,5,2,6,7
JD_12830930,2021-02-28,3763,3203,558,1,1,0,3
JD_12830928,2021-02-28,10146,8663,1476,6,1,4,7
JD_12830926,2021-02-28,9582,8164,1410,7,1,6,8
JD_12830924,2021-02-28,1295,1089,206,0,0,1,4
JD_12830922,2021-02-28,9182,7893,1286,1,2,2,7
JD_12830920,2021-02-28,123,102,21,0,0,1,0
JD_12830918,2021-02-28,1,1,0,0,0,0,0
JD_12830916,2021-02-28,68,59,9,0,0,0,0
JD_12830914,2021-02-28,289,267,22,0,0,0,0
JD_12830912,2021-02-28,2796,2482,314,0,0,10,1
JD_12830910,2021-02-28,242,220,22,0,0,0,0
JD_12830908,2021-02-28,6804,5732,1065,6,1,4,6
JD_12830906,2021-02-28,7745,6612,1128,1,4,3,8
JD_12830904,2021-02-28,17,15,2,0,0,0,0
JD_12830902,2021-02-28,12,11,1,0,0,0,0
JD_12830900,2021-02-28,88,77,10,1,0,0,0
JD_12830898,2021-02-28,358,314,42,1,1,0,2
JD_12830894,2021-02-28,411,360,50,1,0,1,0
JD_12830892,2021-02-28,553,473,77,2,1,0,0
JD_12830890,2021-02-28,315,278,37,0,0,0,0
JD_12830888,2021-02-28,280,247,33,0,0,0,0
JD_12830886,2021-02-28,550,492,58,0,0,0,0
JD_12830884,2021-02-28,545,482,63,0,0,0,0
JD_12830882,2021-02-28,162,147,15,0,0,0,0
JD_12830880,2021-02-28,69,63,6,0,0,0,0
JD_12830878,2021-02-28,2,2,0,0,0,0,0
JD_12830876,2021-02-28,7,6,1,0,0,0,0
JD_12830874,2021-02-28,1,0,1,0,0,0,0
JD_12830870,2021-02-28,3479,3165,306,5,3,1,1
JD_12830868,2021-02-28,542,464,77,0,1,1,0
JD_12830866,2021-02-28,493,440,53,0,0,0,0
JD_12830864,2021-02-28,7,6,0,0,1,0,0
JD_12830862,2021-02-28,408,337,70,1,0,1,0
JD_12830860,2021-02-28,49,44,5,0,0,0,0
