JD_11444585,2021-02-28,161,37,146,2,2,0,0
JD_11444583,2021-02-28,90,0,88,2,0,0,0
JD_11444582,2021-02-28,2744,1842,1697,16,4,2,2
JD_11444581,2021-02-28,68,40,51,0,0,0,0
JD_11444580,2021-02-28,240,144,133,4,1,0,0
JD_11444579,2021-02-28,8,1,8,0,0,0,0
JD_11444576,2021-02-28,15,10,8,0,0,0,0
JD_11444575,2021-02-28,271,14,251,14,5,0,1
JD_11444574,2021-02-28,26,14,17,0,0,0,0
JD_11444573,2021-02-28,33,8,30,1,1,0,0
JD_11444572,2021-02-28,12,9,5,0,0,0,0
JD_11444571,2021-02-28,1,0,1,0,0,0,0
JD_11444570,2021-02-28,42,5,40,1,1,0,0
JD_11444569,2021-02-28,9,4,8,0,0,0,0
JD_11444568,2021-02-28,31,17,20,1,0,0,0
JD_11444567,2021-02-28,62,29,46,2,2,0,0
JD_11444565,2021-02-28,5,0,5,0,0,0,0
JD_11444564,2021-02-28,11,8,11,0,0,0,0
JD_11444563,2021-02-28,4,3,1,0,1,0,0
JD_11444561,2021-02-28,5,4,2,0,0,0,0
JD_11444560,2021-02-28,47,30,43,0,0,0,0
JD_11444559,2021-02-28,6,1,5,0,0,0,0
JD_11444558,2021-02-28,3,2,1,0,0,0,0
JD_11444557,2021-02-28,227,154,109,3,4,0,0
JD_11444556,2021-02-28,5,0,5,0,0,0,0
JD_11444555,2021-02-28,46,26,31,0,0,0,0
JD_11444554,2021-02-28,305,227,169,0,0,0,0
JD_11444553,2021-02-28,38,17,38,0,0,0,0
JD_11444552,2021-02-28,26,20,11,1,0,0,0
JD_11444550,2021-02-28,9,0,8,1,0,0,0
JD_11444549,2021-02-28,624,26,608,12,4,0,0
JD_11444548,2021-02-28,49,0,43,6,0,0,0
JD_11444547,2021-02-28,50,0,48,1,1,0,0
JD_11444546,2021-02-28,689,470,686,0,1,0,0
JD_11444545,2021-02-28,26,10,22,1,0,1,0
JD_11444544,2021-02-28,67,0,64,2,1,0,0
JD_11444543,2021-02-28,6,0,6,0,0,0,0
JD_11444542,2021-02-28,378,16,363,13,2,0,0
JD_11444541,2021-02-28,633,440,598,1,1,0,0
JD_11444540,2021-02-28,39,19,37,0,0,0,0
JD_11444539,2021-02-28,25,0,24,0,1,0,0
JD_11444538,2021-02-28,36,8,35,1,0,0,0
JD_11444537,2021-02-28,22,15,15,0,0,0,0
JD_11444535,2021-02-28,50,19,46,2,0,0,0
JD_11444534,2021-02-28,4,1,4,0,0,0,0
JD_11444533,2021-02-28,7,5,4,1,0,0,0
JD_11444532,2021-02-28,8,4,5,0,0,0,0
JD_11444531,2021-02-28,10,2,9,0,0,0,0
JD_11444530,2021-02-28,53,31,25,1,0,0,0
JD_11444529,2021-02-28,46,21,42,1,0,1,1
JD_11444528,2021-02-28,49,18,44,2,0,1,0
JD_11444520,2021-02-28,404,250,259,0,1,0,1
JD_11444517,2021-02-28,179,70,176,0,0,0,0
JD_11444510,2021-02-28,6,0,5,1,0,0,0
JD_11444506,2021-02-28,7,0,6,1,0,0,0
JD_11444503,2021-02-28,8,0,7,1,0,0,0
JD_11444500,2021-02-28,10,3,9,0,1,0,0
JD_11444498,2021-02-28,2,0,2,0,0,0,0
JD_11444497,2021-02-28,4,0,3,0,1,0,0
JD_11444496,2021-02-28,15,5,14,0,0,0,0
JD_11444495,2021-02-28,50,16,41,2,0,0,0
JD_11444494,2021-02-28,18,5,17,0,0,0,0
JD_11444493,2021-02-28,18,1,18,0,0,0,0
JD_11444492,2021-02-28,10,2,9,0,1,0,0
JD_11444491,2021-02-28,7,4,6,0,0,0,0
JD_11444490,2021-02-28,9,5,5,0,0,0,0
JD_11444487,2021-02-28,166,96,117,1,1,0,1
JD_11444486,2021-02-28,113,0,111,2,0,0,0
JD_11444482,2021-02-28,3,1,3,0,0,0,0
JD_11444479,2021-02-28,5,2,5,0,0,0,0
