JD_11401977,2021-02-28,59,13,56,3,0,0,0
JD_11401974,2021-02-28,2,0,2,0,0,0,0
JD_11401973,2021-02-28,116,0,110,4,2,0,0
JD_11401971,2021-02-28,139,0,131,5,3,0,0
JD_11401969,2021-02-28,370,0,357,13,0,0,0
JD_11401968,2021-02-28,187,0,176,9,2,0,0
JD_11401964,2021-02-28,21,0,21,0,0,0,0
JD_11401963,2021-02-28,236,0,228,7,1,0,0
JD_11401961,2021-02-28,202,0,195,6,1,0,0
JD_11401959,2021-02-28,297,0,283,13,1,0,0
JD_11401958,2021-02-28,244,0,241,2,1,0,0
JD_11401957,2021-02-28,138,0,137,1,0,0,0
JD_11401956,2021-02-28,289,0,283,4,2,0,0
JD_11401951,2021-02-28,345,0,333,9,3,0,0
JD_11401950,2021-02-28,1131,0,1101,23,7,0,0
JD_11401949,2021-02-28,235,0,222,5,8,0,0
JD_11401948,2021-02-28,47,25,32,0,0,0,0
JD_11401947,2021-02-28,72,0,70,2,0,0,0
JD_11401946,2021-02-28,69,3,65,2,2,0,0
JD_11401945,2021-02-28,41,10,38,1,1,0,0
JD_11401944,2021-02-28,298,154,193,1,0,0,2
JD_11401943,2021-02-28,43,0,42,1,0,0,0
JD_11401942,2021-02-28,1669,781,1242,18,9,1,3
JD_11401940,2021-02-28,12,11,1,0,0,0,0
JD_11401939,2021-02-28,486,4,461,14,10,0,1
JD_11401938,2021-02-28,2,2,0,0,0,0,0
JD_11401937,2021-02-28,35,25,16,1,0,0,0
JD_11401936,2021-02-28,0,0,0,0,0,0,0
JD_11401935,2021-02-28,191,59,168,2,1,0,3
JD_11401933,2021-02-28,28,0,28,0,0,0,0
JD_11401932,2021-02-28,14,5,11,0,0,0,0
JD_11401931,2021-02-28,58,20,46,0,0,0,0
JD_11401930,2021-02-28,223,0,219,3,1,0,0
JD_11401929,2021-02-28,1,1,1,0,0,0,0
JD_11401928,2021-02-28,58,22,46,0,0,0,0
JD_11401927,2021-02-28,41,17,31,0,0,0,0
JD_11401926,2021-02-28,68,23,50,0,1,0,1
JD_11401925,2021-02-28,73,16,64,1,0,0,0
JD_11401924,2021-02-28,38,0,37,1,0,0,0
JD_11401923,2021-02-28,163,69,163,0,0,0,0
JD_11401922,2021-02-28,13,11,7,0,0,0,0
JD_11401919,2021-02-28,3,2,3,0,0,0,0
JD_11401918,2021-02-28,90,49,87,0,0,0,1
JD_11401917,2021-02-28,311,163,281,0,1,0,1
JD_11401916,2021-02-28,6,3,4,0,0,0,0
JD_11401915,2021-02-28,20,11,12,0,0,0,0
JD_11401914,2021-02-28,12,0,12,0,0,0,0
JD_11401913,2021-02-28,38,4,37,0,0,0,0
JD_11401912,2021-02-28,25456,7372,23915,315,109,5,21
JD_11401911,2021-02-28,52,9,53,0,0,0,2
JD_11401909,2021-02-28,635,212,537,9,3,1,0
JD_11401904,2021-02-28,10,5,9,0,1,0,0
JD_11401903,2021-02-28,54,30,40,0,0,0,0
JD_11401902,2021-02-28,20,7,14,1,0,0,0
JD_11401901,2021-02-28,1422,296,1221,8,1,1,2
JD_11401897,2021-02-28,0,0,0,0,0,0,0
JD_11401894,2021-02-28,4,0,4,0,0,0,0
JD_11401893,2021-02-28,958,517,951,3,0,0,0
JD_11401874,2021-02-28,0,0,0,0,0,0,0
JD_11401869,2021-02-28,0,0,0,0,0,0,0
JD_11401866,2021-02-28,120,86,93,2,1,0,1
JD_11401865,2021-02-28,569,320,465,6,0,0,0
JD_11401864,2021-02-28,1465,679,1328,15,3,1,2
JD_11401862,2021-02-28,654,3,619,33,1,0,3
JD_11401861,2021-02-28,5899,3638,4829,48,10,10,8
JD_11401859,2021-02-28,7074,4254,5975,44,11,8,15
JD_11401857,2021-02-28,0,0,0,0,0,0,0
JD_11401855,2021-02-28,1,0,1,0,0,0,0
JD_11401854,2021-02-28,0,0,0,0,0,0,0
JD_11401853,2021-02-28,12,3,9,0,0,0,0
