JD_11314219,2021-02-28,4,3,1,0,0,0,0
JD_11314217,2021-02-28,5,3,5,0,0,0,0
JD_11314214,2021-02-28,0,0,0,0,0,0,0
JD_11314213,2021-02-28,52,41,24,1,0,0,1
JD_11314212,2021-02-28,3,2,1,0,0,0,0
JD_11314211,2021-02-28,2,0,2,0,0,0,0
JD_11314208,2021-02-28,22,2,21,1,0,0,0
JD_11314206,2021-02-28,8,0,8,0,0,0,0
JD_11314205,2021-02-28,1,1,1,0,0,0,0
JD_11314204,2021-02-28,1,1,1,0,0,0,0
JD_11314203,2021-02-28,14,12,12,0,0,0,0
JD_11314201,2021-02-28,5,3,3,0,0,0,0
JD_11314200,2021-02-28,347,88,290,9,2,1,3
JD_11314195,2021-02-28,6,2,6,0,0,0,0
JD_11314194,2021-02-28,105,71,45,0,0,0,0
JD_11314193,2021-02-28,6,1,6,0,0,0,0
JD_11314192,2021-02-28,248,29,220,15,8,0,0
JD_11314187,2021-02-28,48,20,44,1,0,0,0
JD_11314186,2021-02-28,1,0,1,0,0,0,0
JD_11314182,2021-02-28,37,18,35,0,0,0,0
JD_11314180,2021-02-28,26,14,23,0,0,0,0
JD_11314179,2021-02-28,1989,1418,1378,4,6,3,3
JD_11314174,2021-02-28,328,175,318,2,0,1,0
JD_11314172,2021-02-28,16,9,15,0,0,0,0
JD_11314160,2021-02-28,6,2,4,0,0,0,0
JD_11314159,2021-02-28,5,3,5,0,0,0,0
JD_11314157,2021-02-28,18,13,9,0,0,0,0
JD_11314156,2021-02-28,3,1,3,0,0,0,0
JD_11314154,2021-02-28,3,3,2,0,0,0,0
JD_11314152,2021-02-28,135,94,67,1,0,0,1
JD_11314151,2021-02-28,20,12,15,0,0,0,0
JD_11314149,2021-02-28,9,2,9,0,0,0,0
JD_11314148,2021-02-28,10,6,7,0,0,0,0
JD_11314147,2021-02-28,116,0,114,2,0,0,0
JD_11314145,2021-02-28,24,16,15,0,0,0,0
JD_11314144,2021-02-28,153,92,108,1,0,0,2
JD_11314143,2021-02-28,10,2,10,0,0,0,1
JD_11314142,2021-02-28,0,0,0,0,0,0,0
JD_11314139,2021-02-28,5,2,4,0,0,0,0
JD_11314136,2021-02-28,5,1,4,0,0,0,0
JD_11314135,2021-02-28,0,0,0,0,0,0,0
JD_11314134,2021-02-28,1,1,0,0,0,0,0
JD_11314133,2021-02-28,0,0,0,0,0,0,0
JD_11314131,2021-02-28,1,1,0,0,0,0,0
JD_11314130,2021-02-28,74,47,56,0,1,0,1
JD_11314128,2021-02-28,6,6,2,0,0,0,0
JD_11314126,2021-02-28,13,0,11,2,0,0,0
JD_11314117,2021-02-28,4,3,2,0,0,0,0
JD_11314116,2021-02-28,4,4,1,0,0,0,0
JD_11314114,2021-02-28,1,1,0,0,0,0,0
JD_11314113,2021-02-28,4,3,1,0,0,0,0
JD_11314112,2021-02-28,5,5,3,0,0,0,0
JD_11314111,2021-02-28,3,3,2,0,0,0,0
JD_11314109,2021-02-28,57,14,57,0,0,0,1
JD_11314107,2021-02-28,193,21,178,4,0,0,1
JD_11314106,2021-02-28,10,0,10,0,0,0,0
JD_11314105,2021-02-28,636,417,466,0,0,0,1
JD_11314104,2021-02-28,2026,1238,1287,6,2,1,6
JD_11314102,2021-02-28,3,0,3,0,0,0,0
JD_11314100,2021-02-28,9,8,7,0,0,0,0
JD_11314099,2021-02-28,16,10,12,0,0,0,0
JD_11314097,2021-02-28,62,33,28,1,0,0,0
JD_11314096,2021-02-28,29,11,27,1,0,0,0
JD_11314095,2021-02-28,2,2,1,0,0,0,0
JD_11314094,2021-02-28,11,6,11,0,0,0,0
JD_11314093,2021-02-28,15,9,11,0,0,0,0
JD_11314091,2021-02-28,0,0,0,0,0,0,0
JD_11314090,2021-02-28,1096,0,1062,28,6,0,0
JD_11314089,2021-02-28,2,2,1,0,0,0,0
JD_11314088,2021-02-28,36,20,22,0,0,0,0
