JD_12563678,2021-02-28,1222,1037,184,0,1,2,1
JD_12563677,2021-02-28,54,41,12,0,1,0,0
JD_12563676,2021-02-28,2,1,1,0,0,0,0
JD_12563675,2021-02-28,2,1,1,0,0,0,1
JD_12563674,2021-02-28,0,0,0,0,0,0,0
JD_12563673,2021-02-28,8,8,0,0,0,0,0
JD_12563672,2021-02-28,4,4,0,0,0,0,0
JD_12563671,2021-02-28,6,4,2,0,0,0,0
JD_12563670,2021-02-28,834,638,196,0,0,0,1
JD_12563669,2021-02-28,25,22,3,0,0,0,0
JD_12563668,2021-02-28,152,133,19,0,0,0,0
JD_12563667,2021-02-28,58,51,7,0,0,0,1
JD_12563666,2021-02-28,505,446,58,0,1,0,2
JD_12563665,2021-02-28,19,17,2,0,0,0,0
JD_12563664,2021-02-28,2275,1840,432,3,0,7,5
JD_12563663,2021-02-28,48,42,6,0,0,0,1
JD_12563662,2021-02-28,2321,1887,431,2,1,9,5
JD_12563661,2021-02-28,2739,2380,358,1,0,2,2
JD_12563660,2021-02-28,1578,1263,313,2,0,0,1
JD_12563659,2021-02-28,230,192,35,1,2,0,0
JD_12563658,2021-02-28,2004,1647,354,2,1,6,1
JD_12563657,2021-02-28,6896,5329,1556,8,3,6,18
JD_12563656,2021-02-28,1911,1572,338,1,0,6,5
JD_12563655,2021-02-28,38,35,3,0,0,0,0
JD_12563653,2021-02-28,4,3,1,0,0,0,0
JD_12563652,2021-02-28,274,239,33,2,0,0,0
JD_12563651,2021-02-28,70,55,15,0,0,0,0
JD_12563650,2021-02-28,58,51,6,1,0,0,0
JD_12563649,2021-02-28,10,10,0,0,0,0,0
JD_12563648,2021-02-28,58,41,17,0,0,0,0
JD_12563647,2021-02-28,1,1,0,0,0,0,0
JD_12563646,2021-02-28,278,246,30,2,0,1,1
JD_12563645,2021-02-28,4,3,1,0,0,0,0
JD_12563644,2021-02-28,17,14,3,0,0,0,0
JD_12563643,2021-02-28,4,3,1,0,0,0,0
JD_12563641,2021-02-28,53,43,9,0,1,0,0
JD_12563640,2021-02-28,461,400,60,0,1,5,0
JD_12563639,2021-02-28,2,1,0,0,1,0,0
JD_12563638,2021-02-28,224,188,35,1,0,1,0
JD_12563637,2021-02-28,7,5,2,0,0,0,0
JD_12563636,2021-02-28,4,4,0,0,0,0,0
JD_12563635,2021-02-28,0,0,0,0,0,0,0
JD_12563634,2021-02-28,785,627,158,0,0,2,4
JD_12563633,2021-02-28,3,3,0,0,0,0,0
JD_12563632,2021-02-28,341,285,54,2,0,1,2
JD_12563631,2021-02-28,711,529,182,0,0,0,3
JD_12563630,2021-02-28,7,6,1,0,0,0,0
JD_12563629,2021-02-28,388,311,76,1,0,0,0
JD_12563628,2021-02-28,70,59,11,0,0,0,0
JD_12563627,2021-02-28,13,12,1,0,0,0,0
JD_12563626,2021-02-28,415,337,78,0,0,0,2
JD_12563625,2021-02-28,23,20,3,0,0,0,0
JD_12563623,2021-02-28,65,56,9,0,0,0,0
JD_12563621,2021-02-28,698,611,87,0,0,0,0
JD_12563619,2021-02-28,3,3,0,0,0,0,0
JD_12563618,2021-02-28,75,58,17,0,0,0,0
JD_12563617,2021-02-28,62,57,5,0,0,0,0
JD_12563616,2021-02-28,61,47,14,0,0,0,0
JD_12563615,2021-02-28,53,50,3,0,0,0,0
JD_12563614,2021-02-28,3,3,0,0,0,0,0
JD_12563613,2021-02-28,32,25,7,0,0,0,0
JD_12563612,2021-02-28,18,16,2,0,0,0,0
JD_12563611,2021-02-28,15,13,2,0,0,0,0
JD_12563610,2021-02-28,11,9,2,0,0,0,0
JD_12563609,2021-02-28,29,27,2,0,0,0,0
JD_12563608,2021-02-28,5,5,0,0,0,0,0
JD_12563607,2021-02-28,143,123,20,0,0,0,0
JD_12563606,2021-02-28,4,4,0,0,0,0,0
JD_12560719,2021-02-28,32,24,7,1,0,0,1
JD_12560718,2021-02-28,55,49,6,0,0,0,0
