JD_12393099,2021-02-28,17,10,8,0,0,0,0
JD_12393098,2021-02-28,28,22,28,0,0,0,0
JD_12393097,2021-02-28,868,748,192,0,0,0,0
JD_12393096,2021-02-28,28,23,28,0,0,0,0
JD_12393095,2021-02-28,0,0,0,0,0,0,0
JD_12393094,2021-02-28,36,21,32,0,0,0,0
JD_12393093,2021-02-28,1,1,1,0,0,0,0
JD_12393092,2021-02-28,16,12,7,0,0,0,0
JD_12393091,2021-02-28,298,265,132,0,1,1,0
JD_12393090,2021-02-28,12,8,6,0,0,0,0
JD_12393089,2021-02-28,10,3,10,0,0,0,0
JD_12393088,2021-02-28,185,147,73,0,0,0,1
JD_12393087,2021-02-28,18,16,10,0,0,0,0
JD_12393086,2021-02-28,0,0,0,0,0,0,0
JD_12393085,2021-02-28,4,3,2,0,0,0,0
JD_12393084,2021-02-28,283,235,162,2,5,0,0
JD_12393083,2021-02-28,20,15,11,0,0,0,0
JD_12393082,2021-02-28,6,6,2,0,0,0,0
JD_12393081,2021-02-28,63,54,17,0,0,0,0
JD_12393080,2021-02-28,35,29,11,0,0,0,0
JD_12393079,2021-02-28,296,264,147,0,0,0,1
JD_12393078,2021-02-28,71,54,43,0,0,0,0
JD_12393077,2021-02-28,897,708,292,2,1,0,1
JD_12393076,2021-02-28,3,2,2,0,0,0,0
JD_12393075,2021-02-28,904,708,755,1,0,1,2
JD_12393074,2021-02-28,17,15,7,0,0,0,0
JD_12393073,2021-02-28,508,455,211,0,0,0,1
JD_12393072,2021-02-28,8,7,3,0,0,0,0
JD_12393071,2021-02-28,1037,889,341,1,1,0,2
JD_12393070,2021-02-28,0,0,0,0,0,0,0
JD_12393069,2021-02-28,1262,1052,407,1,0,0,1
JD_12393068,2021-02-28,264,231,124,0,0,0,0
JD_12393067,2021-02-28,401,346,131,1,0,0,1
JD_12393066,2021-02-28,354,296,108,0,0,1,1
JD_12393065,2021-02-28,281,226,127,0,0,0,1
JD_12393064,2021-02-28,908,779,225,1,0,0,2
JD_12393063,2021-02-28,25,24,12,0,0,0,0
JD_12393062,2021-02-28,63,56,24,0,0,0,0
JD_12393061,2021-02-28,53,43,44,0,0,0,0
JD_12393060,2021-02-28,22,16,8,0,0,0,0
JD_12393059,2021-02-28,1421,1253,250,0,1,0,1
JD_12393058,2021-02-28,438,374,134,0,0,0,0
JD_12393057,2021-02-28,10,9,10,0,0,0,0
JD_12393056,2021-02-28,390,331,115,0,0,0,1
JD_12393055,2021-02-28,29,16,15,0,0,0,0
JD_12393054,2021-02-28,612,535,166,0,0,1,1
JD_12393053,2021-02-28,403,313,174,0,0,0,2
JD_12393052,2021-02-28,287,241,102,0,0,0,0
JD_12393051,2021-02-28,580,450,528,3,2,0,2
JD_12393050,2021-02-28,559,475,162,0,0,1,0
JD_12393049,2021-02-28,0,0,0,0,0,0,0
JD_12393048,2021-02-28,34,30,7,0,0,0,0
JD_12393047,2021-02-28,242,207,194,1,0,1,1
JD_12393046,2021-02-28,585,509,155,0,1,0,1
JD_12393045,2021-02-28,0,0,0,0,0,0,0
JD_12393043,2021-02-28,13,12,5,0,0,0,0
JD_12393041,2021-02-28,81,64,40,1,0,0,0
JD_12393040,2021-02-28,50,43,9,0,0,0,0
JD_12393039,2021-02-28,300,235,145,2,0,0,0
JD_12393038,2021-02-28,28,25,6,0,0,0,0
JD_12393037,2021-02-28,68,58,25,0,0,0,0
JD_12393036,2021-02-28,133,111,100,0,0,0,0
JD_12393035,2021-02-28,180,142,90,2,1,2,1
JD_12393034,2021-02-28,126,102,99,0,0,0,0
JD_12393033,2021-02-28,69,57,30,0,0,0,0
JD_12393032,2021-02-28,872,730,193,1,0,0,1
JD_12393031,2021-02-28,4,3,1,0,0,0,0
JD_12393030,2021-02-28,5662,4666,1865,3,0,4,11
JD_12393029,2021-02-28,0,0,0,0,0,0,0
JD_12393028,2021-02-28,5052,4206,1601,4,2,10,5
