JD_12153071,2021-02-28,160,132,152,1,1,0,1
JD_12153070,2021-02-28,5,5,5,0,0,0,0
JD_12153069,2021-02-28,12,9,8,0,0,0,0
JD_12153067,2021-02-28,6,6,2,0,0,0,0
JD_12153066,2021-02-28,16,12,12,0,0,0,0
JD_12153065,2021-02-28,5,3,5,0,0,0,0
JD_12153064,2021-02-28,2,2,0,0,0,0,0
JD_12153063,2021-02-28,16,15,9,0,0,0,0
JD_12153062,2021-02-28,2,0,2,0,0,0,0
JD_12153061,2021-02-28,194,148,118,0,0,1,1
JD_12153060,2021-02-28,8,7,4,0,0,0,0
JD_12153059,2021-02-28,13,8,12,0,0,0,0
JD_12153058,2021-02-28,18,15,10,0,0,0,0
JD_12153057,2021-02-28,0,0,0,0,0,0,0
JD_12153056,2021-02-28,8,6,4,0,0,0,0
JD_12153055,2021-02-28,1035,877,418,1,1,0,1
JD_12153054,2021-02-28,2,2,1,0,0,0,0
JD_12153053,2021-02-28,15,13,11,0,0,0,0
JD_12153052,2021-02-28,17,13,17,0,0,0,1
JD_12153051,2021-02-28,188,134,126,0,0,0,0
JD_12153050,2021-02-28,9,6,7,0,0,0,0
JD_12153049,2021-02-28,209,1,208,0,1,1,4
JD_12153048,2021-02-28,24,17,18,0,0,0,0
JD_12153047,2021-02-28,293,236,293,0,0,0,1
JD_12153046,2021-02-28,18281,15080,5428,20,23,18,42
JD_12153045,2021-02-28,34,27,21,0,0,0,0
JD_12153044,2021-02-28,3,2,3,0,0,0,0
JD_12153043,2021-02-28,1068,884,474,1,3,1,1
JD_12153042,2021-02-28,8,6,2,0,0,0,0
JD_12153041,2021-02-28,105,86,88,0,0,0,1
JD_12153039,2021-02-28,279,244,191,1,2,0,0
JD_12153038,2021-02-28,3,1,3,0,0,0,0
JD_12153037,2021-02-28,438,370,423,2,2,1,1
JD_12153036,2021-02-28,0,0,0,0,0,0,0
JD_12153035,2021-02-28,42,37,39,0,0,0,0
JD_12153033,2021-02-28,8,5,3,1,0,0,0
JD_12153032,2021-02-28,1,1,1,0,0,0,0
JD_12153031,2021-02-28,45,35,22,0,0,0,0
JD_12153030,2021-02-28,1,1,1,0,0,0,0
JD_12153029,2021-02-28,1272,1067,790,4,1,1,2
JD_12153028,2021-02-28,2,1,1,0,0,0,0
JD_12153027,2021-02-28,286,225,167,1,1,0,0
JD_12153026,2021-02-28,2,2,1,0,0,0,0
JD_12153025,2021-02-28,298,233,265,0,0,0,1
JD_12152798,2021-02-28,5,4,2,0,0,0,0
JD_12152797,2021-02-28,20,12,13,0,1,0,0
JD_12152796,2021-02-28,3,3,2,0,0,0,0
JD_12152795,2021-02-28,65,55,21,0,1,1,0
JD_12152794,2021-02-28,6,1,6,0,0,0,0
JD_12152793,2021-02-28,50,40,29,0,0,0,0
JD_12152792,2021-02-28,1,0,1,0,0,0,0
JD_12152791,2021-02-28,19,19,16,0,0,0,0
JD_12152790,2021-02-28,13,12,9,0,0,0,0
JD_12152789,2021-02-28,5007,4155,3999,4,4,2,8
JD_12152788,2021-02-28,7,7,6,0,0,0,0
JD_12152787,2021-02-28,941,705,469,1,0,0,4
JD_12152786,2021-02-28,1,1,1,0,0,0,0
JD_12152785,2021-02-28,31,16,25,0,0,0,0
JD_12152783,2021-02-28,25,13,15,0,1,0,1
JD_12152782,2021-02-28,16,13,8,0,0,0,0
JD_12152781,2021-02-28,29,18,17,0,0,0,0
JD_12152780,2021-02-28,1,1,1,0,0,0,0
JD_12152779,2021-02-28,772,511,670,1,2,1,3
JD_12152778,2021-02-28,3,3,0,0,0,0,0
JD_12152777,2021-02-28,38,26,23,0,0,0,1
JD_12152776,2021-02-28,0,0,0,0,0,0,0
JD_12152775,2021-02-28,28,19,18,0,0,0,0
JD_12152773,2021-02-28,55,38,54,0,0,0,0
JD_12152771,2021-02-28,91,74,66,0,1,0,1
JD_12152769,2021-02-28,36,28,21,0,0,0,0
