JD_11498784,2021-02-28,31,7,29,0,2,0,1
JD_11498783,2021-02-28,6,0,4,0,2,0,0
JD_11498782,2021-02-28,28,9,27,1,0,0,0
JD_11498781,2021-02-28,48,0,46,2,0,0,0
JD_11498780,2021-02-28,73,30,52,2,1,0,1
JD_11498779,2021-02-28,424,307,277,1,2,1,0
JD_11498778,2021-02-28,12,3,8,0,1,0,0
JD_11498777,2021-02-28,67,34,60,0,0,0,0
JD_11498776,2021-02-28,17,9,10,0,0,0,0
JD_11498775,2021-02-28,51,11,48,2,0,0,0
JD_11498774,2021-02-28,52,7,47,1,0,0,0
JD_11498773,2021-02-28,128,0,125,0,3,0,0
JD_11498772,2021-02-28,38,20,27,0,1,0,0
JD_11498771,2021-02-28,2,0,0,0,2,0,0
JD_11498770,2021-02-28,0,0,0,0,0,0,0
JD_11498769,2021-02-28,172,119,111,0,1,0,0
JD_11498768,2021-02-28,107,49,106,0,1,0,0
JD_11498767,2021-02-28,2,2,1,0,0,0,0
JD_11498766,2021-02-28,3,3,2,0,0,0,0
JD_11498764,2021-02-28,1728,90,1631,42,22,0,1
JD_11498763,2021-02-28,200,4,193,3,1,0,0
JD_11498762,2021-02-28,21,8,15,1,0,0,0
JD_11498761,2021-02-28,14,5,10,0,0,0,0
JD_11498760,2021-02-28,8,5,7,0,0,0,0
JD_11498758,2021-02-28,94,52,50,0,0,0,0
JD_11498757,2021-02-28,19,6,17,0,0,0,0
JD_11498756,2021-02-28,54,41,21,1,0,0,0
JD_11498755,2021-02-28,261,76,257,3,1,0,0
JD_11498754,2021-02-28,4,3,3,0,0,0,0
JD_11498751,2021-02-28,8,5,6,0,0,0,0
JD_11498750,2021-02-28,3,3,0,0,0,0,0
JD_11498749,2021-02-28,3,3,1,0,0,0,0
JD_11498747,2021-02-28,113,43,96,0,0,0,0
JD_11498746,2021-02-28,40,10,34,0,0,0,0
JD_11498745,2021-02-28,22,8,22,0,0,0,0
JD_11498744,2021-02-28,2,1,1,0,0,0,0
JD_11498743,2021-02-28,21,7,21,0,0,1,0
JD_11498742,2021-02-28,162,130,78,0,1,0,1
JD_11498741,2021-02-28,13,6,7,0,0,0,0
JD_11498740,2021-02-28,36,29,23,0,0,0,0
JD_11498739,2021-02-28,78,60,45,1,1,0,0
JD_11498738,2021-02-28,3,2,2,0,0,0,0
JD_11498737,2021-02-28,59,26,38,2,3,0,0
JD_11498736,2021-02-28,3,1,2,0,0,0,0
JD_11498735,2021-02-28,5,5,2,0,0,0,0
JD_11498734,2021-02-28,30,12,28,1,1,0,0
JD_11498733,2021-02-28,127,100,56,0,0,1,2
JD_11498732,2021-02-28,12,6,6,0,0,0,0
JD_11498731,2021-02-28,96,74,67,1,1,1,0
JD_11498730,2021-02-28,4,3,2,0,0,0,0
JD_11498729,2021-02-28,7,3,5,0,0,0,0
JD_11498728,2021-02-28,60,46,33,0,0,0,0
JD_11498727,2021-02-28,10,6,5,0,0,0,0
JD_11498726,2021-02-28,7,4,4,0,0,0,0
JD_11498725,2021-02-28,8,4,5,0,0,0,0
JD_11498724,2021-02-28,2,0,2,0,0,0,0
JD_11498722,2021-02-28,7,4,4,0,0,0,0
JD_11498721,2021-02-28,1,1,0,0,0,0,0
JD_11498720,2021-02-28,35,16,26,1,0,0,0
JD_11498719,2021-02-28,5,1,5,0,0,0,0
JD_11498718,2021-02-28,148,56,130,3,0,0,0
JD_11498717,2021-02-28,242,102,186,6,1,0,1
JD_11498716,2021-02-28,8,3,7,0,0,0,0
JD_11498715,2021-02-28,9,5,7,0,0,0,0
JD_11498714,2021-02-28,335,107,330,4,0,1,1
JD_11498713,2021-02-28,38,23,14,1,0,0,0
JD_11498712,2021-02-28,196,0,193,2,1,0,0
JD_11498710,2021-02-28,243,81,232,5,1,1,2
JD_11498709,2021-02-28,118,85,66,1,0,0,0
JD_11498707,2021-02-28,110,0,100,9,1,0,0
