JD_11397011,2021-02-28,569,425,364,3,3,0,0
JD_11397010,2021-02-28,23,15,11,0,0,0,0
JD_11397009,2021-02-28,34,8,27,1,0,0,0
JD_11397008,2021-02-28,1466,502,1206,20,3,0,3
JD_11397007,2021-02-28,26,14,19,0,0,0,0
JD_11397006,2021-02-28,17,11,8,0,0,0,0
JD_11397005,2021-02-28,75,53,43,0,0,0,0
JD_11397004,2021-02-28,29,24,16,0,0,0,0
JD_11397003,2021-02-28,48,34,25,1,0,0,0
JD_11396994,2021-02-28,25,14,16,0,0,0,0
JD_11396993,2021-02-28,80,52,40,0,0,0,0
JD_11396936,2021-02-28,15,9,14,0,0,0,0
JD_11396935,2021-02-28,8,5,5,0,0,0,0
JD_11396930,2021-02-28,188,101,126,1,1,0,0
JD_11396929,2021-02-28,8,4,4,0,0,0,0
JD_11396928,2021-02-28,8,4,8,0,0,0,0
JD_11396927,2021-02-28,18,14,7,0,0,0,0
JD_11396926,2021-02-28,51,28,49,0,0,0,0
JD_11396925,2021-02-28,4,3,3,0,0,0,0
JD_11396924,2021-02-28,23,16,21,1,0,0,0
JD_11396923,2021-02-28,1,1,1,0,0,0,0
JD_11396921,2021-02-28,59,41,32,0,0,0,0
JD_11396920,2021-02-28,0,0,0,0,0,0,0
JD_11396919,2021-02-28,89,0,85,1,3,0,0
JD_11396918,2021-02-28,293,197,184,3,3,0,2
JD_11396917,2021-02-28,148,65,128,1,2,0,0
JD_11396916,2021-02-28,35,29,14,0,1,0,0
JD_11396915,2021-02-28,37,24,16,0,1,0,0
JD_11396914,2021-02-28,43,0,39,4,0,0,1
JD_11396913,2021-02-28,3,3,2,0,0,0,0
JD_11396912,2021-02-28,5,4,4,0,0,0,0
JD_11396911,2021-02-28,6,4,4,0,0,0,0
JD_11396910,2021-02-28,8971,6921,4217,24,8,5,18
JD_11396909,2021-02-28,11,4,6,1,0,0,0
JD_11396908,2021-02-28,43,31,23,2,1,0,0
JD_11396907,2021-02-28,84,0,81,1,2,0,0
JD_11396904,2021-02-28,4,4,1,0,0,0,0
JD_11396903,2021-02-28,59,22,58,0,1,0,0
JD_11396901,2021-02-28,223,163,152,0,1,1,1
JD_11396900,2021-02-28,80,0,78,2,0,0,0
JD_11396898,2021-02-28,0,0,0,0,0,0,0
JD_11396896,2021-02-28,65,24,53,0,0,0,1
JD_11396895,2021-02-28,44,20,32,0,0,0,1
JD_11396894,2021-02-28,26,14,20,0,0,0,0
JD_11396893,2021-02-28,4,1,3,0,0,0,0
JD_11396892,2021-02-28,0,0,0,0,0,0,0
JD_11396891,2021-02-28,8,4,6,0,0,0,0
JD_11396890,2021-02-28,0,0,0,0,0,0,0
JD_11396889,2021-02-28,54,21,40,0,0,0,0
JD_11396888,2021-02-28,30,14,28,0,0,0,0
JD_11396887,2021-02-28,51,29,38,0,1,0,1
JD_11396886,2021-02-28,17,10,10,0,0,0,0
JD_11396884,2021-02-28,8,2,7,0,0,0,0
JD_11396883,2021-02-28,1,0,1,0,0,0,0
JD_11396878,2021-02-28,9,5,8,0,0,0,0
JD_11396870,2021-02-28,1,1,1,0,0,0,0
JD_11396868,2021-02-28,2,1,2,0,0,0,0
JD_11396867,2021-02-28,20,15,7,0,0,0,0
JD_11396866,2021-02-28,14,6,13,0,0,0,0
JD_11396865,2021-02-28,0,0,0,0,0,0,0
JD_11396863,2021-02-28,7,4,6,1,0,0,0
JD_11396862,2021-02-28,13,2,12,0,1,0,0
JD_11396861,2021-02-28,89,24,87,2,0,0,1
JD_11396860,2021-02-28,9,0,9,0,0,0,0
JD_11396859,2021-02-28,1,0,1,0,0,0,0
JD_11396858,2021-02-28,35,5,34,0,0,0,0
JD_11396856,2021-02-28,59,28,59,0,0,0,0
JD_11396855,2021-02-28,36,7,29,4,1,0,0
JD_11396854,2021-02-28,12,3,12,0,0,0,0
JD_11396853,2021-02-28,39,11,37,1,0,0,0
