JD_11332003,2021-02-28,37,28,21,0,0,0,0
JD_11332002,2021-02-28,18,10,13,0,0,0,0
JD_11332001,2021-02-28,2,1,1,0,0,0,0
JD_11332000,2021-02-28,1,0,1,0,0,0,0
JD_11331999,2021-02-28,1,0,1,0,0,0,0
JD_11331997,2021-02-28,15,0,15,0,0,0,0
JD_11331995,2021-02-28,424,115,415,4,5,0,4
JD_11331994,2021-02-28,28,13,28,0,0,0,0
JD_11331993,2021-02-28,24,9,23,1,0,0,0
JD_11331992,2021-02-28,1,0,1,0,0,0,0
JD_11331991,2021-02-28,3,3,1,0,0,0,0
JD_11331990,2021-02-28,7,6,5,0,0,0,0
JD_11331989,2021-02-28,22,9,22,0,0,0,0
JD_11331987,2021-02-28,4,3,2,0,0,0,0
JD_11331986,2021-02-28,10,3,10,0,0,0,0
JD_11331985,2021-02-28,6,4,6,0,0,0,0
JD_11331984,2021-02-28,2,1,2,0,0,0,0
JD_11331983,2021-02-28,17,11,6,0,0,0,0
JD_11331981,2021-02-28,13,12,4,0,1,0,0
JD_11331980,2021-02-28,4,3,2,0,0,0,0
JD_11331979,2021-02-28,4,1,4,0,0,0,0
JD_11331977,2021-02-28,16,6,13,0,1,0,0
JD_11331975,2021-02-28,63,41,36,0,0,0,0
JD_11331974,2021-02-28,250,201,91,1,0,0,0
JD_11331973,2021-02-28,174,0,172,2,0,0,0
JD_11331972,2021-02-28,17,8,14,0,1,0,0
JD_11331971,2021-02-28,538,11,512,9,9,0,0
JD_11331970,2021-02-28,96,0,94,2,0,0,0
JD_11331969,2021-02-28,356,9,341,10,4,0,0
JD_11331968,2021-02-28,468,190,370,5,2,0,0
JD_11331966,2021-02-28,100,30,98,2,0,0,0
JD_11331965,2021-02-28,17,2,17,0,0,0,0
JD_11331962,2021-02-28,14,1,13,1,0,0,0
JD_11331961,2021-02-28,86,0,83,1,2,0,0
JD_11331960,2021-02-28,1,0,1,0,0,0,0
JD_11331959,2021-02-28,1400,0,1376,17,7,0,0
JD_11331958,2021-02-28,17,13,10,0,0,0,0
JD_11331956,2021-02-28,44,34,26,0,0,0,0
JD_11331955,2021-02-28,4,2,4,0,0,0,0
JD_11331953,2021-02-28,0,0,0,0,0,0,0
JD_11331952,2021-02-28,34,25,20,0,0,0,0
JD_11331951,2021-02-28,0,0,0,0,0,0,0
JD_11331950,2021-02-28,19,15,10,0,0,0,0
JD_11331949,2021-02-28,0,0,0,0,0,0,0
JD_11331948,2021-02-28,8,6,2,0,0,0,0
JD_11331947,2021-02-28,1,1,1,0,0,0,0
JD_11331946,2021-02-28,3,2,3,0,0,0,0
JD_11331945,2021-02-28,512,365,410,2,0,0,0
JD_11331943,2021-02-28,13,10,5,0,0,0,0
JD_11331942,2021-02-28,121,27,111,0,0,0,0
JD_11331940,2021-02-28,7,3,5,0,0,0,0
JD_11331939,2021-02-28,0,0,0,0,0,0,0
JD_11331937,2021-02-28,8,4,7,1,0,0,0
JD_11331936,2021-02-28,24,2,23,1,0,0,0
JD_11331934,2021-02-28,91,0,85,5,1,0,0
JD_11331933,2021-02-28,6,1,6,0,0,0,0
JD_11331932,2021-02-28,44,1,43,1,0,0,0
JD_11331931,2021-02-28,10,1,10,0,0,0,0
JD_11331930,2021-02-28,36,13,33,0,0,0,0
JD_11331928,2021-02-28,603,0,574,25,4,0,0
JD_11331924,2021-02-28,263,200,118,1,0,0,1
JD_11331923,2021-02-28,273,207,119,2,0,0,1
JD_11331922,2021-02-28,4,2,4,0,0,0,0
JD_11331921,2021-02-28,8,6,4,0,0,0,0
JD_11331920,2021-02-28,5,5,4,0,0,0,0
JD_11331919,2021-02-28,234,157,155,3,2,0,0
JD_11331918,2021-02-28,59,3,57,2,0,0,0
JD_11331917,2021-02-28,57,43,43,0,0,0,0
JD_11331916,2021-02-28,6,3,6,0,0,0,0
JD_11331915,2021-02-28,2,2,2,0,0,0,0
