JD_11738489,2021-02-28,0,0,0,0,0,0,0
JD_11738488,2021-02-28,11,7,5,0,0,0,0
JD_11738487,2021-02-28,11,10,1,0,0,0,0
JD_11738486,2021-02-28,14,4,13,0,1,0,0
JD_11738485,2021-02-28,255,169,202,1,1,0,1
JD_11738484,2021-02-28,7,0,6,1,0,0,0
JD_11738482,2021-02-28,1,1,1,0,0,0,0
JD_11738481,2021-02-28,34,0,34,0,0,0,0
JD_11738480,2021-02-28,2,1,1,0,0,0,0
JD_11738479,2021-02-28,2,1,1,0,0,0,0
JD_11738478,2021-02-28,2,2,2,0,0,0,0
JD_11738477,2021-02-28,0,0,0,0,0,0,0
JD_11738476,2021-02-28,3,1,3,0,0,0,0
JD_11738475,2021-02-28,2,1,2,0,0,0,0
JD_11738474,2021-02-28,51,0,50,1,0,0,0
JD_11738473,2021-02-28,1,1,1,0,0,0,0
JD_11738472,2021-02-28,2,2,2,0,0,0,0
JD_11738471,2021-02-28,1,1,0,0,0,0,0
JD_11738470,2021-02-28,1,1,0,0,0,0,0
JD_11738469,2021-02-28,3,3,2,0,0,0,0
JD_11738468,2021-02-28,3,3,2,0,0,0,0
JD_11738467,2021-02-28,2,2,1,0,0,0,0
JD_11738466,2021-02-28,1,0,1,0,0,0,0
JD_11738465,2021-02-28,0,0,0,0,0,0,0
JD_11738464,2021-02-28,3,1,2,0,0,0,0
JD_11738463,2021-02-28,1,1,0,0,0,0,0
JD_11738110,2021-02-28,1,1,1,0,0,0,0
JD_11738109,2021-02-28,0,0,0,0,0,0,0
JD_11738108,2021-02-28,4,2,4,0,0,0,0
JD_11738107,2021-02-28,3,2,1,0,0,0,0
JD_11738105,2021-02-28,0,0,0,0,0,0,0
JD_11738104,2021-02-28,1,0,1,0,0,0,0
JD_11738103,2021-02-28,0,0,0,0,0,0,0
JD_11738102,2021-02-28,0,0,0,0,0,0,0
JD_11738100,2021-02-28,1,1,1,0,0,0,0
JD_11738099,2021-02-28,0,0,0,0,0,0,0
JD_11738098,2021-02-28,0,0,0,0,0,0,0
JD_11738096,2021-02-28,0,0,0,0,0,0,0
JD_11738095,2021-02-28,0,0,0,0,0,0,0
JD_11738094,2021-02-28,0,0,0,0,0,0,0
JD_11738093,2021-02-28,0,0,0,0,0,0,0
JD_11738092,2021-02-28,0,0,0,0,0,0,0
JD_11738091,2021-02-28,2,0,2,0,0,0,0
JD_11738090,2021-02-28,0,0,0,0,0,0,0
JD_11738088,2021-02-28,0,0,0,0,0,0,0
JD_11738087,2021-02-28,1,1,1,0,0,0,0
JD_11738086,2021-02-28,0,0,0,0,0,0,0
JD_11738085,2021-02-28,2,1,2,0,0,0,0
JD_11738084,2021-02-28,0,0,0,0,0,0,0
JD_11738083,2021-02-28,0,0,0,0,0,0,0
JD_11738081,2021-02-28,2,2,1,0,0,0,0
JD_11738080,2021-02-28,11,9,6,0,0,0,0
JD_11738079,2021-02-28,0,0,0,0,0,0,0
JD_11738078,2021-02-28,2,2,2,0,0,0,0
JD_11738077,2021-02-28,8,7,2,0,0,0,0
JD_11738075,2021-02-28,0,0,0,0,0,0,0
JD_11738073,2021-02-28,0,0,0,0,0,0,0
JD_11738072,2021-02-28,0,0,0,0,0,0,0
JD_11738071,2021-02-28,0,0,0,0,0,0,0
JD_11738069,2021-02-28,6,4,2,0,0,0,0
JD_11738068,2021-02-28,2,0,2,0,0,0,0
JD_11738067,2021-02-28,0,0,0,0,0,0,0
JD_11738066,2021-02-28,1,1,1,0,0,0,0
JD_11738065,2021-02-28,0,0,0,0,0,0,0
JD_11738064,2021-02-28,0,0,0,0,0,0,0
JD_11738063,2021-02-28,2,0,2,0,0,0,0
JD_11738062,2021-02-28,7,4,5,0,0,0,0
JD_11738061,2021-02-28,0,0,0,0,0,0,0
JD_11738060,2021-02-28,1,0,0,0,1,0,0
JD_11738059,2021-02-28,1,0,0,0,1,0,0
