JD_12315323,2021-02-28,105,90,33,0,0,0,0
JD_12315322,2021-02-28,56,42,36,1,0,1,0
JD_12315321,2021-02-28,79,64,28,0,0,0,2
JD_12315320,2021-02-28,166,135,71,0,0,0,0
JD_12315319,2021-02-28,96,89,22,0,0,0,0
JD_12315318,2021-02-28,143,124,54,0,0,0,0
JD_12315317,2021-02-28,68,63,21,0,0,0,0
JD_12315315,2021-02-28,162,136,90,1,0,0,0
JD_12315313,2021-02-28,248,212,69,0,0,1,0
JD_12315312,2021-02-28,30,25,13,0,0,0,0
JD_12315311,2021-02-28,4,4,0,0,0,0,0
JD_12315310,2021-02-28,78,52,60,0,0,0,0
JD_12315309,2021-02-28,19,12,11,0,0,0,0
JD_12315308,2021-02-28,61,48,28,0,0,0,0
JD_12315307,2021-02-28,96,70,73,0,0,1,0
JD_12315306,2021-02-28,64,53,49,0,0,0,0
JD_12315305,2021-02-28,16,13,9,0,0,0,0
JD_12315304,2021-02-28,6,4,4,0,0,0,0
JD_12315303,2021-02-28,5,4,1,0,0,0,0
JD_12315302,2021-02-28,278,213,161,0,0,1,1
JD_12315301,2021-02-28,16,12,11,0,0,0,0
JD_12315300,2021-02-28,458,393,209,0,2,0,2
JD_12315299,2021-02-28,72,57,30,0,0,0,0
JD_12315298,2021-02-28,186,157,108,0,1,0,1
JD_12315297,2021-02-28,102,90,21,0,0,0,0
JD_12315296,2021-02-28,1575,1379,571,2,1,0,1
JD_12315295,2021-02-28,131,110,51,0,1,0,0
JD_12315294,2021-02-28,30,23,18,0,0,0,1
JD_12315293,2021-02-28,53,47,35,0,0,0,0
JD_12315292,2021-02-28,83,64,36,0,0,0,0
JD_12315290,2021-02-28,783,655,463,1,0,3,0
JD_12315289,2021-02-28,3,2,2,0,0,0,0
JD_12315288,2021-02-28,90,77,39,0,0,0,0
JD_12315287,2021-02-28,143,112,85,0,0,0,1
JD_12315286,2021-02-28,243,197,126,0,0,1,1
JD_12315285,2021-02-28,199,164,92,0,1,0,2
JD_12315284,2021-02-28,218,186,92,0,0,0,0
JD_12315283,2021-02-28,2621,2143,931,1,0,2,2
JD_12315282,2021-02-28,1743,1504,890,1,2,1,1
JD_12315281,2021-02-28,618,513,242,1,1,0,0
JD_12315280,2021-02-28,1438,1157,799,3,4,0,2
JD_12315279,2021-02-28,858,721,607,0,1,1,1
JD_12315278,2021-02-28,77,62,33,0,0,0,0
JD_12315277,2021-02-28,848,714,587,0,0,0,2
JD_12315276,2021-02-28,1594,1316,458,0,0,2,4
JD_12315275,2021-02-28,799,669,561,1,0,0,2
JD_12315274,2021-02-28,65,48,23,0,0,0,0
JD_12315273,2021-02-28,1373,1105,584,0,1,2,1
JD_12315272,2021-02-28,5835,4868,2487,0,0,9,8
JD_12315271,2021-02-28,1947,1583,696,1,0,2,4
JD_12315270,2021-02-28,273,227,110,0,0,1,0
JD_12315269,2021-02-28,107,89,33,0,0,1,0
JD_12311323,2021-02-28,1,1,0,0,0,0,0
JD_12311322,2021-02-28,2,2,1,0,0,0,0
JD_12311321,2021-02-28,0,0,0,0,0,0,0
JD_12311320,2021-02-28,1253,1053,611,1,0,1,5
JD_12311319,2021-02-28,1310,1116,668,2,0,1,3
JD_12311318,2021-02-28,123,77,94,1,0,0,1
JD_12311317,2021-02-28,0,0,0,0,0,0,0
JD_12311316,2021-02-28,159,124,65,0,0,0,0
JD_12311315,2021-02-28,67,57,38,0,0,0,0
JD_12311314,2021-02-28,57,42,27,1,0,0,2
JD_12311313,2021-02-28,0,0,0,0,0,0,0
JD_12311312,2021-02-28,62,48,18,1,1,0,0
JD_12311311,2021-02-28,0,0,0,0,0,0,0
JD_12311310,2021-02-28,129,95,72,0,0,0,2
JD_12311309,2021-02-28,9,8,4,0,0,0,0
JD_12311308,2021-02-28,36,32,15,1,0,0,0
JD_12311307,2021-02-28,10,9,6,0,0,0,0
JD_12311306,2021-02-28,281,230,165,0,0,0,1
