JD_11423979,2021-02-28,4,3,2,1,0,0,0
JD_11423977,2021-02-28,0,0,0,0,0,0,0
JD_11423975,2021-02-28,0,0,0,0,0,0,0
JD_11423973,2021-02-28,0,0,0,0,0,0,0
JD_11423972,2021-02-28,0,0,0,0,0,0,0
JD_11423970,2021-02-28,4,3,4,0,0,0,0
JD_11423969,2021-02-28,0,0,0,0,0,0,0
JD_11423968,2021-02-28,0,0,0,0,0,0,0
JD_11423967,2021-02-28,0,0,0,0,0,0,0
JD_11423965,2021-02-28,259,169,176,1,2,1,0
JD_11423964,2021-02-28,1,1,1,0,0,0,0
JD_11423963,2021-02-28,6,4,3,1,0,0,0
JD_11423961,2021-02-28,17,11,17,0,0,0,0
JD_11423960,2021-02-28,0,0,0,0,0,0,0
JD_11423958,2021-02-28,0,0,0,0,0,0,0
JD_11423957,2021-02-28,13,9,13,0,0,0,0
JD_11423955,2021-02-28,4,1,4,0,0,0,0
JD_11423954,2021-02-28,10,0,10,0,0,0,0
JD_11423953,2021-02-28,3,2,2,0,0,0,0
JD_11423951,2021-02-28,48,40,35,0,0,0,1
JD_11423950,2021-02-28,45,35,22,1,0,0,0
JD_11423949,2021-02-28,37,27,26,0,0,0,0
JD_11423948,2021-02-28,8,4,4,0,0,0,0
JD_11423947,2021-02-28,10,7,3,1,0,0,0
JD_11423946,2021-02-28,0,0,0,0,0,0,0
JD_11423945,2021-02-28,0,0,0,0,0,0,0
JD_11423944,2021-02-28,0,0,0,0,0,0,0
JD_11423943,2021-02-28,0,0,0,0,0,0,0
JD_11423942,2021-02-28,1,1,0,0,0,0,0
JD_11423941,2021-02-28,3,2,1,0,0,0,0
JD_11423940,2021-02-28,0,0,0,0,0,0,0
JD_11423939,2021-02-28,62,31,49,0,1,0,0
JD_11423938,2021-02-28,0,0,0,0,0,0,0
JD_11423937,2021-02-28,0,0,0,0,0,0,0
JD_11423936,2021-02-28,2,2,2,0,0,0,0
JD_11423935,2021-02-28,0,0,0,0,0,0,0
JD_11423934,2021-02-28,2,2,2,0,0,0,0
JD_11423932,2021-02-28,0,0,0,0,0,0,0
JD_11423931,2021-02-28,0,0,0,0,0,0,0
JD_11423929,2021-02-28,0,0,0,0,0,0,0
JD_11423926,2021-02-28,0,0,0,0,0,0,0
JD_11423925,2021-02-28,0,0,0,0,0,0,0
JD_11423924,2021-02-28,0,0,0,0,0,0,0
JD_11423922,2021-02-28,0,0,0,0,0,0,0
JD_11423915,2021-02-28,0,0,0,0,0,0,0
JD_11423913,2021-02-28,1,1,1,0,0,0,0
JD_11423911,2021-02-28,0,0,0,0,0,0,0
JD_11423909,2021-02-28,2,2,2,0,0,0,0
JD_11423903,2021-02-28,0,0,0,0,0,0,0
JD_11423902,2021-02-28,0,0,0,0,0,0,0
JD_11423897,2021-02-28,0,0,0,0,0,0,0
JD_11423896,2021-02-28,0,0,0,0,0,0,0
JD_11423893,2021-02-28,1,0,1,0,0,0,0
JD_11423891,2021-02-28,0,0,0,0,0,0,0
JD_11423889,2021-02-28,3,1,3,0,0,0,0
JD_11423880,2021-02-28,0,0,0,0,0,0,0
JD_11423879,2021-02-28,28,15,21,0,0,0,0
JD_11423878,2021-02-28,223,167,153,2,0,1,1
JD_11423877,2021-02-28,0,0,0,0,0,0,0
JD_11423876,2021-02-28,0,0,0,0,0,0,0
JD_11423875,2021-02-28,2,0,2,0,0,0,0
JD_11423874,2021-02-28,0,0,0,0,0,0,0
JD_11423872,2021-02-28,0,0,0,0,0,0,0
JD_11423871,2021-02-28,226,185,85,0,2,0,0
JD_11423868,2021-02-28,26,14,16,0,2,0,1
JD_11423866,2021-02-28,16,11,10,0,0,0,0
JD_11423865,2021-02-28,2,2,0,0,0,0,0
JD_11423863,2021-02-28,5,3,3,0,0,0,0
JD_11423862,2021-02-28,0,0,0,0,0,0,0
JD_11423861,2021-02-28,0,0,0,0,0,0,0
