JD_11478699,2021-02-28,528,385,369,0,1,3,0
JD_11478698,2021-02-28,7,3,6,0,0,0,0
JD_11478697,2021-02-28,3,1,3,0,0,0,0
JD_11478695,2021-02-28,1,0,1,0,0,0,0
JD_11478694,2021-02-28,4,1,3,0,0,0,0
JD_11478687,2021-02-28,277,171,189,0,1,0,0
JD_11478686,2021-02-28,78,24,68,3,0,0,1
JD_11478685,2021-02-28,373,232,241,1,0,0,0
JD_11478683,2021-02-28,0,0,0,0,0,0,0
JD_11478682,2021-02-28,787,527,551,3,1,0,1
JD_11478681,2021-02-28,1596,618,1579,11,6,0,9
JD_11478680,2021-02-28,419,151,413,2,2,0,2
JD_11478679,2021-02-28,73,21,66,1,0,0,0
JD_11478678,2021-02-28,477,114,393,10,0,0,0
JD_11478677,2021-02-28,9,6,8,0,0,0,0
JD_11478675,2021-02-28,7,7,2,0,0,0,0
JD_11478674,2021-02-28,3,2,1,0,0,0,0
JD_11478673,2021-02-28,2,2,2,0,0,0,0
JD_11478672,2021-02-28,7,6,4,0,0,0,0
JD_11478671,2021-02-28,0,0,0,0,0,0,0
JD_11478670,2021-02-28,25,18,22,0,0,0,0
JD_11478666,2021-02-28,666,0,642,20,4,0,0
JD_11478664,2021-02-28,10,6,5,1,0,0,0
JD_11478662,2021-02-28,531,0,523,6,2,0,0
JD_11478660,2021-02-28,752,193,702,8,1,0,2
JD_11478659,2021-02-28,313,7,306,3,4,1,0
JD_11478656,2021-02-28,108,0,103,5,0,0,0
JD_11478654,2021-02-28,634,130,586,5,4,0,0
JD_11478653,2021-02-28,7,0,7,0,0,0,0
JD_11478652,2021-02-28,17,4,13,0,0,0,0
JD_11478651,2021-02-28,14,7,12,0,0,0,0
JD_11478650,2021-02-28,51,34,49,0,1,0,0
JD_11478649,2021-02-28,9,5,5,0,0,0,0
JD_11478648,2021-02-28,706,406,413,1,2,1,5
JD_11478647,2021-02-28,32,21,20,0,0,0,0
JD_11478646,2021-02-28,14,13,7,0,0,0,0
JD_11478645,2021-02-28,12,10,6,0,0,0,0
JD_11478644,2021-02-28,1,1,0,0,0,0,0
JD_11478643,2021-02-28,14,9,10,0,0,0,0
JD_11478642,2021-02-28,1,1,1,0,0,0,0
JD_11478641,2021-02-28,0,0,0,0,0,0,0
JD_11478640,2021-02-28,38,24,22,0,0,0,0
JD_11478639,2021-02-28,5,4,1,0,0,0,0
JD_11478637,2021-02-28,64,7,63,0,0,0,0
JD_11478636,2021-02-28,13,9,7,0,0,0,0
JD_11478635,2021-02-28,16,13,7,0,0,0,0
JD_11478634,2021-02-28,9,4,7,0,0,0,0
JD_11478633,2021-02-28,2,2,1,0,0,0,0
JD_11478632,2021-02-28,31,22,21,0,0,0,0
JD_11478631,2021-02-28,14,8,9,1,0,0,0
JD_11478629,2021-02-28,78,59,45,0,0,0,0
JD_11478628,2021-02-28,75,55,32,2,0,0,0
JD_11478627,2021-02-28,88,68,47,0,0,0,0
JD_11478626,2021-02-28,22,18,11,0,0,0,0
JD_11478625,2021-02-28,13,10,8,0,0,0,0
JD_11478624,2021-02-28,13,7,9,0,0,0,0
JD_11478623,2021-02-28,4,0,4,0,0,0,0
JD_11478622,2021-02-28,782,556,457,3,1,2,2
JD_11478621,2021-02-28,21,17,11,0,0,0,0
JD_11478620,2021-02-28,21,17,12,0,0,0,0
JD_11478619,2021-02-28,9,6,4,0,0,0,0
JD_11478618,2021-02-28,5,4,3,0,0,0,0
JD_11478617,2021-02-28,1,1,0,0,0,0,0
JD_11478615,2021-02-28,16,14,10,0,0,0,0
JD_11478614,2021-02-28,2,2,1,0,0,0,0
JD_11478613,2021-02-28,4,3,4,0,0,0,0
JD_11478612,2021-02-28,8,5,4,0,0,0,1
JD_11478611,2021-02-28,4,1,3,0,0,0,0
JD_11478610,2021-02-28,8,3,4,1,0,0,0
JD_11478609,2021-02-28,0,0,0,0,0,0,0
