JD_11357142,2021-02-28,207,156,120,3,0,1,0
JD_11357141,2021-02-28,36,14,29,0,0,0,0
JD_11357140,2021-02-28,0,0,0,0,0,0,0
JD_11357139,2021-02-28,7,4,3,0,0,0,1
JD_11357137,2021-02-28,8,2,6,0,0,0,0
JD_11357136,2021-02-28,11,8,9,0,0,0,0
JD_11357135,2021-02-28,0,0,0,0,0,0,0
JD_11357134,2021-02-28,0,0,0,0,0,0,0
JD_11357133,2021-02-28,0,0,0,0,0,0,0
JD_11357132,2021-02-28,3,1,1,1,0,0,0
JD_11357131,2021-02-28,77,56,49,0,0,0,2
JD_11357130,2021-02-28,573,294,569,4,0,0,2
JD_11357129,2021-02-28,7,6,4,0,0,0,0
JD_11357128,2021-02-28,16,12,5,0,0,0,0
JD_11357126,2021-02-28,6,2,4,0,0,0,0
JD_11357123,2021-02-28,228,168,108,0,0,1,2
JD_11357122,2021-02-28,7,1,7,0,0,0,0
JD_11357120,2021-02-28,5,2,3,0,0,0,0
JD_11357119,2021-02-28,14,8,10,1,0,0,0
JD_11357118,2021-02-28,9,9,0,0,0,0,0
JD_11357117,2021-02-28,19,15,5,0,0,0,0
JD_11357116,2021-02-28,38,30,18,0,0,0,0
JD_11357115,2021-02-28,123,12,121,0,1,0,0
JD_11357114,2021-02-28,4,4,3,0,0,0,0
JD_11357111,2021-02-28,61,20,59,2,0,0,0
JD_11357110,2021-02-28,790,386,552,2,2,0,4
JD_11357107,2021-02-28,498,235,323,2,0,0,3
JD_11357105,2021-02-28,1716,1367,1075,1,2,0,3
JD_11357104,2021-02-28,56,33,44,1,0,0,0
JD_11357103,2021-02-28,1,0,1,0,0,0,0
JD_11357101,2021-02-28,1,1,0,0,0,0,0
JD_11357100,2021-02-28,5,2,4,0,0,0,0
JD_11357099,2021-02-28,1,0,1,0,0,0,0
JD_11357098,2021-02-28,0,0,0,0,0,0,0
JD_11357097,2021-02-28,1,1,1,0,0,0,0
JD_11357092,2021-02-28,0,0,0,0,0,0,0
JD_11357091,2021-02-28,42,34,19,0,0,0,1
JD_11357090,2021-02-28,711,407,469,2,0,0,5
JD_11357089,2021-02-28,0,0,0,0,0,0,0
JD_11357087,2021-02-28,41,20,30,1,1,0,1
JD_11357086,2021-02-28,144,98,80,0,0,0,1
JD_11357085,2021-02-28,56,30,50,3,0,0,0
JD_11357084,2021-02-28,116,84,86,0,0,0,0
JD_11357083,2021-02-28,38,0,37,1,0,0,0
JD_11357082,2021-02-28,61,25,61,0,0,0,0
JD_11357081,2021-02-28,8,3,5,0,0,0,0
JD_11357080,2021-02-28,12,6,8,1,0,0,0
JD_11357079,2021-02-28,77,8,75,1,0,0,0
JD_11357078,2021-02-28,91,59,52,1,0,1,0
JD_11357077,2021-02-28,121,85,79,3,0,0,0
JD_11357076,2021-02-28,127,70,120,0,0,0,0
JD_11357074,2021-02-28,66,0,65,0,1,0,0
JD_11357073,2021-02-28,196,99,187,2,1,0,0
JD_11357072,2021-02-28,1090,536,760,8,0,0,2
JD_11357052,2021-02-28,16,9,15,0,0,0,0
JD_11357048,2021-02-28,13,5,13,0,0,0,0
JD_11357046,2021-02-28,16,0,16,0,0,0,0
JD_11357044,2021-02-28,14,4,13,1,0,0,0
JD_11357043,2021-02-28,8,0,8,0,0,0,0
JD_11357041,2021-02-28,58,41,44,0,0,0,0
JD_11357038,2021-02-28,14,2,14,0,0,0,0
JD_11357033,2021-02-28,61,49,31,0,0,0,0
JD_11357032,2021-02-28,216,149,215,1,0,0,0
JD_11357031,2021-02-28,106,79,46,1,0,1,0
JD_11357030,2021-02-28,0,0,0,0,0,0,0
JD_11357029,2021-02-28,71,33,46,1,0,0,0
JD_11357015,2021-02-28,11,6,8,0,0,0,0
JD_11357014,2021-02-28,7,6,6,0,0,0,0
JD_11357012,2021-02-28,653,342,648,2,3,1,1
JD_11357011,2021-02-28,5,0,5,0,0,0,1
