JD_11417326,2021-02-28,65,48,26,0,0,0,0
JD_11417325,2021-02-28,35,4,33,1,1,0,0
JD_11417324,2021-02-28,40,27,19,0,0,0,0
JD_11417323,2021-02-28,5,4,1,0,0,0,0
JD_11417322,2021-02-28,6,6,3,0,0,0,0
JD_11417321,2021-02-28,2,0,2,0,0,0,0
JD_11417320,2021-02-28,4,4,2,0,0,0,0
JD_11417319,2021-02-28,10,7,6,0,0,0,0
JD_11417318,2021-02-28,5,2,5,0,0,0,0
JD_11417317,2021-02-28,5,2,4,0,0,0,0
JD_11417316,2021-02-28,1,0,1,0,0,0,0
JD_11417315,2021-02-28,28,17,12,0,0,0,0
JD_11417314,2021-02-28,2,2,1,0,0,0,0
JD_11417313,2021-02-28,197,110,122,3,1,0,0
JD_11417312,2021-02-28,41,11,27,4,0,0,0
JD_11417310,2021-02-28,27,9,26,1,0,0,0
JD_11417309,2021-02-28,8,7,3,0,0,0,0
JD_11417308,2021-02-28,219,135,148,0,2,0,1
JD_11417305,2021-02-28,1030,756,846,5,2,0,3
JD_11417304,2021-02-28,19,4,17,1,0,0,0
JD_11417303,2021-02-28,90,56,51,1,0,0,1
JD_11417301,2021-02-28,8,1,8,0,0,0,0
JD_11417299,2021-02-28,26,14,23,0,0,0,0
JD_11417298,2021-02-28,2,0,2,0,0,0,0
JD_11417296,2021-02-28,3,1,3,0,0,0,0
JD_11417294,2021-02-28,121,0,114,5,2,0,0
JD_11417293,2021-02-28,277,37,271,3,3,0,4
JD_11417292,2021-02-28,42,3,40,1,1,0,0
JD_11417291,2021-02-28,80,2,77,2,1,0,0
JD_11417290,2021-02-28,211,84,206,4,0,0,1
JD_11417289,2021-02-28,30,2,26,1,2,0,0
JD_11417288,2021-02-28,27,22,8,0,0,0,0
JD_11417287,2021-02-28,590,84,560,17,4,0,1
JD_11417286,2021-02-28,2,0,2,0,0,0,0
JD_11417284,2021-02-28,3,2,2,0,0,0,0
JD_11417283,2021-02-28,25,17,10,1,0,0,0
JD_11417282,2021-02-28,64,6,61,1,0,0,0
JD_11417279,2021-02-28,3,1,2,0,0,0,0
JD_11417278,2021-02-28,7,1,6,0,0,0,0
JD_11417277,2021-02-28,3,2,2,0,0,0,0
JD_11417275,2021-02-28,5,4,2,0,0,0,0
JD_11417274,2021-02-28,0,0,0,0,0,0,0
JD_11417273,2021-02-28,14,5,14,0,0,0,0
JD_11417272,2021-02-28,25,16,22,0,0,0,0
JD_11417271,2021-02-28,21,7,20,1,0,0,0
JD_11417270,2021-02-28,19,11,13,0,0,0,0
JD_11417268,2021-02-28,7,7,7,0,0,0,0
JD_11417267,2021-02-28,22,13,16,0,0,0,0
JD_11417266,2021-02-28,9,6,7,0,0,0,0
JD_11417265,2021-02-28,6,3,5,0,0,0,0
JD_11417264,2021-02-28,2,1,1,0,0,0,0
JD_11417262,2021-02-28,9157,1921,8994,101,55,3,34
JD_11417261,2021-02-28,215,106,141,2,0,0,0
JD_11417260,2021-02-28,247,104,189,2,0,0,1
JD_11417259,2021-02-28,10,1,10,0,0,0,0
JD_11417258,2021-02-28,99,54,80,1,0,0,0
JD_11417257,2021-02-28,1714,1387,495,3,0,1,1
JD_11417256,2021-02-28,2316,1933,578,2,4,2,1
JD_11417255,2021-02-28,3820,3194,960,3,2,1,4
JD_11417252,2021-02-28,3029,2372,1177,2,6,4,2
JD_11417251,2021-02-28,2039,1578,744,0,0,2,2
JD_11417250,2021-02-28,6664,5580,1978,3,1,8,8
JD_11417249,2021-02-28,8397,6746,3000,7,3,7,10
JD_11417248,2021-02-28,4676,3864,1214,2,0,3,4
JD_11417247,2021-02-28,5916,4927,1539,7,2,5,9
JD_11417246,2021-02-28,3651,3087,1049,4,2,2,3
JD_11417245,2021-02-28,6285,5383,1556,6,0,4,3
JD_11417244,2021-02-28,3849,3262,996,2,1,2,5
JD_11417237,2021-02-28,52,30,31,0,0,0,0
JD_11417236,2021-02-28,94,64,51,0,0,0,0
