JD_11372718,2021-02-28,23,16,10,0,0,0,0
JD_11372716,2021-02-28,3,2,1,0,0,0,0
JD_11372715,2021-02-28,5,3,2,0,0,0,0
JD_11372711,2021-02-28,5,3,2,0,0,0,0
JD_11372710,2021-02-28,8,5,3,0,0,0,0
JD_11372708,2021-02-28,36,9,34,1,1,0,2
JD_11372707,2021-02-28,0,0,0,0,0,0,0
JD_11372706,2021-02-28,0,0,0,0,0,0,0
JD_11372705,2021-02-28,17,3,16,0,0,0,0
JD_11372701,2021-02-28,29,16,25,0,0,0,0
JD_11372700,2021-02-28,21,8,20,1,0,0,0
JD_11372698,2021-02-28,8,2,8,0,0,0,0
JD_11372697,2021-02-28,9,3,6,0,0,0,0
JD_11372694,2021-02-28,13,4,9,1,0,0,0
JD_11372693,2021-02-28,4,3,4,0,0,0,0
JD_11372691,2021-02-28,1,1,1,0,0,0,0
JD_11372690,2021-02-28,0,0,0,0,0,0,0
JD_11372688,2021-02-28,2,0,2,0,0,0,0
JD_11372686,2021-02-28,0,0,0,0,0,0,0
JD_11372684,2021-02-28,30,20,16,0,1,0,0
JD_11372683,2021-02-28,0,0,0,0,0,0,0
JD_11372679,2021-02-28,0,0,0,0,0,0,0
JD_11372677,2021-02-28,12,7,12,0,0,0,0
JD_11372676,2021-02-28,103,76,65,0,0,0,0
JD_11372675,2021-02-28,2,2,2,0,0,0,0
JD_11372673,2021-02-28,2,1,2,0,0,0,0
JD_11372671,2021-02-28,1,0,1,0,0,0,0
JD_11372670,2021-02-28,88,0,81,6,1,0,0
JD_11372669,2021-02-28,3,1,3,0,0,0,0
JD_11372668,2021-02-28,866,672,448,1,1,0,0
JD_11372666,2021-02-28,59,0,55,4,0,0,0
JD_11372661,2021-02-28,13,3,9,1,2,0,0
JD_11372659,2021-02-28,26,8,25,0,0,0,0
JD_11372658,2021-02-28,2989,2211,2705,4,1,2,5
JD_11372656,2021-02-28,48,15,37,1,1,0,0
JD_11372654,2021-02-28,129,0,121,7,1,0,0
JD_11372653,2021-02-28,3,2,3,0,0,0,0
JD_11372652,2021-02-28,37,6,31,1,1,0,0
JD_11372650,2021-02-28,25,0,22,2,1,0,0
JD_11372649,2021-02-28,2,0,2,0,0,0,0
JD_11372648,2021-02-28,596,0,561,27,8,0,0
JD_11372647,2021-02-28,495,0,467,24,4,0,0
JD_11372645,2021-02-28,0,0,0,0,0,0,0
JD_11372643,2021-02-28,0,0,0,0,0,0,0
JD_11372642,2021-02-28,0,0,0,0,0,0,0
JD_11372640,2021-02-28,0,0,0,0,0,0,0
JD_11372639,2021-02-28,33,2,30,2,1,0,0
JD_11372637,2021-02-28,0,0,0,0,0,0,0
JD_11372636,2021-02-28,0,0,0,0,0,0,0
JD_11372632,2021-02-28,22,12,15,0,1,0,0
JD_11372631,2021-02-28,10,4,7,1,0,0,0
JD_11372630,2021-02-28,8,3,8,0,0,0,0
JD_11372629,2021-02-28,2,2,1,0,0,0,0
JD_11372628,2021-02-28,0,0,0,0,0,0,0
JD_11372625,2021-02-28,34,0,33,1,0,0,0
JD_11372624,2021-02-28,0,0,0,0,0,0,0
JD_11372623,2021-02-28,0,0,0,0,0,0,0
JD_11372621,2021-02-28,153,0,147,4,2,0,0
JD_11372620,2021-02-28,153,114,61,0,0,0,0
JD_11372619,2021-02-28,239,154,127,2,0,1,1
JD_11372618,2021-02-28,244,197,95,1,1,0,0
JD_11372617,2021-02-28,14,9,9,1,0,0,0
JD_11372615,2021-02-28,8,6,4,0,0,0,0
JD_11372614,2021-02-28,13,6,13,0,0,0,0
JD_11372613,2021-02-28,1137,8,1077,50,10,0,2
JD_11372612,2021-02-28,32,2,30,0,1,0,0
JD_11372603,2021-02-28,0,0,0,0,0,0,0
JD_11372595,2021-02-28,0,0,0,0,0,0,0
JD_11372594,2021-02-28,0,0,0,0,0,0,0
JD_11372592,2021-02-28,0,0,0,0,0,0,0
