JD_12623386,2021-02-28,213,185,28,0,0,0,0
JD_12623385,2021-02-28,94,83,11,0,0,0,0
JD_12623384,2021-02-28,5301,4713,586,1,1,0,5
JD_12623383,2021-02-28,233,206,27,0,0,0,0
JD_12623382,2021-02-28,364,300,64,0,0,0,0
JD_12623381,2021-02-28,35,32,3,0,0,0,0
JD_12623380,2021-02-28,426,354,71,1,0,2,0
JD_12623379,2021-02-28,46,41,5,0,0,0,0
JD_12623378,2021-02-28,454,395,57,2,0,0,0
JD_12623377,2021-02-28,771,649,120,1,1,1,1
JD_12623376,2021-02-28,1340,1113,225,2,0,1,1
JD_12623375,2021-02-28,515,465,50,0,0,0,0
JD_12623374,2021-02-28,756,672,84,0,0,0,0
JD_12623373,2021-02-28,1,1,0,0,0,0,0
JD_12623372,2021-02-28,307,262,44,0,1,0,1
JD_12623371,2021-02-28,0,0,0,0,0,0,0
JD_12623370,2021-02-28,1114,967,142,1,4,2,3
JD_12623368,2021-02-28,207,181,26,0,0,1,2
JD_12623367,2021-02-28,21,19,2,0,0,0,0
JD_12623366,2021-02-28,66,49,17,0,0,0,1
JD_12623365,2021-02-28,12,11,1,0,0,0,0
JD_12623364,2021-02-28,133,109,23,1,0,0,0
JD_12623363,2021-02-28,8,7,1,0,0,0,0
JD_12623362,2021-02-28,812,575,235,0,2,1,0
JD_12623361,2021-02-28,1,1,0,0,0,0,0
JD_12623360,2021-02-28,186,119,67,0,0,0,2
JD_12623359,2021-02-28,5,4,1,0,0,0,0
JD_12623358,2021-02-28,156,136,20,0,0,0,0
JD_12623357,2021-02-28,26,25,1,0,0,0,0
JD_12623356,2021-02-28,34,31,3,0,0,0,0
JD_12623355,2021-02-28,8,8,0,0,0,0,0
JD_12623354,2021-02-28,124,100,23,1,0,0,0
JD_12623353,2021-02-28,1,1,0,0,0,0,0
JD_12623352,2021-02-28,989,841,147,1,0,0,0
JD_12623351,2021-02-28,130,118,12,0,0,0,0
JD_12623350,2021-02-28,110,102,8,0,0,0,0
JD_12623349,2021-02-28,1,1,0,0,0,0,0
JD_12623348,2021-02-28,195,175,20,0,0,0,0
JD_12623347,2021-02-28,501,412,87,2,0,0,0
JD_12623346,2021-02-28,229,151,78,0,0,0,0
JD_12623345,2021-02-28,13,11,2,0,0,0,0
JD_12623344,2021-02-28,413,353,60,0,0,0,0
JD_12623343,2021-02-28,3,2,1,0,0,0,0
JD_12623342,2021-02-28,3278,2833,438,5,2,1,4
JD_12623341,2021-02-28,8,7,1,0,0,0,0
JD_12623340,2021-02-28,4899,4361,535,2,1,2,6
JD_12623339,2021-02-28,19,19,0,0,0,0,0
JD_12623338,2021-02-28,265,192,73,0,0,0,2
JD_12623337,2021-02-28,1,1,0,0,0,0,0
JD_12623336,2021-02-28,2564,2136,427,1,0,5,1
JD_12623335,2021-02-28,0,0,0,0,0,0,0
JD_12623333,2021-02-28,8,7,1,0,0,0,0
JD_12623332,2021-02-28,136,126,10,0,0,0,0
JD_12623331,2021-02-28,30,25,5,0,0,0,0
JD_12623330,2021-02-28,132,120,12,0,0,0,0
JD_12623329,2021-02-28,7,7,0,0,0,0,0
JD_12623328,2021-02-28,120,82,38,0,0,0,4
JD_12623327,2021-02-28,3,2,1,0,0,0,0
JD_12623326,2021-02-28,83,76,7,0,0,0,0
JD_12623325,2021-02-28,65,59,6,0,0,0,0
JD_12623324,2021-02-28,245,211,31,2,1,0,0
JD_12623323,2021-02-28,7,7,0,0,0,0,0
JD_12623322,2021-02-28,313,255,57,0,1,0,0
JD_12623321,2021-02-28,0,0,0,0,0,0,0
JD_12623320,2021-02-28,16,12,4,0,0,0,0
JD_12623319,2021-02-28,5,3,2,0,0,0,0
JD_12623318,2021-02-28,0,0,0,0,0,0,0
JD_12623317,2021-02-28,0,0,0,0,0,0,0
JD_12623028,2021-02-28,3,3,0,0,0,0,0
JD_12623027,2021-02-28,23,14,9,0,0,0,0
