JD_11338834,2021-02-28,0,0,0,0,0,0,0
JD_11338833,2021-02-28,0,0,0,0,0,0,0
JD_11338832,2021-02-28,0,0,0,0,0,0,0
JD_11338831,2021-02-28,12,0,12,0,0,0,0
JD_11338830,2021-02-28,0,0,0,0,0,0,0
JD_11338828,2021-02-28,0,0,0,0,0,0,0
JD_11338827,2021-02-28,0,0,0,0,0,0,0
JD_11338826,2021-02-28,70,43,41,0,0,0,0
JD_11338824,2021-02-28,0,0,0,0,0,0,0
JD_11338823,2021-02-28,53,40,39,1,0,0,0
JD_11338822,2021-02-28,47,34,23,1,0,0,0
JD_11338818,2021-02-28,4,1,3,0,0,0,0
JD_11338816,2021-02-28,2,1,1,0,0,0,0
JD_11338815,2021-02-28,421,310,400,1,0,1,1
JD_11338809,2021-02-28,532,392,511,2,0,0,1
JD_11338808,2021-02-28,25,0,25,0,0,0,0
JD_11338807,2021-02-28,706,502,667,3,1,2,3
JD_11338805,2021-02-28,1,1,0,0,0,0,0
JD_11338802,2021-02-28,31,17,18,0,0,0,0
JD_11338800,2021-02-28,66,47,35,0,0,0,1
JD_11338799,2021-02-28,160,118,41,1,0,0,1
JD_11338798,2021-02-28,1,1,1,0,0,0,0
JD_11338797,2021-02-28,103,45,93,1,1,1,0
JD_11338793,2021-02-28,2,2,2,0,0,0,0
JD_11338789,2021-02-28,74,0,71,1,2,0,0
JD_11338788,2021-02-28,243,25,228,7,2,0,1
JD_11338787,2021-02-28,27,3,26,0,0,0,0
JD_11338786,2021-02-28,171,129,96,0,0,0,1
JD_11338785,2021-02-28,155,114,103,0,0,0,1
JD_11338783,2021-02-28,37,6,34,0,0,0,0
JD_11338782,2021-02-28,95,70,54,0,1,0,0
JD_11338779,2021-02-28,258,133,215,2,0,0,1
JD_11338778,2021-02-28,3701,2846,2129,4,2,3,7
JD_11338777,2021-02-28,125,78,63,1,0,0,0
JD_11338776,2021-02-28,0,0,0,0,0,0,0
JD_11338774,2021-02-28,351,54,299,17,4,0,0
JD_11338771,2021-02-28,184936,62599,162122,1522,624,60,296
JD_11338767,2021-02-28,339,268,102,2,1,0,0
JD_11338766,2021-02-28,98,62,90,1,1,0,0
JD_11338760,2021-02-28,388,261,286,1,3,0,0
JD_11338759,2021-02-28,333,268,167,0,1,0,0
JD_11338758,2021-02-28,496,233,418,4,1,0,1
JD_11338757,2021-02-28,238,175,96,1,0,0,0
JD_11338755,2021-02-28,4,1,2,2,0,0,0
JD_11338753,2021-02-28,12,8,12,0,0,0,0
JD_11338752,2021-02-28,320,1,311,6,3,0,0
JD_11338751,2021-02-28,3,0,3,0,0,0,0
JD_11338750,2021-02-28,6,2,6,0,0,0,0
JD_11338749,2021-02-28,4,1,4,0,0,0,0
JD_11338747,2021-02-28,3,1,3,0,0,0,0
JD_11338744,2021-02-28,1,0,1,0,0,0,0
JD_11338743,2021-02-28,5667,185,5575,73,19,1,3
JD_11338732,2021-02-28,25,2,23,1,1,0,0
JD_11338730,2021-02-28,585,478,509,3,2,0,2
JD_11338727,2021-02-28,20,11,17,0,0,0,0
JD_11338725,2021-02-28,14,6,11,0,0,0,0
JD_11338724,2021-02-28,11,8,7,0,0,0,0
JD_11338723,2021-02-28,2,0,2,0,0,0,0
JD_11338722,2021-02-28,6,3,4,0,0,0,0
JD_11338720,2021-02-28,46,28,26,1,0,0,0
JD_11338719,2021-02-28,1,0,1,0,0,0,0
JD_11338717,2021-02-28,0,0,0,0,0,0,0
JD_11338715,2021-02-28,13,8,10,0,0,0,0
JD_11338714,2021-02-28,13,2,11,0,0,0,0
JD_11338713,2021-02-28,13,12,9,0,0,0,0
JD_11338712,2021-02-28,6,6,1,0,0,0,0
JD_11338711,2021-02-28,1,1,1,0,0,0,0
JD_11338710,2021-02-28,7,1,6,0,0,0,0
JD_11338709,2021-02-28,2963,2260,1837,12,14,4,4
JD_11338708,2021-02-28,0,0,0,0,0,0,0
