JD_12761816,2021-02-28,7,4,2,1,0,0,1
JD_12755419,2021-02-28,7,7,0,0,0,0,0
JD_12755418,2021-02-28,2168,1975,184,5,4,1,2
JD_12755417,2021-02-28,0,0,0,0,0,0,0
JD_12755416,2021-02-28,16,14,2,0,0,0,0
JD_12755415,2021-02-28,0,0,0,0,0,0,0
JD_12755414,2021-02-28,231,202,29,0,0,0,0
JD_12755413,2021-02-28,0,0,0,0,0,0,0
JD_12755412,2021-02-28,197,156,41,0,0,0,0
JD_12755411,2021-02-28,0,0,0,0,0,0,0
JD_12755410,2021-02-28,19,15,4,0,0,0,2
JD_12755409,2021-02-28,10,8,2,0,0,0,0
JD_12755408,2021-02-28,6,6,0,0,0,0,0
JD_12755407,2021-02-28,0,0,0,0,0,0,0
JD_12755406,2021-02-28,196,175,21,0,0,0,0
JD_12755405,2021-02-28,0,0,0,0,0,0,0
JD_12755404,2021-02-28,3,3,0,0,0,0,0
JD_12755395,2021-02-28,130,110,20,0,0,0,0
JD_12755392,2021-02-28,0,0,0,0,0,0,0
JD_12755391,2021-02-28,0,0,0,0,0,0,0
JD_12755390,2021-02-28,2,2,0,0,0,0,0
JD_12755389,2021-02-28,0,0,0,0,0,0,0
JD_12755388,2021-02-28,1,1,0,0,0,0,0
JD_12755387,2021-02-28,60,56,4,0,0,0,0
JD_12755386,2021-02-28,1136,925,209,2,0,0,3
JD_12755385,2021-02-28,3,3,0,0,0,0,0
JD_12755384,2021-02-28,14,14,0,0,0,0,0
JD_12755383,2021-02-28,18,14,4,0,0,0,0
JD_12755382,2021-02-28,2,1,1,0,0,0,0
JD_12755381,2021-02-28,5,4,1,0,0,0,0
JD_12755380,2021-02-28,0,0,0,0,0,0,0
JD_12755379,2021-02-28,58,48,10,0,0,1,1
JD_12755378,2021-02-28,0,0,0,0,0,0,0
JD_12755377,2021-02-28,4,4,0,0,0,0,0
JD_12755164,2021-02-28,4,2,2,0,0,0,0
JD_12755163,2021-02-28,0,0,0,0,0,0,0
JD_12755162,2021-02-28,27,21,6,0,0,0,0
JD_12755161,2021-02-28,1,1,0,0,0,0,0
JD_12755160,2021-02-28,113,99,14,0,0,0,0
JD_12755159,2021-02-28,4,4,0,0,0,0,0
JD_12755158,2021-02-28,190,171,19,0,0,0,1
JD_12755157,2021-02-28,1,1,0,0,0,0,0
JD_12755155,2021-02-28,0,0,0,0,0,0,0
JD_12755153,2021-02-28,0,0,0,0,0,0,0
JD_12755148,2021-02-28,1628,1327,296,3,2,47,4
JD_12755147,2021-02-28,2,2,0,0,0,0,0
JD_12755145,2021-02-28,0,0,0,0,0,0,0
JD_12755144,2021-02-28,32,28,3,0,1,0,0
JD_12755143,2021-02-28,8,7,1,0,0,0,0
JD_12755142,2021-02-28,236,216,19,0,1,0,0
JD_12755141,2021-02-28,0,0,0,0,0,0,0
JD_12755140,2021-02-28,8,7,1,0,0,0,0
JD_12755139,2021-02-28,0,0,0,0,0,0,0
JD_12755138,2021-02-28,27,24,2,1,0,0,0
JD_12755137,2021-02-28,1,1,0,0,0,0,0
JD_12755136,2021-02-28,4,4,0,0,0,0,0
JD_12755135,2021-02-28,0,0,0,0,0,0,0
JD_12755134,2021-02-28,81,68,13,0,0,0,0
JD_12755133,2021-02-28,14,9,5,0,0,0,0
JD_12755121,2021-02-28,26,25,1,0,0,0,0
JD_12755119,2021-02-28,24,23,1,0,0,0,0
JD_12755118,2021-02-28,16,14,2,0,0,0,0
JD_12755117,2021-02-28,13,13,0,0,0,0,0
JD_12755116,2021-02-28,30,24,6,0,0,0,0
JD_12755115,2021-02-28,18,17,1,0,0,0,0
JD_12755114,2021-02-28,3,3,0,0,0,0,0
JD_12755113,2021-02-28,31,28,3,0,0,0,0
JD_12755112,2021-02-28,0,0,0,0,0,0,0
JD_12755111,2021-02-28,18,14,4,0,0,0,0
JD_12755110,2021-02-28,3,3,0,0,0,0,0
