JD_11489733,2021-02-28,62,18,61,0,1,0,0
JD_11489732,2021-02-28,234,182,120,0,1,1,1
JD_11489729,2021-02-28,107,40,85,2,1,0,0
JD_11489728,2021-02-28,6,1,5,0,0,0,0
JD_11489727,2021-02-28,95,61,65,2,1,0,0
JD_11489723,2021-02-28,198,0,194,4,0,0,0
JD_11489720,2021-02-28,240,0,234,5,1,0,0
JD_11489714,2021-02-28,1,0,1,0,0,0,0
JD_11489713,2021-02-28,2,2,1,0,0,0,0
JD_11489712,2021-02-28,1,0,1,0,0,0,0
JD_11489711,2021-02-28,2,1,1,0,0,0,0
JD_11489710,2021-02-28,0,0,0,0,0,0,0
JD_11489707,2021-02-28,1,0,1,0,0,0,0
JD_11489706,2021-02-28,12,10,8,0,0,0,0
JD_11489705,2021-02-28,1,0,1,0,0,0,0
JD_11489704,2021-02-28,2,1,2,0,0,0,0
JD_11489703,2021-02-28,1,0,1,0,0,0,0
JD_11489702,2021-02-28,3,3,1,0,0,0,0
JD_11489701,2021-02-28,28,18,23,0,0,0,0
JD_11489700,2021-02-28,9,0,9,0,0,0,0
JD_11489699,2021-02-28,1,1,0,0,0,0,0
JD_11489698,2021-02-28,6,3,5,1,0,0,0
JD_11489696,2021-02-28,6,6,0,0,0,0,0
JD_11489695,2021-02-28,3,3,0,0,0,0,0
JD_11489694,2021-02-28,2,0,2,0,0,0,0
JD_11489693,2021-02-28,0,0,0,0,0,0,0
JD_11489692,2021-02-28,38,19,27,0,0,0,0
JD_11489691,2021-02-28,1,1,0,0,0,0,0
JD_11489690,2021-02-28,2,1,1,0,0,0,0
JD_11489689,2021-02-28,4254,2276,4021,19,10,2,22
JD_11489688,2021-02-28,2181,912,2052,11,3,1,4
JD_11489687,2021-02-28,18,10,15,0,0,0,0
JD_11489686,2021-02-28,240,146,155,0,0,1,0
JD_11489685,2021-02-28,53,32,43,3,0,0,1
JD_11489684,2021-02-28,2,2,0,0,0,0,0
JD_11489683,2021-02-28,42,21,21,2,1,0,0
JD_11489682,2021-02-28,37,0,35,0,2,0,1
JD_11489679,2021-02-28,1,0,1,0,0,0,0
JD_11489678,2021-02-28,3,3,2,0,0,0,0
JD_11489677,2021-02-28,0,0,0,0,0,0,0
JD_11489676,2021-02-28,13,8,9,0,0,0,0
JD_11489675,2021-02-28,5,2,3,0,0,0,0
JD_11489674,2021-02-28,0,0,0,0,0,0,0
JD_11489673,2021-02-28,5,3,4,0,0,0,0
JD_11489672,2021-02-28,7,5,5,0,0,0,0
JD_11489671,2021-02-28,8,5,8,0,0,0,0
JD_11489670,2021-02-28,0,0,0,0,0,0,0
JD_11489669,2021-02-28,118,79,71,1,0,0,0
JD_11489668,2021-02-28,14,7,9,0,0,0,0
JD_11489667,2021-02-28,2,1,2,0,0,0,0
JD_11489666,2021-02-28,0,0,0,0,0,0,0
JD_11489664,2021-02-28,138,96,111,1,1,0,0
JD_11489662,2021-02-28,1,1,1,0,0,0,0
JD_11489660,2021-02-28,257,213,257,0,0,0,0
JD_11489659,2021-02-28,0,0,0,0,0,0,0
JD_11489656,2021-02-28,486,402,485,0,1,0,2
JD_11489653,2021-02-28,484,400,482,0,1,2,4
JD_11489652,2021-02-28,143,68,131,0,0,0,0
JD_11489649,2021-02-28,10,6,7,0,0,0,0
JD_11489644,2021-02-28,26,13,17,0,0,0,0
JD_11489643,2021-02-28,0,0,0,0,0,0,0
JD_11489641,2021-02-28,0,0,0,0,0,0,0
JD_11489639,2021-02-28,119,62,114,0,1,0,0
JD_11489637,2021-02-28,46,29,43,0,0,0,0
JD_11489636,2021-02-28,5,2,5,0,0,0,0
JD_11489635,2021-02-28,23,11,19,0,0,0,0
JD_11489633,2021-02-28,145,93,141,4,0,0,0
JD_11489631,2021-02-28,6,6,1,0,0,0,0
JD_11489630,2021-02-28,37,28,18,0,0,0,0
JD_11489628,2021-02-28,3,3,1,0,0,0,0
