JD_11494389,2021-02-28,1,1,1,0,0,0,0
JD_11494388,2021-02-28,11,5,8,0,0,0,0
JD_11494387,2021-02-28,1,0,1,0,0,0,0
JD_11494386,2021-02-28,1,1,1,0,0,0,0
JD_11494385,2021-02-28,16,11,6,0,0,0,0
JD_11494384,2021-02-28,0,0,0,0,0,0,0
JD_11494383,2021-02-28,34,0,34,0,0,0,0
JD_11494382,2021-02-28,29,21,16,0,0,0,0
JD_11494381,2021-02-28,8,6,6,0,0,0,0
JD_11494380,2021-02-28,66,55,34,1,0,0,0
JD_11494379,2021-02-28,37,24,33,0,0,0,0
JD_11494378,2021-02-28,36,23,27,0,0,0,0
JD_11494377,2021-02-28,9,3,9,0,0,0,0
JD_11494376,2021-02-28,18,3,17,0,0,0,0
JD_11494375,2021-02-28,24,14,20,1,0,0,0
JD_11494374,2021-02-28,23,5,23,0,0,0,0
JD_11494373,2021-02-28,0,0,0,0,0,0,0
JD_11494372,2021-02-28,4,1,2,0,1,0,0
JD_11494371,2021-02-28,8,4,7,0,0,0,0
JD_11494370,2021-02-28,14,10,11,0,0,0,0
JD_11494369,2021-02-28,40,20,28,0,0,0,0
JD_11494368,2021-02-28,24,8,22,0,1,0,0
JD_11494367,2021-02-28,43,30,38,0,0,0,0
JD_11494366,2021-02-28,4,4,2,0,0,0,0
JD_11494365,2021-02-28,6,0,6,0,0,0,0
JD_11494364,2021-02-28,772,586,481,5,3,1,3
JD_11494363,2021-02-28,12,9,12,0,0,0,0
JD_11494362,2021-02-28,3,1,2,0,0,0,0
JD_11494361,2021-02-28,53,24,51,0,0,0,0
JD_11494360,2021-02-28,9,3,8,0,0,0,0
JD_11494359,2021-02-28,5,3,4,0,0,0,0
JD_11494358,2021-02-28,15,7,11,0,0,0,0
JD_11494357,2021-02-28,0,0,0,0,0,0,0
JD_11494356,2021-02-28,12,5,9,0,1,0,0
JD_11494355,2021-02-28,22,17,12,0,0,0,0
JD_11494354,2021-02-28,0,0,0,0,0,0,0
JD_11494352,2021-02-28,11,6,5,0,0,0,0
JD_11494351,2021-02-28,15,14,10,0,0,0,0
JD_11494350,2021-02-28,10,0,10,0,0,0,0
JD_11494349,2021-02-28,40,20,40,0,0,0,0
JD_11494346,2021-02-28,4,3,3,0,0,0,0
JD_11494345,2021-02-28,6,5,2,0,1,0,0
JD_11494344,2021-02-28,0,0,0,0,0,0,0
JD_11494343,2021-02-28,0,0,0,0,0,0,0
JD_11494341,2021-02-28,404,314,162,0,0,0,0
JD_11494340,2021-02-28,462,340,143,2,0,0,0
JD_11494339,2021-02-28,1,0,1,0,0,0,0
JD_11494337,2021-02-28,76,50,37,0,0,0,0
JD_11494336,2021-02-28,474,350,260,2,1,0,0
JD_11494334,2021-02-28,225,162,118,4,0,0,0
JD_11494333,2021-02-28,124,94,65,0,1,0,1
JD_11494332,2021-02-28,5850,4111,3759,9,3,2,13
JD_11494331,2021-02-28,357,0,349,4,4,0,0
JD_11494325,2021-02-28,6466,4459,3938,15,4,4,15
JD_11494324,2021-02-28,20,13,15,0,0,0,0
JD_11494323,2021-02-28,93,65,45,0,0,0,0
JD_11494322,2021-02-28,2,2,1,0,0,0,0
JD_11494321,2021-02-28,12,7,7,0,0,0,0
JD_11494320,2021-02-28,60,39,43,0,0,0,0
JD_11494319,2021-02-28,16,8,10,0,0,1,0
JD_11494318,2021-02-28,9,5,5,0,0,0,0
JD_11494317,2021-02-28,17,9,11,0,0,0,0
JD_11494315,2021-02-28,7,2,6,0,0,0,0
JD_11494314,2021-02-28,527,3,516,7,4,0,0
JD_11494313,2021-02-28,86,20,77,1,1,0,1
JD_11494312,2021-02-28,13,7,7,0,0,0,0
JD_11494311,2021-02-28,6,3,5,0,0,0,0
JD_11494310,2021-02-28,6,3,4,0,0,0,1
JD_11494308,2021-02-28,12,2,11,0,0,0,0
JD_11494306,2021-02-28,0,0,0,0,0,0,0
