JD_11514390,2021-02-28,18,6,16,1,0,0,0
JD_11514389,2021-02-28,15,4,13,0,1,0,0
JD_11514388,2021-02-28,0,0,0,0,0,0,0
JD_11514387,2021-02-28,21,14,11,0,0,0,0
JD_11514386,2021-02-28,1,0,1,0,0,0,0
JD_11514385,2021-02-28,0,0,0,0,0,0,0
JD_11514382,2021-02-28,177,0,175,2,0,0,0
JD_11514381,2021-02-28,1,0,1,0,0,0,0
JD_11514380,2021-02-28,5,4,3,0,0,0,0
JD_11514379,2021-02-28,59,17,58,1,0,0,1
JD_11514377,2021-02-28,40,19,40,0,0,0,0
JD_11514376,2021-02-28,20,6,19,0,1,0,0
JD_11514375,2021-02-28,66,34,57,0,1,0,0
JD_11514374,2021-02-28,33,14,33,0,0,0,0
JD_11514373,2021-02-28,25,0,24,1,0,0,0
JD_11514371,2021-02-28,42,25,28,1,0,0,0
JD_11514358,2021-02-28,190,0,183,6,1,0,0
JD_11514357,2021-02-28,139,0,132,5,2,0,0
JD_11514353,2021-02-28,226,0,220,4,2,0,0
JD_11514352,2021-02-28,266,0,253,6,7,0,0
JD_11514349,2021-02-28,222,0,215,6,1,0,0
JD_11514347,2021-02-28,111,0,104,6,1,0,0
JD_11514337,2021-02-28,129,0,121,5,3,0,0
JD_11514331,2021-02-28,57,0,57,0,0,0,0
JD_11514320,2021-02-28,143,0,138,4,1,0,0
JD_11514318,2021-02-28,111,0,109,2,0,0,0
JD_11514316,2021-02-28,109,0,108,1,0,0,0
JD_11514315,2021-02-28,140,0,135,3,2,0,0
JD_11514313,2021-02-28,120,0,117,3,0,0,0
JD_11514311,2021-02-28,55,42,23,1,0,0,0
JD_11514310,2021-02-28,5,4,2,0,0,0,0
JD_11514309,2021-02-28,119,0,117,1,1,0,0
JD_11514308,2021-02-28,107,0,100,4,3,0,0
JD_11514306,2021-02-28,79,44,48,3,2,0,0
JD_11514305,2021-02-28,55,32,35,0,0,0,0
JD_11514304,2021-02-28,14,11,8,0,0,0,0
JD_11514303,2021-02-28,755,364,730,16,7,0,1
JD_11514302,2021-02-28,1121,448,1089,8,3,0,0
JD_11514301,2021-02-28,538,55,482,8,1,0,0
JD_11514300,2021-02-28,59,40,29,0,0,0,0
JD_11514299,2021-02-28,5,3,4,0,0,0,0
JD_11514298,2021-02-28,4,3,2,0,0,0,0
JD_11514297,2021-02-28,100128,66555,60086,208,139,249,183
JD_11514296,2021-02-28,1100,567,908,10,3,1,1
JD_11514295,2021-02-28,93,74,40,0,0,0,0
JD_11514294,2021-02-28,47,24,28,0,0,0,0
JD_11514293,2021-02-28,15,5,15,0,0,0,0
JD_11514289,2021-02-28,9,5,8,0,0,0,0
JD_11514284,2021-02-28,51,33,26,0,0,0,0
JD_11514275,2021-02-28,4,4,1,0,0,0,0
JD_11514273,2021-02-28,6,3,5,0,0,0,0
JD_11514267,2021-02-28,90,60,77,1,0,0,0
JD_11514266,2021-02-28,470,273,289,2,1,0,0
JD_11514265,2021-02-28,50,31,44,0,0,0,1
JD_11514263,2021-02-28,15,9,9,0,1,0,0
JD_11514262,2021-02-28,4,3,1,0,0,0,0
JD_11514261,2021-02-28,1,1,1,0,0,0,0
JD_11514260,2021-02-28,326,172,238,4,1,1,2
JD_11514259,2021-02-28,5,4,2,0,0,0,0
JD_11514257,2021-02-28,0,0,0,0,0,0,0
JD_11514256,2021-02-28,2702,1433,1959,15,6,2,7
JD_11514255,2021-02-28,125,0,119,5,1,0,0
JD_11514254,2021-02-28,305,135,293,3,2,0,1
JD_11514253,2021-02-28,22,20,2,0,0,0,0
JD_11514252,2021-02-28,156,26,151,1,0,0,0
JD_11514247,2021-02-28,990,0,961,21,8,0,0
JD_11514246,2021-02-28,1622,22,1590,28,3,0,3
JD_11514245,2021-02-28,12667,1512,12474,124,62,4,26
JD_11514243,2021-02-28,25,0,24,0,1,0,0
JD_11514242,2021-02-28,120,53,114,0,3,0,1
