JD_12419953,2021-02-28,500,412,196,0,0,1,0
JD_12419952,2021-02-28,15,13,14,0,0,0,0
JD_12419951,2021-02-28,93,75,28,0,0,0,2
JD_12419950,2021-02-28,307,246,235,0,0,0,0
JD_12419949,2021-02-28,166,129,109,0,0,0,1
JD_12419948,2021-02-28,555,438,338,0,0,0,0
JD_12419947,2021-02-28,9,8,4,0,0,0,0
JD_12419946,2021-02-28,107,83,99,1,0,1,0
JD_12419945,2021-02-28,42,35,22,0,0,0,0
JD_12419944,2021-02-28,122,112,40,0,0,0,0
JD_12419943,2021-02-28,108,86,36,0,0,0,0
JD_12419942,2021-02-28,277,240,81,0,0,0,0
JD_12419941,2021-02-28,48,40,11,1,0,0,0
JD_12419940,2021-02-28,83,57,64,0,0,0,0
JD_12419939,2021-02-28,18,17,7,0,0,0,0
JD_12419938,2021-02-28,745,594,270,0,0,3,1
JD_12419937,2021-02-28,137,97,77,0,0,0,1
JD_12419936,2021-02-28,20,17,4,0,0,0,0
JD_12419935,2021-02-28,153729,134636,35353,87,63,118,176
JD_12419934,2021-02-28,7,6,3,0,0,0,0
JD_12419933,2021-02-28,191,150,62,0,0,0,1
JD_12419931,2021-02-28,4805,3795,4402,1,3,0,11
JD_12419930,2021-02-28,1510,1280,279,1,7,0,7
JD_12419929,2021-02-28,112,77,45,0,0,0,0
JD_12419928,2021-02-28,1,1,1,0,0,0,0
JD_12419927,2021-02-28,265,192,86,1,0,0,1
JD_12419926,2021-02-28,60,43,26,1,1,0,0
JD_12419925,2021-02-28,156,104,61,0,0,0,1
JD_12419924,2021-02-28,2327,1915,1197,3,2,6,1
JD_12419923,2021-02-28,559,362,261,5,0,1,8
JD_12419922,2021-02-28,90,74,30,1,0,0,0
JD_12419921,2021-02-28,551,459,284,0,1,0,0
JD_12419920,2021-02-28,3656,3070,1387,4,13,5,4
JD_12419919,2021-02-28,29,24,15,0,0,0,0
JD_12419918,2021-02-28,115,98,32,0,0,0,0
JD_12419917,2021-02-28,478,371,365,0,1,0,2
JD_12419916,2021-02-28,784,621,285,1,0,1,1
JD_12419915,2021-02-28,331,250,99,2,0,1,0
JD_12419914,2021-02-28,435,331,179,0,0,1,0
JD_12419913,2021-02-28,110,67,53,0,0,0,1
JD_12419912,2021-02-28,884,716,310,0,0,1,0
JD_12419911,2021-02-28,119,77,52,0,0,0,0
JD_12419910,2021-02-28,349,279,149,1,0,0,0
JD_12419909,2021-02-28,164,130,47,0,0,0,0
JD_12419908,2021-02-28,877,755,265,0,0,0,2
JD_12419907,2021-02-28,355,258,113,1,0,1,0
JD_12419906,2021-02-28,357,312,135,1,1,0,0
JD_12419905,2021-02-28,383,285,130,2,0,0,3
JD_12419904,2021-02-28,7282,6443,1900,14,3,12,6
JD_12419903,2021-02-28,319,240,92,1,0,0,0
JD_12419902,2021-02-28,299,229,111,0,0,0,2
JD_12419901,2021-02-28,332,251,89,1,0,0,1
JD_12419900,2021-02-28,1438,1149,1010,0,1,1,4
JD_12419899,2021-02-28,33,25,14,0,0,0,0
JD_12419898,2021-02-28,280,229,86,5,3,1,0
JD_12419897,2021-02-28,358,252,132,1,0,0,1
JD_12419896,2021-02-28,493,405,368,0,0,0,0
JD_12419895,2021-02-28,47,29,25,1,0,0,1
JD_12419894,2021-02-28,468,370,173,0,0,1,0
JD_12419893,2021-02-28,327,229,119,1,0,1,0
JD_12419892,2021-02-28,1163,934,624,1,1,0,0
JD_12419891,2021-02-28,217,168,61,0,0,1,0
JD_12419890,2021-02-28,750,590,258,1,1,0,1
JD_12419889,2021-02-28,179,118,81,0,0,0,1
JD_12419888,2021-02-28,366,298,109,0,0,0,1
JD_12419887,2021-02-28,171,113,68,0,0,1,1
JD_12419886,2021-02-28,420,332,305,1,0,0,2
JD_12419885,2021-02-28,262,197,93,0,0,0,0
JD_12419884,2021-02-28,10,10,6,0,0,0,0
