JD_12387125,2021-02-28,9,8,1,0,0,0,0
JD_12387123,2021-02-28,30,29,1,0,0,0,0
JD_12387121,2021-02-28,1922,1565,552,2,0,2,3
JD_12387120,2021-02-28,151,126,123,0,0,0,0
JD_12387119,2021-02-28,28,23,7,0,0,0,0
JD_12387118,2021-02-28,7187,6322,2570,6,2,1,9
JD_12387116,2021-02-28,52,46,40,0,0,0,0
JD_12387115,2021-02-28,23,20,10,0,0,0,0
JD_12387114,2021-02-28,158,120,117,0,0,0,2
JD_12387112,2021-02-28,312,258,210,0,1,0,0
JD_12387110,2021-02-28,167,134,68,0,0,1,0
JD_12387109,2021-02-28,8997,7447,2493,2,6,31,17
JD_12387108,2021-02-28,105,83,105,0,0,0,1
JD_12387106,2021-02-28,97,71,65,0,0,0,2
JD_12387104,2021-02-28,66,50,63,0,0,0,0
JD_12387103,2021-02-28,94,81,59,0,0,0,0
JD_12387102,2021-02-28,78,60,72,0,0,0,0
JD_12387100,2021-02-28,37,31,32,0,0,0,0
JD_12387099,2021-02-28,158,139,68,1,0,0,0
JD_12387097,2021-02-28,4,3,2,0,0,0,0
JD_12387096,2021-02-28,35,20,32,0,0,0,0
JD_12387095,2021-02-28,10,10,1,0,0,0,0
JD_12387094,2021-02-28,48,40,44,0,0,0,0
JD_12387093,2021-02-28,93,83,37,0,0,0,0
JD_12387092,2021-02-28,27,24,23,0,0,0,0
JD_12387091,2021-02-28,32,29,16,0,0,0,0
JD_12387090,2021-02-28,94,81,84,0,0,0,0
JD_12387089,2021-02-28,147,125,65,0,0,0,0
JD_12387088,2021-02-28,41,30,32,0,1,0,0
JD_12387086,2021-02-28,257,204,241,0,0,0,0
JD_12387085,2021-02-28,827,638,351,5,4,3,2
JD_12387084,2021-02-28,88,63,69,1,0,0,0
JD_12387083,2021-02-28,170,135,51,0,1,2,1
JD_12387082,2021-02-28,154,77,131,0,1,0,5
JD_12387081,2021-02-28,39,27,14,0,0,0,0
JD_12387080,2021-02-28,1673,1385,560,6,1,4,4
JD_12387079,2021-02-28,3257,2327,1716,1,5,6,6
JD_12387078,2021-02-28,233,194,84,0,0,0,2
JD_12387077,2021-02-28,110,80,101,0,0,0,0
JD_12387076,2021-02-28,0,0,0,0,0,0,0
JD_12387075,2021-02-28,676,562,580,0,0,0,0
JD_12387074,2021-02-28,4111,3329,997,1,1,0,9
JD_12387073,2021-02-28,146,111,46,0,0,0,0
JD_12387072,2021-02-28,476,334,219,0,0,3,1
JD_12387071,2021-02-28,0,0,0,0,0,0,0
JD_12387070,2021-02-28,138,95,89,0,0,0,0
JD_12387069,2021-02-28,348,283,324,0,0,0,0
JD_12387068,2021-02-28,6106,5029,1578,3,5,4,8
JD_12387067,2021-02-28,124,116,27,0,0,0,0
JD_12387066,2021-02-28,8621,6675,7519,4,2,13,13
JD_12387065,2021-02-28,35,31,8,0,0,0,0
JD_12387064,2021-02-28,103,77,46,0,0,0,0
JD_12387063,2021-02-28,30,29,6,0,0,0,0
JD_12387062,2021-02-28,283,222,146,2,0,1,0
JD_12387061,2021-02-28,85,68,31,1,0,0,0
JD_12387060,2021-02-28,3862,3023,1040,1,1,0,8
JD_12387059,2021-02-28,623,511,219,2,0,0,2
JD_12387058,2021-02-28,7411,5986,2152,8,3,5,10
JD_12387057,2021-02-28,14,7,12,0,0,0,1
JD_12387056,2021-02-28,90,73,28,0,0,1,0
JD_12387055,2021-02-28,150,140,25,0,0,0,0
JD_12387054,2021-02-28,51,42,27,0,0,0,0
JD_12387053,2021-02-28,92,69,84,0,0,1,0
JD_12387052,2021-02-28,26,18,9,0,1,0,1
JD_12387051,2021-02-28,66,50,32,0,0,0,0
JD_12386755,2021-02-28,38,34,12,0,0,0,0
JD_12386754,2021-02-28,88,59,75,1,0,0,0
JD_12386752,2021-02-28,3,3,0,0,0,0,0
JD_12386750,2021-02-28,161,131,70,0,0,0,0
JD_12386748,2021-02-28,88,59,75,1,0,0,0
