JD_11457717,2021-02-28,19,6,19,0,0,0,0
JD_11457715,2021-02-28,248,67,239,1,0,0,0
JD_11457714,2021-02-28,252,71,233,3,0,0,0
JD_11457713,2021-02-28,260,73,257,2,0,0,1
JD_11457712,2021-02-28,267,62,263,3,0,0,0
JD_11457707,2021-02-28,3,0,3,0,0,0,0
JD_11457681,2021-02-28,62,6,60,1,0,0,0
JD_11457680,2021-02-28,23,0,23,0,0,0,0
JD_11457678,2021-02-28,3570,1301,3433,32,10,4,8
JD_11457675,2021-02-28,94,7,93,1,0,0,0
JD_11457674,2021-02-28,4700,2327,4098,31,7,5,15
JD_11457673,2021-02-28,3,0,2,1,0,0,0
JD_11457672,2021-02-28,1,0,1,0,0,0,0
JD_11457669,2021-02-28,55,0,54,1,0,0,0
JD_11457668,2021-02-28,4,0,4,0,0,0,0
JD_11457667,2021-02-28,159,0,154,5,0,0,0
JD_11457666,2021-02-28,140,1,131,8,1,0,0
JD_11457665,2021-02-28,269,0,262,5,2,0,0
JD_11457663,2021-02-28,5,1,5,0,0,0,0
JD_11457662,2021-02-28,46,28,31,1,0,0,0
JD_11457661,2021-02-28,4,3,1,0,0,0,0
JD_11457660,2021-02-28,2,1,2,0,0,0,0
JD_11457657,2021-02-28,4,2,4,0,0,0,0
JD_11457655,2021-02-28,9,7,5,0,0,0,0
JD_11457654,2021-02-28,2,2,1,0,0,0,0
JD_11457653,2021-02-28,3,2,1,0,0,0,0
JD_11457652,2021-02-28,12,6,9,0,0,0,0
JD_11457651,2021-02-28,72,3,67,4,1,0,0
JD_11457650,2021-02-28,139,2,131,5,3,0,0
JD_11457649,2021-02-28,7,3,7,0,0,0,0
JD_11457648,2021-02-28,5,5,1,0,0,0,0
JD_11457646,2021-02-28,171,105,121,2,0,0,3
JD_11457645,2021-02-28,136,40,134,1,0,0,0
JD_11457644,2021-02-28,28,18,15,0,0,0,0
JD_11457643,2021-02-28,53,28,43,1,0,0,1
JD_11457642,2021-02-28,68,0,66,2,0,0,1
JD_11457641,2021-02-28,95,43,76,0,0,0,0
JD_11457640,2021-02-28,109,40,94,0,0,0,0
JD_11457639,2021-02-28,86,36,70,0,1,0,0
JD_11457638,2021-02-28,103,27,93,1,0,0,0
JD_11457637,2021-02-28,66,31,49,0,0,0,0
JD_11457636,2021-02-28,15,11,10,0,0,0,0
JD_11457635,2021-02-28,53,39,31,1,0,0,0
JD_11457634,2021-02-28,88,28,76,0,0,0,0
JD_11457633,2021-02-28,73,26,64,0,0,0,0
JD_11457632,2021-02-28,21,6,17,0,0,0,0
JD_11457631,2021-02-28,186,142,90,1,1,0,1
JD_11457628,2021-02-28,7,5,2,0,0,0,0
JD_11457627,2021-02-28,11,8,5,0,0,0,0
JD_11457626,2021-02-28,3,1,3,0,0,0,0
JD_11457625,2021-02-28,177,93,169,3,1,0,1
JD_11457624,2021-02-28,111,62,72,0,1,0,1
JD_11457622,2021-02-28,685,232,664,17,3,0,1
JD_11457621,2021-02-28,92,75,48,0,0,0,0
JD_11457620,2021-02-28,9,4,6,0,1,0,0
JD_11457619,2021-02-28,47,27,32,0,0,0,0
JD_11457618,2021-02-28,109,0,107,2,0,0,0
JD_11457617,2021-02-28,7,6,5,0,0,0,0
JD_11457616,2021-02-28,6,4,3,0,0,0,0
JD_11457615,2021-02-28,18,6,16,0,0,0,0
JD_11457613,2021-02-28,19,14,10,0,0,0,0
JD_11457612,2021-02-28,17,12,8,0,0,0,0
JD_11457607,2021-02-28,7,4,2,0,1,0,0
JD_11457605,2021-02-28,8,0,8,0,0,0,0
JD_11457604,2021-02-28,132,30,129,2,0,0,1
JD_11457601,2021-02-28,603,370,449,2,1,0,1
JD_11457600,2021-02-28,77,4,72,3,1,0,0
JD_11457599,2021-02-28,15,0,15,0,0,0,0
JD_11457597,2021-02-28,155,4,146,7,1,0,0
JD_11457596,2021-02-28,4574,3824,1601,2,4,0,5
