JD_11315218,2021-02-28,9,2,9,0,0,0,0
JD_11315215,2021-02-28,1,0,1,0,0,0,0
JD_11315214,2021-02-28,0,0,0,0,0,0,0
JD_11315213,2021-02-28,0,0,0,0,0,0,0
JD_11315211,2021-02-28,0,0,0,0,0,0,0
JD_11315210,2021-02-28,0,0,0,0,0,0,0
JD_11315209,2021-02-28,4,3,2,0,0,0,0
JD_11315208,2021-02-28,78,52,53,1,0,0,0
JD_11315207,2021-02-28,4,1,3,0,0,0,0
JD_11315206,2021-02-28,36,20,30,0,0,0,0
JD_11315204,2021-02-28,16,9,9,0,0,0,0
JD_11315203,2021-02-28,22,11,20,0,1,0,0
JD_11315202,2021-02-28,1,1,0,0,0,0,0
JD_11315201,2021-02-28,21,6,15,0,0,0,0
JD_11315200,2021-02-28,1,0,1,0,0,0,0
JD_11315199,2021-02-28,12,12,3,0,0,0,0
JD_11315198,2021-02-28,15,12,5,0,0,0,0
JD_11315197,2021-02-28,7,7,2,0,0,0,0
JD_11315196,2021-02-28,11,7,7,0,0,0,0
JD_11315194,2021-02-28,26,19,13,1,0,0,0
JD_11315193,2021-02-28,70,38,50,0,0,0,0
JD_11315192,2021-02-28,75,46,59,1,1,0,0
JD_11315189,2021-02-28,57,41,41,0,0,0,1
JD_11315188,2021-02-28,67,57,25,0,1,0,0
JD_11315187,2021-02-28,7,3,6,0,0,0,0
JD_11315184,2021-02-28,71,8,68,1,0,0,0
JD_11315183,2021-02-28,11,1,10,1,0,0,0
JD_11315182,2021-02-28,161,16,153,6,2,0,1
JD_11315180,2021-02-28,15,8,10,0,0,0,0
JD_11315178,2021-02-28,56,29,52,1,2,0,0
JD_11315177,2021-02-28,11,6,10,0,0,0,0
JD_11315175,2021-02-28,4,2,1,0,1,0,0
JD_11315174,2021-02-28,0,0,0,0,0,0,0
JD_11315171,2021-02-28,43,30,25,0,0,0,0
JD_11315170,2021-02-28,16,13,12,0,0,0,0
JD_11315167,2021-02-28,165,98,112,1,0,1,0
JD_11315166,2021-02-28,17,11,12,1,0,0,0
JD_11315165,2021-02-28,20,5,17,0,2,0,0
JD_11315163,2021-02-28,0,0,0,0,0,0,0
JD_11315160,2021-02-28,19,18,2,0,0,0,0
JD_11315157,2021-02-28,0,0,0,0,0,0,0
JD_11315156,2021-02-28,1,1,1,0,0,0,0
JD_11315155,2021-02-28,7,5,3,0,0,0,0
JD_11315154,2021-02-28,19,17,6,0,0,0,0
JD_11315153,2021-02-28,2,1,1,0,0,0,0
JD_11315152,2021-02-28,3,1,2,0,0,0,0
JD_11315151,2021-02-28,13,11,8,0,0,0,0
JD_11315149,2021-02-28,11,2,11,0,0,0,0
JD_11315148,2021-02-28,0,0,0,0,0,0,0
JD_11315146,2021-02-28,6,1,6,0,0,0,0
JD_11315145,2021-02-28,2,1,1,0,0,0,0
JD_11315143,2021-02-28,0,0,0,0,0,0,0
JD_11315142,2021-02-28,2,0,2,0,0,0,0
JD_11315141,2021-02-28,23,18,14,0,0,0,0
JD_11315140,2021-02-28,23,15,14,0,0,0,0
JD_11315139,2021-02-28,17,13,8,0,0,0,0
JD_11315138,2021-02-28,17,12,8,0,0,0,0
JD_11315137,2021-02-28,18,14,10,0,0,0,0
JD_11315136,2021-02-28,18,13,7,0,0,0,0
JD_11315135,2021-02-28,34,26,17,0,0,0,0
JD_11315133,2021-02-28,5,5,1,0,0,0,0
JD_11315131,2021-02-28,29,10,22,0,0,0,1
JD_11315130,2021-02-28,8,6,4,1,0,0,0
JD_11315128,2021-02-28,27,21,16,0,0,0,0
JD_11315127,2021-02-28,16,12,8,0,0,0,0
JD_11315126,2021-02-28,1,0,0,1,0,0,0
JD_11315125,2021-02-28,9,5,5,0,0,0,0
JD_11315124,2021-02-28,33,26,24,1,0,0,0
JD_11315123,2021-02-28,15,9,11,0,0,0,0
JD_11315122,2021-02-28,0,0,0,0,0,0,0
