JD_12632249,2021-02-28,6,6,0,0,0,0,0
JD_12632248,2021-02-28,4278,3666,610,1,1,1,4
JD_12632247,2021-02-28,21,16,5,0,0,0,0
JD_12632246,2021-02-28,2790,2444,343,3,0,0,7
JD_12632245,2021-02-28,17,13,4,0,0,0,0
JD_12632244,2021-02-28,633,494,138,1,0,0,2
JD_12632243,2021-02-28,1,1,0,0,0,0,0
JD_12632242,2021-02-28,1482,1187,291,3,1,0,3
JD_12632241,2021-02-28,0,0,0,0,0,0,0
JD_12632240,2021-02-28,56,52,3,0,1,0,1
JD_12632239,2021-02-28,23,15,8,0,0,0,0
JD_12632238,2021-02-28,6,6,0,0,0,0,0
JD_12632237,2021-02-28,0,0,0,0,0,0,0
JD_12632236,2021-02-28,1,1,0,0,0,0,0
JD_12632235,2021-02-28,1,1,0,0,0,0,0
JD_12632234,2021-02-28,21,17,4,0,0,0,0
JD_12632233,2021-02-28,6,5,1,0,0,0,0
JD_12632232,2021-02-28,234,197,37,0,0,0,1
JD_12632231,2021-02-28,14,13,1,0,0,0,0
JD_12632230,2021-02-28,1941,1528,411,1,1,0,2
JD_12632229,2021-02-28,9,8,1,0,0,0,0
JD_12632228,2021-02-28,943,833,109,1,0,0,1
JD_12632227,2021-02-28,5,5,0,0,0,0,0
JD_12632226,2021-02-28,349,235,113,1,0,0,1
JD_12632225,2021-02-28,13,12,1,0,0,0,0
JD_12632224,2021-02-28,855,686,168,0,1,0,0
JD_12632223,2021-02-28,6,5,1,0,0,0,0
JD_12632222,2021-02-28,140,110,28,2,0,0,1
JD_12632221,2021-02-28,12,11,1,0,0,0,0
JD_12632220,2021-02-28,11,10,1,0,0,0,0
JD_12632219,2021-02-28,23,20,3,0,0,0,0
JD_12632218,2021-02-28,116,102,14,0,0,0,0
JD_12632217,2021-02-28,21,17,4,0,0,0,0
JD_12632216,2021-02-28,82,70,12,0,0,0,0
JD_12632215,2021-02-28,4,4,0,0,0,0,0
JD_12632214,2021-02-28,83,72,11,0,0,0,1
JD_12632213,2021-02-28,0,0,0,0,0,0,0
JD_12632212,2021-02-28,8675,7364,1300,9,2,5,7
JD_12632210,2021-02-28,349,294,55,0,0,0,0
JD_12632209,2021-02-28,18,18,0,0,0,0,0
JD_12632208,2021-02-28,258,209,48,0,1,0,1
JD_12632207,2021-02-28,0,0,0,0,0,0,0
JD_12632206,2021-02-28,656,580,75,0,1,0,0
JD_12632205,2021-02-28,0,0,0,0,0,0,0
JD_12632204,2021-02-28,108,83,25,0,0,0,0
JD_12632203,2021-02-28,2,1,1,0,0,0,0
JD_12632202,2021-02-28,138,123,15,0,0,0,0
JD_12632201,2021-02-28,0,0,0,0,0,0,0
JD_12632200,2021-02-28,18398,16136,2252,6,4,8,10
JD_12632199,2021-02-28,8,5,3,0,0,0,0
JD_12632198,2021-02-28,884,763,115,1,5,1,0
JD_12632197,2021-02-28,0,0,0,0,0,0,0
JD_12632196,2021-02-28,7938,6809,1115,11,3,6,6
JD_12632195,2021-02-28,0,0,0,0,0,0,0
JD_12632194,2021-02-28,0,0,0,0,0,0,0
JD_12632193,2021-02-28,0,0,0,0,0,0,0
JD_12632192,2021-02-28,13,11,2,0,0,0,0
JD_12632191,2021-02-28,0,0,0,0,0,0,0
JD_12632190,2021-02-28,0,0,0,0,0,0,0
JD_12632189,2021-02-28,0,0,0,0,0,0,0
JD_12632188,2021-02-28,17,14,3,0,0,0,0
JD_12632187,2021-02-28,2,2,0,0,0,0,0
JD_12632186,2021-02-28,250,229,20,1,0,0,0
JD_12632185,2021-02-28,0,0,0,0,0,0,0
JD_12632184,2021-02-28,4,3,1,0,0,0,0
JD_12632183,2021-02-28,0,0,0,0,0,0,0
JD_12632182,2021-02-28,76,71,5,0,0,0,0
JD_12632181,2021-02-28,4,3,1,0,0,0,0
JD_12632180,2021-02-28,94,82,11,1,0,0,0
JD_12632179,2021-02-28,0,0,0,0,0,0,0
