JD_11466319,2021-02-28,5,2,3,0,0,0,0
JD_11466318,2021-02-28,87,73,34,1,0,0,0
JD_11466317,2021-02-28,5,5,1,0,0,0,0
JD_11466316,2021-02-28,3,2,1,0,0,0,0
JD_11466315,2021-02-28,14,4,12,1,0,0,0
JD_11466314,2021-02-28,180,131,105,2,0,0,1
JD_11466313,2021-02-28,269,191,144,0,0,0,2
JD_11466312,2021-02-28,23,18,12,0,0,0,0
JD_11466311,2021-02-28,22,0,20,2,0,0,0
JD_11466309,2021-02-28,53,39,38,0,0,0,0
JD_11466308,2021-02-28,99,0,99,0,0,0,0
JD_11466307,2021-02-28,142,100,80,0,1,0,0
JD_11466306,2021-02-28,84,35,62,0,0,0,0
JD_11466305,2021-02-28,88,35,62,0,0,0,1
JD_11466304,2021-02-28,72,24,58,0,0,0,0
JD_11466303,2021-02-28,79,28,59,1,0,0,0
JD_11466298,2021-02-28,6,3,6,0,0,0,0
JD_11466297,2021-02-28,34,25,16,0,0,0,0
JD_11466296,2021-02-28,29,22,21,0,1,0,0
JD_11466295,2021-02-28,12,6,9,0,0,0,0
JD_11466294,2021-02-28,6,1,5,0,0,0,0
JD_11466293,2021-02-28,9,8,3,0,0,0,0
JD_11466292,2021-02-28,47,25,43,1,0,0,1
JD_11466291,2021-02-28,16,14,7,0,0,0,0
JD_11466290,2021-02-28,4,0,4,0,0,0,0
JD_11466289,2021-02-28,6,0,5,1,0,0,0
JD_11466288,2021-02-28,9,6,6,0,1,0,0
JD_11466287,2021-02-28,177,93,97,5,2,0,0
JD_11466286,2021-02-28,281,128,232,3,1,0,2
JD_11466285,2021-02-28,4,4,1,0,0,0,0
JD_11466283,2021-02-28,13,4,12,0,0,0,0
JD_11466282,2021-02-28,27,14,19,0,0,0,0
JD_11466281,2021-02-28,28,20,15,0,0,0,0
JD_11466279,2021-02-28,1,0,1,0,0,0,0
JD_11466278,2021-02-28,27,17,23,0,0,0,0
JD_11466277,2021-02-28,0,0,0,0,0,0,0
JD_11466276,2021-02-28,8,7,3,0,0,0,0
JD_11466275,2021-02-28,6,5,4,0,0,0,0
JD_11466274,2021-02-28,5,1,5,0,0,0,0
JD_11466273,2021-02-28,0,0,0,0,0,0,0
JD_11466272,2021-02-28,0,0,0,0,0,0,0
JD_11466270,2021-02-28,0,0,0,0,0,0,0
JD_11466269,2021-02-28,15,8,11,0,1,0,0
JD_11466268,2021-02-28,0,0,0,0,0,0,0
JD_11466267,2021-02-28,0,0,0,0,0,0,0
JD_11466266,2021-02-28,0,0,0,0,0,0,0
JD_11466265,2021-02-28,87,70,49,1,0,0,0
JD_11466264,2021-02-28,1,0,1,0,0,0,0
JD_11466263,2021-02-28,1,0,1,0,0,0,0
JD_11466242,2021-02-28,2383,1886,1533,3,2,0,3
JD_11466240,2021-02-28,0,0,0,0,0,0,0
JD_11466237,2021-02-28,28,11,22,1,0,0,0
JD_11466236,2021-02-28,1,1,1,0,0,0,0
JD_11466234,2021-02-28,4,1,3,0,0,0,0
JD_11466231,2021-02-28,43,31,13,0,0,0,0
JD_11466225,2021-02-28,0,0,0,0,0,0,0
JD_11466223,2021-02-28,1,1,0,0,0,0,0
JD_11466222,2021-02-28,1,1,1,0,0,0,0
JD_11466221,2021-02-28,23,8,19,0,0,0,0
JD_11466218,2021-02-28,2,0,2,0,0,0,0
JD_11466217,2021-02-28,12,0,11,0,1,0,0
JD_11466212,2021-02-28,129,97,91,0,0,0,0
JD_11466211,2021-02-28,13,9,10,0,0,0,0
JD_11466210,2021-02-28,19,14,9,0,0,0,0
JD_11466208,2021-02-28,190,141,138,0,2,0,0
JD_11466207,2021-02-28,189,138,148,1,1,0,0
JD_11466206,2021-02-28,5,1,5,0,0,0,0
JD_11466205,2021-02-28,12,8,7,0,0,0,0
JD_11466201,2021-02-28,14,9,10,0,0,0,0
JD_11466200,2021-02-28,0,0,0,0,0,0,0
