JD_11301564,2021-02-28,164,0,159,3,2,0,0
JD_11301563,2021-02-28,17,7,10,0,0,1,0
JD_11301562,2021-02-28,355,186,244,3,2,0,1
JD_11301560,2021-02-28,4,2,3,0,0,0,0
JD_11301559,2021-02-28,90,40,90,0,0,0,1
JD_11301557,2021-02-28,10,4,10,0,0,0,0
JD_11301556,2021-02-28,1052,487,820,13,6,0,6
JD_11301555,2021-02-28,9,1,8,1,0,0,0
JD_11301553,2021-02-28,4,3,2,0,0,0,0
JD_11301552,2021-02-28,5,3,2,0,0,0,0
JD_11301551,2021-02-28,2,1,2,0,0,0,1
JD_11301550,2021-02-28,4797,3662,2264,21,12,0,3
JD_11301548,2021-02-28,17,12,8,0,0,0,0
JD_11301547,2021-02-28,270,203,185,3,1,0,0
JD_11301546,2021-02-28,82,51,80,0,0,0,0
JD_11301545,2021-02-28,17,6,16,0,0,0,0
JD_11301544,2021-02-28,9,1,8,0,0,0,0
JD_11301543,2021-02-28,26,13,23,0,0,0,0
JD_11301541,2021-02-28,19,3,18,1,0,0,0
JD_11301538,2021-02-28,32,22,16,1,0,0,1
JD_11301536,2021-02-28,4,2,2,0,0,0,0
JD_11301535,2021-02-28,2,1,2,0,0,0,0
JD_11301534,2021-02-28,69,34,68,0,1,0,0
JD_11301533,2021-02-28,30,14,30,0,0,0,0
JD_11301532,2021-02-28,20,12,17,0,0,0,0
JD_11301531,2021-02-28,19,3,17,0,0,0,0
JD_11301530,2021-02-28,122,0,120,1,1,0,0
JD_11301526,2021-02-28,230,0,224,6,0,0,0
JD_11301525,2021-02-28,394,0,386,5,3,0,0
JD_11301524,2021-02-28,158,32,122,2,2,0,0
JD_11301523,2021-02-28,34,5,34,0,0,0,0
JD_11301522,2021-02-28,29,2,29,0,0,0,0
JD_11301521,2021-02-28,31,3,31,0,0,0,0
JD_11301520,2021-02-28,38,5,33,0,0,0,0
JD_11301519,2021-02-28,18,0,18,0,0,0,0
JD_11301518,2021-02-28,39,8,39,0,0,0,0
JD_11301517,2021-02-28,54,16,51,0,1,0,0
JD_11301516,2021-02-28,39,6,37,0,0,0,0
JD_11301515,2021-02-28,7,6,7,0,0,0,0
JD_11301513,2021-02-28,716,453,369,3,1,0,0
JD_11301512,2021-02-28,434,172,310,4,1,0,0
JD_11301511,2021-02-28,133,22,125,0,0,0,1
JD_11301510,2021-02-28,150,35,124,2,0,0,1
JD_11301509,2021-02-28,156,19,149,2,1,0,1
JD_11301508,2021-02-28,164,48,134,2,1,0,1
JD_11301507,2021-02-28,143,24,126,2,0,0,1
JD_11301506,2021-02-28,242,72,196,0,1,0,1
JD_11301504,2021-02-28,740,0,693,27,20,0,0
JD_11301498,2021-02-28,348,0,341,5,2,0,0
JD_11301497,2021-02-28,9,1,6,2,0,0,0
JD_11301494,2021-02-28,3,1,1,1,0,0,0
JD_11301491,2021-02-28,17,10,6,1,0,0,0
JD_11301490,2021-02-28,3,3,2,0,0,0,0
JD_11301489,2021-02-28,0,0,0,0,0,0,0
JD_11301488,2021-02-28,1,1,0,0,0,0,0
JD_11301487,2021-02-28,22,10,18,0,0,0,0
JD_11301485,2021-02-28,3,3,3,0,0,0,0
JD_11301484,2021-02-28,6,6,1,0,0,0,0
JD_11301483,2021-02-28,7,5,2,0,0,0,0
JD_11301481,2021-02-28,16,13,3,0,0,0,0
JD_11301480,2021-02-28,4,2,2,0,0,0,0
JD_11301479,2021-02-28,14,11,8,0,0,0,1
JD_11301478,2021-02-28,24,19,10,0,0,0,0
JD_11301477,2021-02-28,5,3,4,0,0,0,0
JD_11301476,2021-02-28,44,28,27,0,0,0,0
JD_11301475,2021-02-28,14,12,3,0,0,0,0
JD_11301474,2021-02-28,15,7,10,0,0,0,0
JD_11301473,2021-02-28,116,66,87,3,2,0,1
JD_11301472,2021-02-28,6,6,0,0,0,0,0
JD_11301471,2021-02-28,3,3,0,0,0,0,0
