JD_11456677,2021-02-28,125,96,60,0,1,0,0
JD_11456676,2021-02-28,0,0,0,0,0,0,0
JD_11456675,2021-02-28,50,29,34,2,2,0,0
JD_11456673,2021-02-28,0,0,0,0,0,0,0
JD_11456672,2021-02-28,1,0,1,0,0,0,0
JD_11456671,2021-02-28,27,25,8,0,0,0,0
JD_11456670,2021-02-28,11,8,7,0,0,0,0
JD_11456669,2021-02-28,6,5,3,0,0,0,0
JD_11456668,2021-02-28,2,2,1,0,0,0,0
JD_11456667,2021-02-28,3,3,2,0,0,0,0
JD_11456665,2021-02-28,84,45,73,3,0,0,0
JD_11456664,2021-02-28,21,13,14,0,1,0,0
JD_11456663,2021-02-28,3,2,1,0,0,0,0
JD_11456662,2021-02-28,6,4,5,0,0,0,0
JD_11456661,2021-02-28,5,3,5,0,0,0,0
JD_11456659,2021-02-28,13,7,13,0,0,0,0
JD_11456658,2021-02-28,105,85,43,0,0,0,0
JD_11456657,2021-02-28,2,1,1,0,0,0,0
JD_11456656,2021-02-28,21,6,21,0,0,0,1
JD_11456654,2021-02-28,18,17,10,0,0,0,0
JD_11456653,2021-02-28,16,9,8,0,0,0,0
JD_11456652,2021-02-28,1,1,0,0,0,0,0
JD_11456651,2021-02-28,2,2,0,0,0,0,0
JD_11456649,2021-02-28,73,41,72,0,0,0,0
JD_11456647,2021-02-28,61,39,47,0,0,0,0
JD_11456646,2021-02-28,64,44,63,0,1,0,0
JD_11456645,2021-02-28,12,0,11,1,0,0,0
JD_11456644,2021-02-28,153,105,151,0,0,0,0
JD_11456641,2021-02-28,53,42,43,0,0,0,0
JD_11456640,2021-02-28,3,2,2,0,0,0,0
JD_11456639,2021-02-28,13,8,6,1,0,0,0
JD_11456636,2021-02-28,176,127,112,1,0,0,0
JD_11456631,2021-02-28,2,1,2,0,0,0,0
JD_11456630,2021-02-28,17,11,17,0,0,0,0
JD_11456629,2021-02-28,5,3,3,0,0,0,0
JD_11456627,2021-02-28,5,2,3,0,0,0,0
JD_11456626,2021-02-28,0,0,0,0,0,0,0
JD_11456625,2021-02-28,7,5,2,0,0,0,0
JD_11456624,2021-02-28,2,0,2,0,0,0,0
JD_11456623,2021-02-28,6,6,3,0,0,0,0
JD_11456622,2021-02-28,4,1,4,0,0,0,0
JD_11456621,2021-02-28,0,0,0,0,0,0,0
JD_11456620,2021-02-28,10,10,2,0,0,0,0
JD_11456619,2021-02-28,0,0,0,0,0,0,0
JD_11456618,2021-02-28,0,0,0,0,0,0,0
JD_11456617,2021-02-28,9,5,9,0,0,0,0
JD_11456614,2021-02-28,0,0,0,0,0,0,0
JD_11456610,2021-02-28,0,0,0,0,0,0,0
JD_11456609,2021-02-28,3,2,2,0,0,0,0
JD_11456606,2021-02-28,46,23,32,2,0,1,0
JD_11456605,2021-02-28,2558,1178,2268,23,11,1,4
JD_11456604,2021-02-28,65,4,59,6,0,0,0
JD_11456603,2021-02-28,0,0,0,0,0,0,0
JD_11456601,2021-02-28,1,1,0,0,0,0,0
JD_11456600,2021-02-28,113,71,71,0,1,0,0
JD_11456599,2021-02-28,6,0,6,0,0,0,0
JD_11456597,2021-02-28,70,45,54,0,0,0,0
JD_11456596,2021-02-28,9,3,8,0,0,0,0
JD_11456593,2021-02-28,0,0,0,0,0,0,0
JD_11456591,2021-02-28,0,0,0,0,0,0,0
JD_11456588,2021-02-28,2,2,0,0,0,0,0
JD_11456587,2021-02-28,0,0,0,0,0,0,0
JD_11456586,2021-02-28,0,0,0,0,0,0,0
JD_11456584,2021-02-28,3,3,0,0,0,0,0
JD_11456582,2021-02-28,0,0,0,0,0,0,0
JD_11456581,2021-02-28,0,0,0,0,0,0,0
JD_11456580,2021-02-28,0,0,0,0,0,0,0
JD_11456579,2021-02-28,0,0,0,0,0,0,0
JD_11456578,2021-02-28,7,2,6,1,0,0,0
JD_11456575,2021-02-28,25,11,17,0,3,0,0
