JD_11454385,2021-02-28,2,1,1,0,0,0,0
JD_11454380,2021-02-28,0,0,0,0,0,0,0
JD_11454379,2021-02-28,0,0,0,0,0,0,0
JD_11454378,2021-02-28,7,0,6,0,1,0,0
JD_11454375,2021-02-28,0,0,0,0,0,0,0
JD_11454374,2021-02-28,0,0,0,0,0,0,0
JD_11454372,2021-02-28,4,2,3,0,0,0,0
JD_11454371,2021-02-28,0,0,0,0,0,0,0
JD_11454369,2021-02-28,1,1,1,0,0,0,0
JD_11454368,2021-02-28,0,0,0,0,0,0,0
JD_11454366,2021-02-28,0,0,0,0,0,0,0
JD_11454365,2021-02-28,0,0,0,0,0,0,0
JD_11454364,2021-02-28,3,2,2,0,0,0,0
JD_11454362,2021-02-28,1054,617,703,5,2,3,7
JD_11454355,2021-02-28,8,3,8,0,0,0,0
JD_11454354,2021-02-28,6,0,6,0,0,0,0
JD_11454350,2021-02-28,0,0,0,0,0,0,0
JD_11454346,2021-02-28,120,96,62,0,0,0,1
JD_11454338,2021-02-28,12,9,11,0,0,0,0
JD_11454336,2021-02-28,0,0,0,0,0,0,0
JD_11454334,2021-02-28,0,0,0,0,0,0,0
JD_11454333,2021-02-28,0,0,0,0,0,0,0
JD_11454327,2021-02-28,8,2,8,0,0,0,0
JD_11454323,2021-02-28,0,0,0,0,0,0,0
JD_11454321,2021-02-28,246,110,241,2,3,0,1
JD_11454319,2021-02-28,8,0,5,3,0,0,0
JD_11454318,2021-02-28,2320,1458,1649,15,4,1,10
JD_11454317,2021-02-28,4,2,3,0,0,0,0
JD_11454315,2021-02-28,0,0,0,0,0,0,0
JD_11454314,2021-02-28,4,1,4,0,0,0,0
JD_11454313,2021-02-28,0,0,0,0,0,0,0
JD_11454311,2021-02-28,0,0,0,0,0,0,0
JD_11454310,2021-02-28,0,0,0,0,0,0,0
JD_11454308,2021-02-28,0,0,0,0,0,0,0
JD_11454307,2021-02-28,0,0,0,0,0,0,0
JD_11454306,2021-02-28,3,0,3,0,0,0,0
JD_11454305,2021-02-28,29,0,27,2,0,0,0
JD_11454304,2021-02-28,24,5,20,1,0,0,0
JD_11454303,2021-02-28,28,2,26,1,0,0,0
JD_11454302,2021-02-28,53,33,32,1,2,0,0
JD_11454300,2021-02-28,1,1,0,0,0,0,0
JD_11454299,2021-02-28,0,0,0,0,0,0,0
JD_11454298,2021-02-28,4,0,4,0,0,0,1
JD_11454297,2021-02-28,28,5,25,0,0,0,0
JD_11454296,2021-02-28,26,0,26,0,0,0,0
JD_11454290,2021-02-28,3,1,3,0,0,0,0
JD_11454289,2021-02-28,1,0,1,0,0,0,0
JD_11454288,2021-02-28,3,0,3,0,0,0,0
JD_11454287,2021-02-28,4,0,4,0,0,0,0
JD_11454286,2021-02-28,91,52,47,0,0,0,0
JD_11454285,2021-02-28,227,177,115,0,0,0,0
JD_11454284,2021-02-28,4,0,4,0,0,0,0
JD_11454283,2021-02-28,2,0,2,0,0,0,0
JD_11454281,2021-02-28,36,28,19,0,0,0,0
JD_11454280,2021-02-28,73,44,51,0,0,0,0
JD_11454279,2021-02-28,7,5,3,0,0,0,0
JD_11454278,2021-02-28,417,277,281,3,0,0,0
JD_11454277,2021-02-28,12,5,10,0,0,0,0
JD_11454276,2021-02-28,116,51,112,3,1,0,0
JD_11454275,2021-02-28,5,2,5,0,0,0,0
JD_11454274,2021-02-28,150,108,79,2,0,0,0
JD_11454273,2021-02-28,2,1,2,0,0,0,0
JD_11454272,2021-02-28,1,1,0,0,0,0,0
JD_11454267,2021-02-28,5,2,5,0,0,0,0
JD_11454266,2021-02-28,0,0,0,0,0,0,0
JD_11454264,2021-02-28,12,4,10,0,0,0,0
JD_11454261,2021-02-28,0,0,0,0,0,0,0
JD_11454260,2021-02-28,0,0,0,0,0,0,0
JD_11454259,2021-02-28,3,2,2,0,0,0,0
JD_11454258,2021-02-28,4,3,1,0,0,0,0
