JD_11463082,2021-02-28,5,4,5,0,0,0,0
JD_11463080,2021-02-28,3,1,3,0,0,0,0
JD_11463078,2021-02-28,6,4,4,0,0,0,0
JD_11463076,2021-02-28,1,1,1,0,0,0,0
JD_11463075,2021-02-28,0,0,0,0,0,0,0
JD_11463074,2021-02-28,2,0,2,0,0,0,0
JD_11463073,2021-02-28,0,0,0,0,0,0,0
JD_11463071,2021-02-28,0,0,0,0,0,0,0
JD_11463070,2021-02-28,0,0,0,0,0,0,0
JD_11463067,2021-02-28,0,0,0,0,0,0,0
JD_11463066,2021-02-28,0,0,0,0,0,0,0
JD_11463064,2021-02-28,1,1,1,0,0,0,0
JD_11463063,2021-02-28,0,0,0,0,0,0,0
JD_11463062,2021-02-28,0,0,0,0,0,0,0
JD_11463057,2021-02-28,81,0,79,2,0,0,0
JD_11463055,2021-02-28,82,32,63,0,0,0,0
JD_11463050,2021-02-28,45675,30127,28297,61,41,116,73
JD_11463046,2021-02-28,1,1,0,0,0,0,0
JD_11463045,2021-02-28,3,3,2,0,0,0,0
JD_11463044,2021-02-28,35,21,24,0,0,0,0
JD_11463043,2021-02-28,34,17,29,1,0,0,0
JD_11463042,2021-02-28,10,5,7,0,0,0,0
JD_11463041,2021-02-28,10,6,9,0,0,0,0
JD_11463039,2021-02-28,0,0,0,0,0,0,0
JD_11463038,2021-02-28,3,2,2,0,0,0,0
JD_11463031,2021-02-28,124,95,55,0,0,0,0
JD_11463027,2021-02-28,51,37,26,0,0,0,0
JD_11463026,2021-02-28,213,100,205,6,2,0,0
JD_11463025,2021-02-28,14319,12493,2733,20,10,3,8
JD_11463024,2021-02-28,63,14,62,0,0,0,0
JD_11463022,2021-02-28,136,29,131,3,0,0,0
JD_11463019,2021-02-28,15,9,15,0,0,0,1
JD_11463014,2021-02-28,536,2,518,12,6,0,0
JD_11463013,2021-02-28,4,3,4,0,0,0,0
JD_11463011,2021-02-28,222,0,217,4,1,0,0
JD_11463010,2021-02-28,71,53,39,0,0,0,0
JD_11463009,2021-02-28,32,23,23,1,0,0,0
JD_11463007,2021-02-28,43,0,42,0,1,0,0
JD_11463006,2021-02-28,54,0,50,2,2,0,0
JD_11463003,2021-02-28,144,0,140,3,1,0,0
JD_11463002,2021-02-28,9,0,8,1,0,0,0
JD_11463001,2021-02-28,23,21,11,0,0,0,0
JD_11463000,2021-02-28,0,0,0,0,0,0,0
JD_11462999,2021-02-28,263,0,246,12,5,0,0
JD_11462997,2021-02-28,5,2,2,2,0,0,0
JD_11462996,2021-02-28,163,0,156,4,3,0,0
JD_11462995,2021-02-28,25,8,24,0,0,0,0
JD_11462993,2021-02-28,49,1,47,1,1,0,0
JD_11462991,2021-02-28,29,20,23,1,0,0,0
JD_11462990,2021-02-28,52,0,50,2,0,0,0
JD_11462989,2021-02-28,61,14,60,1,0,0,0
JD_11462988,2021-02-28,19,16,6,0,0,0,0
JD_11462987,2021-02-28,2,2,1,0,0,0,0
JD_11462986,2021-02-28,43,0,41,1,1,0,0
JD_11462985,2021-02-28,192,1,182,7,3,0,0
JD_11462984,2021-02-28,29,0,29,0,0,0,0
JD_11462983,2021-02-28,103,0,102,0,1,0,0
JD_11462982,2021-02-28,13,5,9,0,0,0,0
JD_11462981,2021-02-28,2,1,1,0,0,0,0
JD_11462980,2021-02-28,0,0,0,0,0,0,0
JD_11462979,2021-02-28,5,3,2,0,0,0,0
JD_11462978,2021-02-28,1,0,1,0,0,0,0
JD_11462977,2021-02-28,28,19,17,0,0,0,0
JD_11462976,2021-02-28,36,15,34,2,0,0,0
JD_11462975,2021-02-28,38,0,35,3,0,0,0
JD_11462974,2021-02-28,22,15,21,0,0,0,1
JD_11462971,2021-02-28,2,1,1,0,0,0,0
JD_11462970,2021-02-28,21,8,19,2,0,0,0
JD_11462968,2021-02-28,6,2,2,1,1,0,1
JD_11462967,2021-02-28,32,0,31,1,0,0,0
