JD_11567648,2021-02-28,1,1,0,0,0,0,0
JD_11567647,2021-02-28,5,1,4,0,0,0,0
JD_11567646,2021-02-28,0,0,0,0,0,0,0
JD_11567645,2021-02-28,9,5,5,0,0,0,0
JD_11567643,2021-02-28,2,2,0,0,0,0,0
JD_11567642,2021-02-28,0,0,0,0,0,0,0
JD_11567641,2021-02-28,5,4,1,0,0,0,0
JD_11567639,2021-02-28,2,1,2,0,0,0,0
JD_11567638,2021-02-28,1,1,0,0,0,0,0
JD_11567637,2021-02-28,0,0,0,0,0,0,0
JD_11567636,2021-02-28,0,0,0,0,0,0,0
JD_11567634,2021-02-28,4,2,3,0,0,0,0
JD_11567633,2021-02-28,0,0,0,0,0,0,0
JD_11567632,2021-02-28,0,0,0,0,0,0,0
JD_11567631,2021-02-28,0,0,0,0,0,0,0
JD_11567630,2021-02-28,1,1,1,0,0,0,0
JD_11567627,2021-02-28,1,1,0,0,0,0,0
JD_11567626,2021-02-28,1,1,0,0,0,0,0
JD_11567625,2021-02-28,0,0,0,0,0,0,0
JD_11567624,2021-02-28,3,2,1,0,0,0,0
JD_11567623,2021-02-28,0,0,0,0,0,0,0
JD_11567622,2021-02-28,2,0,2,0,0,0,0
JD_11567619,2021-02-28,0,0,0,0,0,0,0
JD_11567618,2021-02-28,1,1,1,0,0,0,0
JD_11567617,2021-02-28,0,0,0,0,0,0,0
JD_11567616,2021-02-28,2,2,1,0,0,0,0
JD_11567615,2021-02-28,0,0,0,0,0,0,0
JD_11567614,2021-02-28,4,3,4,0,0,0,0
JD_11567613,2021-02-28,10,6,10,0,0,0,0
JD_11567612,2021-02-28,13,10,7,0,0,0,0
JD_11567611,2021-02-28,0,0,0,0,0,0,0
JD_11567610,2021-02-28,19,2,17,1,0,0,0
JD_11567609,2021-02-28,0,0,0,0,0,0,0
JD_11567608,2021-02-28,3,2,1,0,0,0,0
JD_11567607,2021-02-28,0,0,0,0,0,0,0
JD_11567606,2021-02-28,454,362,235,2,1,0,0
JD_11567605,2021-02-28,22,3,20,0,1,0,0
JD_11567604,2021-02-28,3,2,1,0,0,0,0
JD_11567603,2021-02-28,42,25,22,1,0,0,0
JD_11567602,2021-02-28,305,211,252,0,3,0,0
JD_11567337,2021-02-28,35,13,31,1,1,0,0
JD_11567336,2021-02-28,205,68,197,1,0,0,1
JD_11567335,2021-02-28,5210,4160,3161,13,6,1,8
JD_11567334,2021-02-28,13,5,8,0,0,0,0
JD_11567333,2021-02-28,10,2,9,0,1,0,0
JD_11567332,2021-02-28,39,4,39,0,0,0,0
JD_11567331,2021-02-28,5,3,4,0,0,0,0
JD_11567330,2021-02-28,5,3,3,0,0,0,0
JD_11567329,2021-02-28,93,35,91,1,1,0,0
JD_11567328,2021-02-28,10,4,9,0,0,0,0
JD_11567327,2021-02-28,226,172,83,1,1,0,0
JD_11567326,2021-02-28,1,0,1,0,0,0,0
JD_11567325,2021-02-28,9,4,7,0,0,0,0
JD_11567324,2021-02-28,871,438,562,9,6,1,1
JD_11567323,2021-02-28,6,2,4,0,0,0,0
JD_11567322,2021-02-28,2,0,2,0,0,0,0
JD_11567321,2021-02-28,26,18,11,0,0,0,0
JD_11567320,2021-02-28,101,64,87,2,0,0,0
JD_11567319,2021-02-28,4,1,3,0,0,0,0
JD_11567318,2021-02-28,32,28,15,0,1,0,0
JD_11567317,2021-02-28,2,1,2,0,0,0,0
JD_11567316,2021-02-28,45,5,43,1,1,0,0
JD_11567315,2021-02-28,261,59,219,0,0,0,0
JD_11567314,2021-02-28,7,6,5,0,0,0,0
JD_11567313,2021-02-28,16,14,4,0,0,0,0
JD_11567308,2021-02-28,91,22,87,1,0,0,0
JD_11567306,2021-02-28,34,24,34,0,0,0,0
JD_11567305,2021-02-28,3,2,3,0,0,0,0
JD_11567304,2021-02-28,0,0,0,0,0,0,0
JD_11567302,2021-02-28,37,30,20,0,0,0,0
