JD_11364886,2021-02-28,78,15,73,2,3,0,0
JD_11364885,2021-02-28,284,0,278,3,3,0,0
JD_11364884,2021-02-28,35,6,27,2,0,0,0
JD_11364883,2021-02-28,0,0,0,0,0,0,0
JD_11364882,2021-02-28,20,12,14,0,0,0,0
JD_11364881,2021-02-28,373,23,368,3,0,0,1
JD_11364880,2021-02-28,196,0,195,1,0,0,0
JD_11364877,2021-02-28,10,2,10,0,0,0,0
JD_11364875,2021-02-28,161,78,158,2,0,0,0
JD_11364872,2021-02-28,557,290,264,2,1,0,0
JD_11364870,2021-02-28,403,39,380,15,4,1,0
JD_11364869,2021-02-28,2937,2172,2881,4,0,7,6
JD_11364867,2021-02-28,353,85,324,3,1,0,1
JD_11364865,2021-02-28,2362,1841,2355,2,4,5,3
JD_11364863,2021-02-28,48,18,47,0,0,0,0
JD_11364862,2021-02-28,24,3,21,2,0,0,0
JD_11364860,2021-02-28,60,23,58,2,0,0,0
JD_11364859,2021-02-28,0,0,0,0,0,0,0
JD_11364858,2021-02-28,25,3,23,0,1,0,0
JD_11364857,2021-02-28,10,1,10,0,0,0,0
JD_11364856,2021-02-28,56,23,56,0,0,0,0
JD_11364855,2021-02-28,46,15,46,0,0,0,0
JD_11364854,2021-02-28,28,0,28,0,0,0,0
JD_11364850,2021-02-28,0,0,0,0,0,0,0
JD_11364849,2021-02-28,3723,1997,2742,30,9,2,11
JD_11364845,2021-02-28,0,0,0,0,0,0,0
JD_11364844,2021-02-28,0,0,0,0,0,0,0
JD_11364843,2021-02-28,0,0,0,0,0,0,0
JD_11364842,2021-02-28,21,13,13,0,0,0,0
JD_11364841,2021-02-28,3,1,2,0,0,0,0
JD_11364840,2021-02-28,6,4,2,0,0,0,0
JD_11364838,2021-02-28,9,2,9,0,0,0,0
JD_11364837,2021-02-28,0,0,0,0,0,0,0
JD_11364836,2021-02-28,8,6,3,0,0,0,0
JD_11364835,2021-02-28,22,18,5,0,0,0,0
JD_11364834,2021-02-28,3,3,0,0,0,0,0
JD_11364833,2021-02-28,4,2,2,0,0,0,0
JD_11364832,2021-02-28,13,10,6,0,0,0,0
JD_11364831,2021-02-28,8,1,7,1,0,0,0
JD_11364830,2021-02-28,742,495,694,2,2,1,2
JD_11364829,2021-02-28,105,87,42,0,0,0,0
JD_11364828,2021-02-28,13,8,7,0,0,0,0
JD_11364826,2021-02-28,50,24,46,1,0,0,0
JD_11364825,2021-02-28,7,0,7,0,0,0,0
JD_11364824,2021-02-28,4,4,1,0,0,0,0
JD_11364823,2021-02-28,21,7,18,2,0,0,0
JD_11364821,2021-02-28,1,1,0,0,0,0,0
JD_11364820,2021-02-28,13,0,12,0,1,0,0
JD_11364819,2021-02-28,14,10,11,0,0,0,0
JD_11364817,2021-02-28,99,36,82,0,0,0,1
JD_11364816,2021-02-28,897,210,885,8,4,0,0
JD_11364814,2021-02-28,344,0,318,16,10,0,0
JD_11364813,2021-02-28,2,0,2,0,0,0,0
JD_11364809,2021-02-28,10,6,8,0,0,0,0
JD_11364808,2021-02-28,20,15,11,0,0,0,0
JD_11364806,2021-02-28,7,4,7,0,0,0,0
JD_11364802,2021-02-28,5,3,5,0,0,0,0
JD_11364799,2021-02-28,0,0,0,0,0,0,0
JD_11364798,2021-02-28,4,3,1,0,0,0,0
JD_11364797,2021-02-28,4,2,2,0,0,0,0
JD_11364793,2021-02-28,1,1,1,0,0,0,0
JD_11364792,2021-02-28,0,0,0,0,0,0,0
JD_11364791,2021-02-28,1,0,1,0,0,0,0
JD_11364790,2021-02-28,6,3,4,0,0,0,0
JD_11364788,2021-02-28,8,1,8,0,0,0,0
JD_11364787,2021-02-28,24,5,24,0,0,0,1
JD_11364785,2021-02-28,1,0,1,0,0,0,0
JD_11364784,2021-02-28,42,21,25,0,1,0,0
JD_11364782,2021-02-28,17,13,13,0,0,0,0
JD_11364781,2021-02-28,3,3,1,0,0,0,0
