JD_11872070,2021-02-28,63,51,22,0,0,0,2
JD_11872069,2021-02-28,58,24,35,1,2,0,0
JD_11872068,2021-02-28,275,232,170,1,0,0,1
JD_11872067,2021-02-28,29,14,16,2,1,0,0
JD_11872066,2021-02-28,416,313,217,2,0,0,1
JD_11872065,2021-02-28,205,132,171,1,1,0,0
JD_11872064,2021-02-28,132,20,118,3,1,0,0
JD_11872063,2021-02-28,1,1,1,0,0,0,0
JD_11872062,2021-02-28,2,1,2,0,0,0,0
JD_11872061,2021-02-28,0,0,0,0,0,0,0
JD_11872060,2021-02-28,102,67,70,3,0,0,0
JD_11872059,2021-02-28,13,8,10,0,0,0,0
JD_11872058,2021-02-28,0,0,0,0,0,0,0
JD_11872057,2021-02-28,0,0,0,0,0,0,0
JD_11872056,2021-02-28,405,278,192,3,1,0,1
JD_11872054,2021-02-28,8,6,5,0,0,0,0
JD_11872053,2021-02-28,340,199,222,1,0,0,1
JD_11872052,2021-02-28,22,14,17,0,0,0,0
JD_11872051,2021-02-28,9,6,9,0,0,0,0
JD_11872049,2021-02-28,2,1,2,0,0,0,0
JD_11872048,2021-02-28,4,2,4,0,0,0,0
JD_11872047,2021-02-28,26,24,9,0,0,0,0
JD_11872046,2021-02-28,7,5,2,0,0,0,0
JD_11872045,2021-02-28,19,12,12,0,0,0,0
JD_11872044,2021-02-28,37,29,12,1,0,0,0
JD_11872043,2021-02-28,12,10,10,0,0,0,0
JD_11872040,2021-02-28,2459,1922,1286,6,8,2,5
JD_11872039,2021-02-28,9,7,6,0,0,0,0
JD_11872038,2021-02-28,99,0,98,0,1,0,0
JD_11872037,2021-02-28,11,7,8,0,0,0,1
JD_11872036,2021-02-28,585,27,579,1,5,0,1
JD_11872035,2021-02-28,11,5,6,0,0,0,0
JD_11872034,2021-02-28,85,59,49,0,0,0,0
JD_11872032,2021-02-28,31,18,18,0,0,0,0
JD_11872031,2021-02-28,26,17,20,0,0,0,0
JD_11872030,2021-02-28,29,18,18,1,0,0,0
JD_11872028,2021-02-28,11,9,6,0,0,0,0
JD_11872027,2021-02-28,145,87,77,0,0,0,0
JD_11872026,2021-02-28,6,5,1,0,0,0,0
JD_11872025,2021-02-28,73,57,41,0,0,0,1
JD_11872024,2021-02-28,0,0,0,0,0,0,0
JD_11872023,2021-02-28,12,7,7,0,0,0,0
JD_11872022,2021-02-28,11,10,3,0,0,0,0
JD_11872021,2021-02-28,3,3,3,0,0,0,0
JD_11872020,2021-02-28,543,442,323,1,2,0,0
JD_11872019,2021-02-28,43,27,29,0,0,0,0
JD_11871009,2021-02-28,1,1,0,0,0,0,0
JD_11871007,2021-02-28,3,2,1,0,0,0,0
JD_11871005,2021-02-28,10,6,5,0,0,0,1
JD_11871003,2021-02-28,59,38,43,1,0,0,0
JD_11871001,2021-02-28,20,18,10,0,0,0,0
JD_11870999,2021-02-28,18,12,11,1,0,0,0
JD_11870995,2021-02-28,28,19,18,0,0,0,0
JD_11870993,2021-02-28,10,7,6,0,0,0,0
JD_11870991,2021-02-28,0,0,0,0,0,0,0
JD_11870989,2021-02-28,4,3,3,0,0,0,0
JD_11870987,2021-02-28,13,4,11,0,0,0,0
JD_11870985,2021-02-28,0,0,0,0,0,0,0
JD_11870983,2021-02-28,20,15,14,0,0,0,0
JD_11870981,2021-02-28,15,11,10,0,0,0,0
JD_11870979,2021-02-28,1,1,0,0,0,0,0
JD_11870975,2021-02-28,15,6,15,0,0,0,0
JD_11870973,2021-02-28,0,0,0,0,0,0,0
JD_11870971,2021-02-28,7,6,4,0,0,0,0
JD_11870969,2021-02-28,4,0,4,0,0,0,0
JD_11870965,2021-02-28,7,6,5,0,0,0,0
JD_11870963,2021-02-28,4,3,3,0,0,0,0
JD_11870961,2021-02-28,9,8,4,0,0,0,0
JD_11870959,2021-02-28,24,21,12,0,0,0,0
JD_11870957,2021-02-28,0,0,0,0,0,0,0
