JD_12124705,2021-02-28,10886,8189,10847,24,10,20,29
JD_12124704,2021-02-28,1062,826,984,3,1,0,2
JD_12124703,2021-02-28,975,751,949,0,2,4,4
JD_12124702,2021-02-28,3,3,2,0,0,0,0
JD_12124700,2021-02-28,1303,1025,1007,6,3,1,3
JD_12124698,2021-02-28,15,10,13,0,0,0,0
JD_12124697,2021-02-28,20,16,18,0,0,0,0
JD_12124695,2021-02-28,3,3,3,0,0,0,0
JD_12124692,2021-02-28,36,31,26,0,0,0,0
JD_12124691,2021-02-28,11,5,9,0,0,0,0
JD_12124690,2021-02-28,150,133,103,0,0,0,1
JD_12124689,2021-02-28,1,1,0,0,0,0,0
JD_12124688,2021-02-28,13,9,13,0,0,0,0
JD_12124687,2021-02-28,3,2,3,0,0,0,0
JD_12124685,2021-02-28,1585,1171,1065,2,2,1,6
JD_12124684,2021-02-28,0,0,0,0,0,0,0
JD_12124683,2021-02-28,2087,1691,1152,1,1,2,4
JD_12124682,2021-02-28,4,0,4,0,0,0,0
JD_12124681,2021-02-28,62,48,42,0,1,0,1
JD_12124680,2021-02-28,12,7,11,0,0,0,0
JD_12123722,2021-02-28,607,536,432,0,2,1,1
JD_12123721,2021-02-28,5,1,4,0,0,0,0
JD_12123719,2021-02-28,16,5,16,0,0,0,1
JD_12123717,2021-02-28,29,10,28,0,1,0,2
JD_12123716,2021-02-28,827,70,817,8,2,0,5
JD_12123715,2021-02-28,88,21,86,1,1,0,1
JD_12123714,2021-02-28,167,16,162,3,2,0,0
JD_12123713,2021-02-28,366,79,356,4,6,0,2
JD_12123712,2021-02-28,529,38,521,4,4,0,6
JD_12123711,2021-02-28,39,15,37,1,1,0,0
JD_12123710,2021-02-28,555,97,546,6,2,0,6
JD_12123709,2021-02-28,38,8,36,2,0,0,0
JD_12123708,2021-02-28,624,103,611,6,5,0,12
JD_12123707,2021-02-28,40,13,40,0,0,0,0
JD_12123705,2021-02-28,4,2,4,0,0,0,0
JD_12123704,2021-02-28,475,381,279,1,0,1,2
JD_12123703,2021-02-28,27,15,26,1,0,0,0
JD_12123702,2021-02-28,550,453,315,0,1,1,2
JD_12123701,2021-02-28,5,0,5,0,0,0,0
JD_12123697,2021-02-28,0,0,0,0,0,0,0
JD_12123695,2021-02-28,1081,4,1052,12,17,1,11
JD_12123694,2021-02-28,127,104,102,0,2,0,1
JD_12123693,2021-02-28,19,7,19,0,0,0,0
JD_12123691,2021-02-28,94,44,92,2,0,0,1
JD_12123690,2021-02-28,409,102,400,5,2,0,0
JD_12123689,2021-02-28,6,1,6,0,0,0,1
JD_12123688,2021-02-28,38,27,33,0,0,0,0
JD_12123687,2021-02-28,15,13,9,0,0,0,0
JD_12123686,2021-02-28,4,2,4,0,0,0,0
JD_12123685,2021-02-28,3,3,0,0,0,0,0
JD_12123684,2021-02-28,8,4,7,1,0,0,0
JD_12123683,2021-02-28,15,14,7,0,0,0,0
JD_12123682,2021-02-28,126,91,89,2,0,0,0
JD_12123681,2021-02-28,4,2,3,0,0,0,0
JD_12123680,2021-02-28,745,603,399,1,0,1,2
JD_12123679,2021-02-28,14,7,14,0,0,0,0
JD_12123678,2021-02-28,67,58,39,0,0,0,0
JD_12123677,2021-02-28,7,2,6,1,0,0,0
JD_12123676,2021-02-28,57,47,26,1,0,0,0
JD_12123675,2021-02-28,4,3,3,0,0,0,0
JD_12123674,2021-02-28,85,67,53,0,0,0,0
JD_12123673,2021-02-28,166,147,77,0,0,0,0
JD_12123672,2021-02-28,7,3,7,0,0,0,0
JD_12123668,2021-02-28,31172,22765,21608,158,85,166,90
JD_12123664,2021-02-28,33,25,32,0,0,0,0
JD_12123663,2021-02-28,6,5,3,0,0,0,0
JD_12123662,2021-02-28,41,28,40,0,0,0,0
JD_12123661,2021-02-28,14,13,8,0,0,0,0
JD_12123660,2021-02-28,18,16,8,0,0,0,0
JD_12123659,2021-02-28,5,4,2,0,0,0,0
