JD_11303821,2021-02-28,5,0,5,0,0,0,0
JD_11303820,2021-02-28,2,0,2,0,0,0,0
JD_11303819,2021-02-28,4,2,1,0,1,0,0
JD_11303818,2021-02-28,14,0,14,0,0,0,0
JD_11303817,2021-02-28,9,0,7,2,0,0,0
JD_11303816,2021-02-28,0,0,0,0,0,0,0
JD_11303815,2021-02-28,445,325,294,0,1,0,2
JD_11303814,2021-02-28,0,0,0,0,0,0,0
JD_11303813,2021-02-28,8,7,5,0,0,0,0
JD_11303810,2021-02-28,9,2,9,0,0,0,0
JD_11303809,2021-02-28,0,0,0,0,0,0,0
JD_11303808,2021-02-28,0,0,0,0,0,0,0
JD_11303806,2021-02-28,16,9,12,0,0,0,0
JD_11303805,2021-02-28,1,0,1,0,0,0,0
JD_11303804,2021-02-28,2,2,0,0,0,0,0
JD_11303803,2021-02-28,6,2,6,0,0,0,0
JD_11303799,2021-02-28,3,2,3,0,0,0,0
JD_11303798,2021-02-28,1,0,1,0,0,0,0
JD_11303794,2021-02-28,5,3,3,0,0,0,0
JD_11303792,2021-02-28,0,0,0,0,0,0,0
JD_11303791,2021-02-28,0,0,0,0,0,0,0
JD_11303788,2021-02-28,0,0,0,0,0,0,0
JD_11303785,2021-02-28,0,0,0,0,0,0,0
JD_11303783,2021-02-28,3,0,3,0,0,0,0
JD_11303782,2021-02-28,48,3,46,1,0,0,0
JD_11303781,2021-02-28,3,2,1,0,0,0,0
JD_11303780,2021-02-28,1,0,1,0,0,0,0
JD_11303778,2021-02-28,0,0,0,0,0,0,0
JD_11303777,2021-02-28,0,0,0,0,0,0,0
JD_11303774,2021-02-28,8,5,5,0,0,0,0
JD_11303773,2021-02-28,3,2,3,0,0,0,0
JD_11303772,2021-02-28,0,0,0,0,0,0,0
JD_11303770,2021-02-28,0,0,0,0,0,0,0
JD_11303767,2021-02-28,11,8,8,0,0,0,0
JD_11303766,2021-02-28,0,0,0,0,0,0,0
JD_11303765,2021-02-28,0,0,0,0,0,0,0
JD_11303764,2021-02-28,3,1,2,0,0,0,0
JD_11303763,2021-02-28,3,1,3,0,0,0,0
JD_11303761,2021-02-28,0,0,0,0,0,0,0
JD_11303760,2021-02-28,0,0,0,0,0,0,0
JD_11303757,2021-02-28,0,0,0,0,0,0,0
JD_11303756,2021-02-28,0,0,0,0,0,0,0
JD_11303754,2021-02-28,2,0,2,0,0,0,0
JD_11303753,2021-02-28,0,0,0,0,0,0,0
JD_11303752,2021-02-28,2,2,1,0,0,0,0
JD_11303751,2021-02-28,0,0,0,0,0,0,0
JD_11303750,2021-02-28,0,0,0,0,0,0,0
JD_11303749,2021-02-28,0,0,0,0,0,0,0
JD_11303747,2021-02-28,0,0,0,0,0,0,0
JD_11303746,2021-02-28,0,0,0,0,0,0,0
JD_11303745,2021-02-28,44,0,39,4,1,0,0
JD_11303744,2021-02-28,0,0,0,0,0,0,0
JD_11303743,2021-02-28,39,0,36,2,1,0,0
JD_11303742,2021-02-28,13,0,11,1,1,0,0
JD_11303741,2021-02-28,13,0,13,0,0,0,0
JD_11303739,2021-02-28,33,12,21,2,0,0,0
JD_11303738,2021-02-28,115,70,75,1,0,0,0
JD_11303737,2021-02-28,5,3,2,0,0,0,0
JD_11303736,2021-02-28,4,0,3,1,0,0,0
JD_11303735,2021-02-28,21,6,18,2,0,0,0
JD_11303734,2021-02-28,36,12,35,0,0,0,0
JD_11303733,2021-02-28,5,3,3,0,0,0,0
JD_11303732,2021-02-28,3,1,2,0,0,0,0
JD_11303730,2021-02-28,3,0,2,1,0,0,0
JD_11303728,2021-02-28,1,0,1,0,0,0,0
JD_11303727,2021-02-28,7,4,5,0,0,0,0
JD_11303723,2021-02-28,5,1,4,1,0,0,0
JD_11303722,2021-02-28,1,1,1,0,0,0,0
JD_11303720,2021-02-28,218,0,204,7,7,0,0
JD_11303719,2021-02-28,60,41,42,0,0,0,1
