JD_12487704,2021-02-28,0,0,0,0,0,0,0
JD_12487703,2021-02-28,20,18,7,0,0,0,0
JD_12487702,2021-02-28,1,1,0,0,0,0,0
JD_12487701,2021-02-28,33,29,10,0,0,0,0
JD_12487700,2021-02-28,12,11,2,0,0,0,0
JD_12487699,2021-02-28,73949,63210,10483,125,131,49,117
JD_12487697,2021-02-28,30500,26020,4373,44,63,21,46
JD_12487696,2021-02-28,24,21,3,0,0,0,0
JD_12487695,2021-02-28,24270,20569,3639,30,32,18,35
JD_12487694,2021-02-28,12,12,0,0,0,0,0
JD_12487693,2021-02-28,115,101,14,0,0,0,1
JD_12487692,2021-02-28,297,259,38,0,0,0,0
JD_12487691,2021-02-28,934,747,223,0,1,5,1
JD_12487690,2021-02-28,12,10,3,0,0,0,0
JD_12487689,2021-02-28,558,457,191,0,1,3,0
JD_12487688,2021-02-28,0,0,0,0,0,0,0
JD_12487687,2021-02-28,707,581,235,1,0,1,1
JD_12487686,2021-02-28,2,1,1,0,0,0,0
JD_12487685,2021-02-28,812,649,185,2,0,2,1
JD_12487684,2021-02-28,14,12,8,0,0,0,0
JD_12487682,2021-02-28,55,42,17,0,0,0,1
JD_12487681,2021-02-28,77,57,29,0,1,0,0
JD_12487680,2021-02-28,566,471,98,1,0,0,0
JD_12487678,2021-02-28,11,10,1,0,0,0,0
JD_12487676,2021-02-28,9,9,0,0,0,0,0
JD_12487675,2021-02-28,283,225,59,0,0,0,0
JD_12487674,2021-02-28,41,36,7,0,0,0,0
JD_12487673,2021-02-28,779,646,193,0,1,0,0
JD_12487672,2021-02-28,22,22,0,0,0,0,0
JD_12487572,2021-02-28,156,116,42,2,0,0,0
JD_12487571,2021-02-28,435,353,83,0,0,0,0
JD_12487570,2021-02-28,525,433,138,0,1,3,0
JD_12487569,2021-02-28,463,368,95,0,1,0,1
JD_12487568,2021-02-28,363,286,92,1,0,1,0
JD_12487566,2021-02-28,103,80,26,0,0,0,0
JD_12487565,2021-02-28,605,506,99,0,0,0,0
JD_12487564,2021-02-28,685,554,131,0,1,1,2
JD_12487563,2021-02-28,371,314,57,0,0,0,0
JD_12487562,2021-02-28,592,466,198,1,0,1,0
JD_12487561,2021-02-28,10,7,3,0,0,0,0
JD_12487559,2021-02-28,371,296,76,1,0,2,0
JD_12487557,2021-02-28,28,21,6,0,1,0,0
JD_12487555,2021-02-28,10,8,2,0,0,0,1
JD_12487553,2021-02-28,6,5,1,0,0,0,0
JD_12487551,2021-02-28,0,0,0,0,0,0,0
JD_12487550,2021-02-28,466,346,176,1,0,0,0
JD_12487549,2021-02-28,1,1,0,0,0,0,0
JD_12487548,2021-02-28,306,242,67,0,0,1,1
JD_12487547,2021-02-28,576,468,178,1,0,0,0
JD_12487546,2021-02-28,225,189,42,0,0,0,1
JD_12487545,2021-02-28,1461,1222,355,2,3,2,3
JD_12487544,2021-02-28,366,300,186,1,0,1,0
JD_12487543,2021-02-28,343,267,76,0,0,0,1
JD_12487542,2021-02-28,18,12,8,0,0,0,0
JD_12487541,2021-02-28,1774,1486,400,0,3,5,9
JD_12487540,2021-02-28,234,178,60,0,0,0,0
JD_12487539,2021-02-28,281,210,70,1,0,0,3
JD_12487538,2021-02-28,112,96,37,0,0,0,1
JD_12487537,2021-02-28,0,0,0,0,0,0,0
JD_12487536,2021-02-28,159,128,55,0,1,2,0
JD_12487535,2021-02-28,106,74,32,0,0,0,1
JD_12487534,2021-02-28,170,133,55,0,0,3,0
JD_12487533,2021-02-28,56,43,13,0,0,0,0
JD_12487532,2021-02-28,96,84,18,0,0,0,0
JD_12487531,2021-02-28,637,562,74,1,0,0,0
JD_12487530,2021-02-28,9,8,3,1,0,0,0
JD_12487529,2021-02-28,28,22,6,0,0,0,0
JD_12487528,2021-02-28,7,7,0,0,0,0,0
JD_12487527,2021-02-28,7,5,2,0,0,0,0
JD_12487526,2021-02-28,87,74,25,0,1,0,0
