JD_11475579,2021-02-28,18,2,17,1,0,0,0
JD_11475578,2021-02-28,1,0,1,0,0,0,0
JD_11475577,2021-02-28,263,142,255,2,3,0,4
JD_11475576,2021-02-28,76,0,68,3,5,0,0
JD_11475575,2021-02-28,22,11,16,1,0,0,0
JD_11475573,2021-02-28,14,10,6,1,0,0,0
JD_11475572,2021-02-28,50,34,24,1,0,1,0
JD_11475570,2021-02-28,15,4,14,1,0,0,0
JD_11475568,2021-02-28,17,10,9,0,0,0,0
JD_11475566,2021-02-28,7,4,6,0,0,0,0
JD_11475564,2021-02-28,11,3,10,0,0,0,0
JD_11475563,2021-02-28,34,26,24,0,0,0,0
JD_11475562,2021-02-28,8,1,6,1,0,0,0
JD_11475561,2021-02-28,292,162,216,4,4,1,1
JD_11475560,2021-02-28,6,3,4,0,0,0,0
JD_11475558,2021-02-28,3,2,3,0,0,0,0
JD_11475557,2021-02-28,0,0,0,0,0,0,0
JD_11475556,2021-02-28,0,0,0,0,0,0,0
JD_11475555,2021-02-28,1,1,0,0,0,0,0
JD_11475554,2021-02-28,21,3,20,0,0,0,0
JD_11475553,2021-02-28,21,5,18,0,1,0,0
JD_11475552,2021-02-28,0,0,0,0,0,0,0
JD_11475551,2021-02-28,0,0,0,0,0,0,0
JD_11475549,2021-02-28,24,16,10,0,0,0,0
JD_11475548,2021-02-28,39,11,32,1,1,0,0
JD_11475547,2021-02-28,1,1,0,0,0,0,0
JD_11475546,2021-02-28,0,0,0,0,0,0,0
JD_11475545,2021-02-28,0,0,0,0,0,0,0
JD_11475543,2021-02-28,0,0,0,0,0,0,0
JD_11475542,2021-02-28,3,2,2,0,0,0,0
JD_11475541,2021-02-28,17,1,15,1,0,0,0
JD_11475540,2021-02-28,15,0,15,0,0,0,0
JD_11475538,2021-02-28,0,0,0,0,0,0,0
JD_11475537,2021-02-28,2,2,0,0,0,0,0
JD_11475536,2021-02-28,13,1,11,1,0,0,0
JD_11475534,2021-02-28,15,10,7,0,0,0,0
JD_11475533,2021-02-28,4,3,3,0,0,0,0
JD_11475532,2021-02-28,1275,890,836,7,7,0,3
JD_11475531,2021-02-28,5,2,3,0,0,0,0
JD_11475530,2021-02-28,1,1,0,0,0,0,0
JD_11475529,2021-02-28,10,9,4,0,0,0,0
JD_11475528,2021-02-28,12,9,6,0,0,0,0
JD_11475527,2021-02-28,31,23,17,0,0,0,0
JD_11475526,2021-02-28,18,10,12,0,0,0,0
JD_11475525,2021-02-28,6,4,5,0,0,0,0
JD_11475524,2021-02-28,24,20,11,1,0,0,0
JD_11475523,2021-02-28,3,1,3,0,0,0,0
JD_11475522,2021-02-28,12,9,5,0,0,0,0
JD_11475521,2021-02-28,17,13,8,0,0,0,0
JD_11475520,2021-02-28,22,19,9,0,0,0,0
JD_11475519,2021-02-28,4,3,1,0,0,0,0
JD_11475518,2021-02-28,6,3,4,0,0,0,0
JD_11475517,2021-02-28,6,6,1,0,0,0,0
JD_11475516,2021-02-28,9,4,6,1,0,0,0
JD_11475515,2021-02-28,1,1,0,0,0,0,0
JD_11475514,2021-02-28,0,0,0,0,0,0,0
JD_11475513,2021-02-28,18,12,8,1,0,0,0
JD_11475512,2021-02-28,14,2,11,1,0,0,0
JD_11475511,2021-02-28,2,1,1,0,0,0,0
JD_11475510,2021-02-28,6,3,4,0,0,0,0
JD_11475509,2021-02-28,6,3,5,0,0,1,0
JD_11475508,2021-02-28,13,10,3,1,0,0,0
JD_11475507,2021-02-28,0,0,0,0,0,0,0
JD_11475506,2021-02-28,15,8,14,0,0,0,0
JD_11475505,2021-02-28,20,10,13,0,0,0,0
JD_11475504,2021-02-28,0,0,0,0,0,0,0
JD_11475503,2021-02-28,27,15,14,0,0,0,0
JD_11475502,2021-02-28,1,0,1,0,0,0,0
JD_11475501,2021-02-28,54,41,36,0,0,0,0
JD_11475500,2021-02-28,21,15,6,0,0,0,0
