JD_11413323,2021-02-28,16,11,10,0,0,0,0
JD_11413321,2021-02-28,0,0,0,0,0,0,0
JD_11413316,2021-02-28,1,1,0,0,0,0,0
JD_11413313,2021-02-28,0,0,0,0,0,0,0
JD_11413312,2021-02-28,11,0,11,0,0,0,0
JD_11413311,2021-02-28,16,12,11,1,0,0,0
JD_11413310,2021-02-28,32,20,22,0,0,0,0
JD_11413308,2021-02-28,688,509,631,2,0,3,0
JD_11413306,2021-02-28,19,14,15,1,0,0,0
JD_11413304,2021-02-28,0,0,0,0,0,0,0
JD_11413301,2021-02-28,30,12,26,0,0,0,0
JD_11413299,2021-02-28,4,3,4,0,0,0,0
JD_11413298,2021-02-28,0,0,0,0,0,0,0
JD_11413296,2021-02-28,393,272,254,5,1,0,1
JD_11413292,2021-02-28,0,0,0,0,0,0,0
JD_11413290,2021-02-28,0,0,0,0,0,0,0
JD_11413288,2021-02-28,0,0,0,0,0,0,0
JD_11413287,2021-02-28,0,0,0,0,0,0,0
JD_11413285,2021-02-28,4,0,4,0,0,0,0
JD_11413281,2021-02-28,19,14,8,1,0,0,0
JD_11413280,2021-02-28,0,0,0,0,0,0,0
JD_11413279,2021-02-28,27,10,21,1,0,0,0
JD_11413278,2021-02-28,24,14,15,0,0,0,0
JD_11413277,2021-02-28,2,2,2,0,0,0,0
JD_11413276,2021-02-28,1,0,1,0,0,0,0
JD_11413272,2021-02-28,0,0,0,0,0,0,0
JD_11413269,2021-02-28,0,0,0,0,0,0,0
JD_11413267,2021-02-28,0,0,0,0,0,0,0
JD_11413266,2021-02-28,33,22,28,0,0,0,0
JD_11413265,2021-02-28,29,12,25,0,0,0,0
JD_11413263,2021-02-28,3,0,3,0,0,0,0
JD_11413262,2021-02-28,50,16,45,0,0,0,0
JD_11413261,2021-02-28,2,0,2,0,0,0,0
JD_11413260,2021-02-28,2,1,1,0,0,0,0
JD_11413259,2021-02-28,36,22,21,0,0,0,0
JD_11413258,2021-02-28,42,32,26,0,0,0,0
JD_11413255,2021-02-28,5,3,3,0,0,0,0
JD_11413252,2021-02-28,9,4,9,0,0,0,0
JD_11413248,2021-02-28,0,0,0,0,0,0,0
JD_11413247,2021-02-28,0,0,0,0,0,0,0
JD_11413246,2021-02-28,90,60,61,0,0,0,0
JD_11413244,2021-02-28,4,1,3,0,0,0,0
JD_11413242,2021-02-28,0,0,0,0,0,0,0
JD_11413241,2021-02-28,0,0,0,0,0,0,0
JD_11413239,2021-02-28,22,12,20,0,0,0,0
JD_11413233,2021-02-28,0,0,0,0,0,0,0
JD_11413232,2021-02-28,0,0,0,0,0,0,0
JD_11413231,2021-02-28,5,2,4,0,0,0,0
JD_11413230,2021-02-28,3,3,1,0,0,0,0
JD_11413229,2021-02-28,127,83,85,1,0,0,1
JD_11413227,2021-02-28,18,9,17,0,1,0,0
JD_11413225,2021-02-28,294,3,282,10,2,0,2
JD_11413222,2021-02-28,0,0,0,0,0,0,0
JD_11413220,2021-02-28,0,0,0,0,0,0,0
JD_11413219,2021-02-28,50,5,47,3,0,0,0
JD_11413218,2021-02-28,3,1,2,1,0,0,0
JD_11413216,2021-02-28,6,3,5,0,0,0,0
JD_11413215,2021-02-28,0,0,0,0,0,0,0
JD_11413212,2021-02-28,0,0,0,0,0,0,0
JD_11413211,2021-02-28,0,0,0,0,0,0,0
JD_11413209,2021-02-28,0,0,0,0,0,0,0
JD_11413207,2021-02-28,1,0,0,1,0,0,0
JD_11413205,2021-02-28,80,6,59,15,5,0,0
JD_11413203,2021-02-28,385,305,169,1,0,0,0
JD_11413202,2021-02-28,5,3,2,0,0,0,0
JD_11413201,2021-02-28,1,1,0,0,0,0,0
JD_11413199,2021-02-28,3,3,1,0,0,0,0
JD_11413198,2021-02-28,5,2,5,0,0,0,0
JD_11413197,2021-02-28,3,2,2,0,0,0,0
JD_11413196,2021-02-28,5,5,3,0,0,0,0
