JD_11442360,2021-02-28,3,0,3,0,0,0,0
JD_11442359,2021-02-28,2,0,2,0,0,0,0
JD_11442358,2021-02-28,67,4,63,3,1,0,1
JD_11442357,2021-02-28,1,0,1,0,0,0,0
JD_11442356,2021-02-28,16,8,12,1,0,0,0
JD_11442355,2021-02-28,57,5,55,2,0,0,0
JD_11442354,2021-02-28,14,0,12,1,1,0,0
JD_11442353,2021-02-28,6,5,1,0,0,0,0
JD_11442352,2021-02-28,8,1,8,0,0,0,0
JD_11442351,2021-02-28,37,11,31,1,0,0,0
JD_11442350,2021-02-28,10,3,9,0,1,0,0
JD_11442349,2021-02-28,22,3,22,0,0,0,0
JD_11442347,2021-02-28,4,1,3,0,0,0,0
JD_11442346,2021-02-28,3,0,2,1,0,0,0
JD_11442345,2021-02-28,6,3,4,0,0,0,0
JD_11442344,2021-02-28,41,6,40,0,1,0,0
JD_11442343,2021-02-28,0,0,0,0,0,0,0
JD_11442342,2021-02-28,4,1,2,1,0,0,0
JD_11442341,2021-02-28,4,1,3,0,0,0,0
JD_11442340,2021-02-28,3,1,3,0,0,0,0
JD_11442339,2021-02-28,2,1,0,1,0,0,0
JD_11442338,2021-02-28,3,1,2,1,0,0,0
JD_11442337,2021-02-28,5,1,3,1,0,0,0
JD_11442336,2021-02-28,2,1,1,0,0,0,0
JD_11442335,2021-02-28,2,0,2,0,0,0,0
JD_11442334,2021-02-28,1,1,0,0,0,0,0
JD_11442333,2021-02-28,23,12,17,0,0,0,0
JD_11442332,2021-02-28,6,2,5,0,0,0,0
JD_11442331,2021-02-28,11,8,6,0,0,0,0
JD_11442329,2021-02-28,0,0,0,0,0,0,0
JD_11442328,2021-02-28,7,2,6,0,0,0,0
JD_11442327,2021-02-28,10,1,9,0,0,0,0
JD_11442326,2021-02-28,2,2,1,0,0,0,0
JD_11442325,2021-02-28,0,0,0,0,0,0,0
JD_11442324,2021-02-28,5,2,5,0,0,0,0
JD_11442323,2021-02-28,0,0,0,0,0,0,0
JD_11442321,2021-02-28,367,109,295,6,3,0,1
JD_11442320,2021-02-28,13,3,12,1,0,0,0
JD_11442318,2021-02-28,3,2,2,0,0,0,0
JD_11442316,2021-02-28,16,10,12,0,0,0,0
JD_11442315,2021-02-28,20,3,19,0,1,0,0
JD_11442314,2021-02-28,424,279,282,3,1,0,2
JD_11442313,2021-02-28,57,34,40,0,0,0,0
JD_11442312,2021-02-28,4,3,2,0,0,0,0
JD_11442311,2021-02-28,51,27,43,2,0,0,0
JD_11442310,2021-02-28,105,78,64,0,0,0,0
JD_11442308,2021-02-28,144,102,76,0,0,0,0
JD_11442307,2021-02-28,1,1,0,0,0,0,0
JD_11442306,2021-02-28,3,1,3,0,0,0,0
JD_11442304,2021-02-28,15,1,14,1,0,0,0
JD_11442302,2021-02-28,2359,1763,934,23,9,1,3
JD_11442301,2021-02-28,15,5,14,1,0,0,0
JD_11442299,2021-02-28,48,19,42,1,0,0,1
JD_11442298,2021-02-28,24,9,24,0,0,0,1
JD_11442295,2021-02-28,6,0,6,0,0,0,0
JD_11442294,2021-02-28,128,94,70,1,1,0,1
JD_11442293,2021-02-28,52,33,28,0,0,0,0
JD_11442292,2021-02-28,36,3,33,0,0,0,0
JD_11442291,2021-02-28,11,10,4,0,0,0,0
JD_11442289,2021-02-28,1,0,1,0,0,0,0
JD_11442288,2021-02-28,4,2,2,0,0,0,0
JD_11442286,2021-02-28,57,41,24,2,0,0,0
JD_11442285,2021-02-28,66,41,36,0,0,0,0
JD_11442284,2021-02-28,52,1,50,1,1,0,0
JD_11442283,2021-02-28,143,18,138,3,2,0,0
JD_11442282,2021-02-28,57,36,42,0,0,0,0
JD_11442281,2021-02-28,36,4,34,1,0,0,0
JD_11442280,2021-02-28,20,10,17,0,0,0,0
JD_11442278,2021-02-28,26,8,19,0,1,0,0
JD_11442277,2021-02-28,49,28,31,0,0,0,0
