JD_11439987,2021-02-28,7,1,7,0,0,0,0
JD_11439986,2021-02-28,13,7,8,1,0,0,0
JD_11439985,2021-02-28,65,45,43,0,0,0,0
JD_11439984,2021-02-28,4,2,2,0,0,0,0
JD_11439983,2021-02-28,16,0,14,2,0,0,0
JD_11439982,2021-02-28,14,8,10,0,0,0,0
JD_11439981,2021-02-28,25,7,25,0,0,0,0
JD_11439980,2021-02-28,2,0,2,0,0,0,0
JD_11439978,2021-02-28,3,2,2,0,0,0,0
JD_11439977,2021-02-28,53,31,32,0,0,0,2
JD_11439976,2021-02-28,2,1,1,0,0,0,0
JD_11439975,2021-02-28,66,37,42,0,0,0,0
JD_11439974,2021-02-28,106,65,78,3,2,0,0
JD_11439973,2021-02-28,53,28,43,1,0,0,0
JD_11439972,2021-02-28,61,41,34,0,0,0,0
JD_11439971,2021-02-28,18,7,11,0,0,0,0
JD_11439970,2021-02-28,1681,1084,1117,9,2,2,2
JD_11439969,2021-02-28,40,22,28,0,0,0,0
JD_11439968,2021-02-28,24,13,20,0,0,0,0
JD_11439967,2021-02-28,34,20,23,2,0,0,0
JD_11439966,2021-02-28,18,8,15,0,0,0,0
JD_11439962,2021-02-28,854,573,521,6,2,0,4
JD_11439961,2021-02-28,94,57,57,0,1,0,0
JD_11439960,2021-02-28,6,5,4,0,0,0,0
JD_11439959,2021-02-28,102,61,77,0,0,0,0
JD_11439958,2021-02-28,21,10,15,0,0,0,0
JD_11439957,2021-02-28,90,54,52,1,1,0,0
JD_11439956,2021-02-28,101,62,57,0,0,0,0
JD_11439955,2021-02-28,96,68,58,0,0,0,1
JD_11439954,2021-02-28,8,5,4,0,0,0,0
JD_11439953,2021-02-28,86,52,55,0,0,0,0
JD_11439952,2021-02-28,18,7,12,1,1,0,0
JD_11439951,2021-02-28,30,25,14,0,0,0,0
JD_11439949,2021-02-28,3,2,1,0,0,0,0
JD_11439947,2021-02-28,48,24,35,1,0,0,1
JD_11439946,2021-02-28,63,47,33,0,0,0,0
JD_11439945,2021-02-28,34,0,32,1,1,0,0
JD_11439944,2021-02-28,24,11,16,0,0,0,0
JD_11439943,2021-02-28,12,2,9,1,0,0,0
JD_11439941,2021-02-28,28,0,26,0,2,0,0
JD_11439940,2021-02-28,18,0,18,0,0,0,0
JD_11439938,2021-02-28,19,0,17,2,0,0,0
JD_11439935,2021-02-28,242,0,227,8,7,0,0
JD_11439934,2021-02-28,20,0,20,0,0,0,0
JD_11439932,2021-02-28,18,7,15,0,0,0,0
JD_11439931,2021-02-28,18,6,15,0,0,0,0
JD_11439930,2021-02-28,19,8,16,0,0,0,0
JD_11439929,2021-02-28,4503,494,4308,116,61,0,5
JD_11439928,2021-02-28,24,7,20,1,0,0,0
JD_11439927,2021-02-28,17,7,14,0,0,0,0
JD_11439926,2021-02-28,21,11,16,0,0,0,0
JD_11439925,2021-02-28,17,7,13,0,0,0,0
JD_11439924,2021-02-28,17,7,12,0,0,0,0
JD_11439923,2021-02-28,20,7,15,1,0,0,0
JD_11439922,2021-02-28,22,10,14,1,0,0,1
JD_11439921,2021-02-28,5,4,4,0,0,0,0
JD_11439919,2021-02-28,17,6,12,0,0,0,0
JD_11439918,2021-02-28,2,1,1,0,0,0,0
JD_11439917,2021-02-28,7,6,2,0,0,0,0
JD_11439916,2021-02-28,5,4,2,0,0,0,0
JD_11439915,2021-02-28,8,8,0,0,0,0,0
JD_11439914,2021-02-28,25,21,11,0,0,0,0
JD_11439913,2021-02-28,0,0,0,0,0,0,0
JD_11439912,2021-02-28,37,28,17,0,0,0,0
JD_11439911,2021-02-28,12,10,10,0,0,0,0
JD_11439910,2021-02-28,5,4,1,0,0,0,0
JD_11439909,2021-02-28,4,3,1,0,0,0,0
JD_11439908,2021-02-28,27,21,11,0,0,0,0
JD_11439907,2021-02-28,12,9,3,0,0,0,0
JD_11439906,2021-02-28,23,19,17,0,0,0,0
