JD_12514794,2021-02-28,502,411,97,1,0,0,0
JD_12514793,2021-02-28,8,4,3,0,1,0,0
JD_12514792,2021-02-28,199,169,44,0,0,0,1
JD_12514791,2021-02-28,380,291,84,5,0,1,2
JD_12514790,2021-02-28,2079,1695,402,1,1,0,11
JD_12514789,2021-02-28,138,117,21,0,0,0,0
JD_12514788,2021-02-28,106,99,19,0,0,0,0
JD_12514787,2021-02-28,0,0,0,0,0,0,0
JD_12514786,2021-02-28,0,0,0,0,0,0,0
JD_12514785,2021-02-28,146,130,16,0,0,0,1
JD_12514784,2021-02-28,1458,1268,198,2,0,2,1
JD_12514783,2021-02-28,255,232,22,1,0,0,0
JD_12514782,2021-02-28,1,0,1,0,0,0,0
JD_12514781,2021-02-28,6,5,1,0,0,0,0
JD_12514780,2021-02-28,27,23,6,0,0,0,0
JD_12514779,2021-02-28,110,94,16,0,0,0,1
JD_12514778,2021-02-28,46,44,4,0,0,0,0
JD_12514777,2021-02-28,60,55,5,0,0,0,0
JD_12514776,2021-02-28,34,32,2,0,0,0,0
JD_12514775,2021-02-28,29,27,2,0,0,0,0
JD_12514774,2021-02-28,816,669,191,2,2,1,3
JD_12514773,2021-02-28,4214,3635,567,10,2,3,4
JD_12514772,2021-02-28,5,5,1,0,0,0,0
JD_12514771,2021-02-28,220,192,28,0,0,0,0
JD_12514770,2021-02-28,1,1,0,0,0,0,0
JD_12514769,2021-02-28,10,8,2,0,0,0,0
JD_12514768,2021-02-28,2,2,0,0,0,0,0
JD_12514767,2021-02-28,602,508,93,0,1,1,0
JD_12514766,2021-02-28,446,376,75,0,0,0,0
JD_12514765,2021-02-28,17,13,4,0,0,0,0
JD_12514764,2021-02-28,1569,1311,342,2,1,3,3
JD_12514763,2021-02-28,1,1,0,0,0,0,0
JD_12514762,2021-02-28,9,7,2,0,0,0,1
JD_12514761,2021-02-28,50,41,8,0,1,0,0
JD_12514760,2021-02-28,17,13,4,0,0,0,0
JD_12514759,2021-02-28,17,13,4,0,0,0,0
JD_12514758,2021-02-28,2,1,1,0,0,0,0
JD_12514757,2021-02-28,292,246,43,0,3,1,0
JD_12514756,2021-02-28,6,5,1,0,0,0,0
JD_12514755,2021-02-28,3,3,0,0,0,0,0
JD_12514754,2021-02-28,0,0,0,0,0,0,0
JD_12514753,2021-02-28,1,1,0,0,0,0,0
JD_12514752,2021-02-28,14,12,2,0,0,0,0
JD_12514751,2021-02-28,170,143,24,1,2,0,0
JD_12514750,2021-02-28,6,5,1,0,0,0,0
JD_12514749,2021-02-28,3,3,0,0,0,0,0
JD_12514748,2021-02-28,0,0,0,0,0,0,0
JD_12514747,2021-02-28,3,3,0,0,0,0,0
JD_12514746,2021-02-28,23,21,2,0,0,0,0
JD_12514745,2021-02-28,102,93,9,0,0,0,1
JD_12514744,2021-02-28,215,169,46,0,0,1,0
JD_12514743,2021-02-28,7,6,1,0,0,0,0
JD_12514742,2021-02-28,47,43,4,0,0,0,0
JD_12514741,2021-02-28,4,3,1,0,0,0,0
JD_12514740,2021-02-28,4,4,0,0,0,0,0
JD_12514739,2021-02-28,22,16,6,0,0,0,1
JD_12514738,2021-02-28,2,2,1,0,0,0,0
JD_12514737,2021-02-28,21,15,6,0,0,0,0
JD_12514736,2021-02-28,208,176,31,0,1,1,0
JD_12514735,2021-02-28,4,1,3,0,0,0,0
JD_12514734,2021-02-28,2,1,1,0,0,0,1
JD_12514733,2021-02-28,315,249,65,0,1,0,1
JD_12514732,2021-02-28,82,69,13,0,0,0,0
JD_12514731,2021-02-28,32,27,5,0,0,0,1
JD_12514730,2021-02-28,48,34,14,0,0,0,0
JD_12514729,2021-02-28,0,0,0,0,0,0,0
JD_12514728,2021-02-28,25,19,6,0,0,0,0
JD_12514727,2021-02-28,1,1,0,0,0,0,0
JD_12514726,2021-02-28,2,2,0,0,0,0,0
JD_12514725,2021-02-28,1,1,0,0,0,0,0
