JD_11409837,2021-02-28,617,482,390,3,1,0,1
JD_11409834,2021-02-28,104,83,68,0,0,0,0
JD_11409833,2021-02-28,9,0,9,0,0,0,0
JD_11409828,2021-02-28,6,4,4,0,0,0,0
JD_11409826,2021-02-28,30,2,27,2,1,0,0
JD_11409824,2021-02-28,0,0,0,0,0,0,0
JD_11409823,2021-02-28,8,7,5,0,0,0,0
JD_11409822,2021-02-28,8,4,5,0,0,0,0
JD_11409821,2021-02-28,36,26,20,0,0,0,0
JD_11409820,2021-02-28,29,1,27,0,2,0,0
JD_11409815,2021-02-28,39,22,32,0,0,0,0
JD_11409814,2021-02-28,904,625,519,4,3,1,0
JD_11409813,2021-02-28,0,0,0,0,0,0,0
JD_11409812,2021-02-28,21,0,20,1,0,0,0
JD_11409811,2021-02-28,277,0,253,12,12,0,0
JD_11409810,2021-02-28,8,0,5,1,2,0,0
JD_11409809,2021-02-28,24,0,20,3,1,0,0
JD_11409808,2021-02-28,614,487,428,0,0,1,0
JD_11409807,2021-02-28,983,793,789,0,1,3,2
JD_11409806,2021-02-28,32,25,12,0,0,0,0
JD_11409805,2021-02-28,6,5,4,0,0,0,0
JD_11409804,2021-02-28,4,0,4,0,0,0,0
JD_11409803,2021-02-28,1370,1106,1182,2,1,4,2
JD_11409802,2021-02-28,1247,1019,1221,4,0,5,2
JD_11409800,2021-02-28,25,11,25,0,0,0,0
JD_11409799,2021-02-28,11,8,6,0,0,0,0
JD_11409798,2021-02-28,7,7,2,0,0,0,0
JD_11409797,2021-02-28,31,20,17,0,1,0,0
JD_11409796,2021-02-28,9,7,3,0,0,0,0
JD_11409794,2021-02-28,7,5,4,0,0,0,0
JD_11409793,2021-02-28,133,19,126,2,1,0,0
JD_11409792,2021-02-28,1,0,1,0,0,0,0
JD_11409791,2021-02-28,112,85,82,0,0,0,1
JD_11409788,2021-02-28,15,11,7,0,0,0,0
JD_11409787,2021-02-28,13,11,5,0,0,0,0
JD_11409786,2021-02-28,161,68,143,3,0,1,0
JD_11409785,2021-02-28,0,0,0,0,0,0,0
JD_11409784,2021-02-28,405,183,348,5,5,0,1
JD_11409783,2021-02-28,70,16,64,1,2,0,0
JD_11409781,2021-02-28,32,7,31,1,0,0,0
JD_11409780,2021-02-28,9,5,7,0,0,0,0
JD_11409779,2021-02-28,30,0,30,0,0,0,0
JD_11409778,2021-02-28,719,493,436,5,2,0,0
JD_11409776,2021-02-28,1,0,1,0,0,0,0
JD_11409775,2021-02-28,5,0,5,0,0,0,0
JD_11409773,2021-02-28,6,0,5,1,0,0,0
JD_11409772,2021-02-28,5,0,5,0,0,0,0
JD_11409769,2021-02-28,76,23,73,1,1,0,0
JD_11409768,2021-02-28,47,0,45,2,0,0,0
JD_11409766,2021-02-28,14,13,9,0,0,0,0
JD_11409765,2021-02-28,23,14,11,0,0,0,0
JD_11409764,2021-02-28,29,19,18,0,0,0,0
JD_11409763,2021-02-28,10,6,7,0,0,0,0
JD_11409762,2021-02-28,1,1,1,0,0,0,0
JD_11409761,2021-02-28,22,15,16,0,0,0,0
JD_11409760,2021-02-28,85,47,59,0,0,2,0
JD_11409759,2021-02-28,6,0,6,0,0,0,0
JD_11409758,2021-02-28,7,7,1,0,0,0,0
JD_11409757,2021-02-28,20,14,12,0,0,0,0
JD_11409756,2021-02-28,7,5,6,0,0,0,0
JD_11409755,2021-02-28,97,64,66,0,0,0,0
JD_11409754,2021-02-28,4,3,2,0,0,0,0
JD_11409753,2021-02-28,4,1,4,0,0,0,0
JD_11409752,2021-02-28,9,8,3,0,0,0,0
JD_11409749,2021-02-28,15,10,11,0,0,0,0
JD_11409748,2021-02-28,29,18,18,1,0,0,0
JD_11409747,2021-02-28,0,0,0,0,0,0,0
JD_11409746,2021-02-28,3,3,0,0,0,0,0
JD_11409745,2021-02-28,0,0,0,0,0,0,0
JD_11409742,2021-02-28,0,0,0,0,0,0,0
