JD_11587102,2021-02-28,0,0,0,0,0,0,0
JD_11587101,2021-02-28,16,8,11,0,0,0,0
JD_11587100,2021-02-28,2,0,2,0,0,0,0
JD_11587098,2021-02-28,0,0,0,0,0,0,0
JD_11587097,2021-02-28,0,0,0,0,0,0,0
JD_11587096,2021-02-28,11,3,11,0,0,0,0
JD_11587095,2021-02-28,7,2,6,0,0,0,0
JD_11587094,2021-02-28,4,2,3,0,0,0,0
JD_11587093,2021-02-28,0,0,0,0,0,0,0
JD_11587092,2021-02-28,0,0,0,0,0,0,0
JD_11587091,2021-02-28,0,0,0,0,0,0,0
JD_11587089,2021-02-28,236,189,100,0,0,0,0
JD_11587088,2021-02-28,0,0,0,0,0,0,0
JD_11587087,2021-02-28,6,6,4,0,0,0,0
JD_11587086,2021-02-28,0,0,0,0,0,0,0
JD_11587085,2021-02-28,0,0,0,0,0,0,0
JD_11587084,2021-02-28,0,0,0,0,0,0,0
JD_11587083,2021-02-28,16,5,15,0,0,0,0
JD_11587082,2021-02-28,0,0,0,0,0,0,0
JD_11587081,2021-02-28,0,0,0,0,0,0,0
JD_11587079,2021-02-28,37,29,10,1,0,0,0
JD_11587078,2021-02-28,0,0,0,0,0,0,0
JD_11587077,2021-02-28,6,3,6,0,0,0,0
JD_11587076,2021-02-28,0,0,0,0,0,0,0
JD_11587075,2021-02-28,0,0,0,0,0,0,0
JD_11587074,2021-02-28,0,0,0,0,0,0,0
JD_11587073,2021-02-28,154,92,96,0,0,0,0
JD_11587072,2021-02-28,1,0,1,0,0,0,0
JD_11587071,2021-02-28,0,0,0,0,0,0,0
JD_11587070,2021-02-28,1,0,1,0,0,0,0
JD_11587069,2021-02-28,2,1,1,0,0,0,0
JD_11587064,2021-02-28,7,1,5,1,0,0,0
JD_11587060,2021-02-28,1,1,1,0,0,0,0
JD_11587059,2021-02-28,69,56,59,0,0,0,0
JD_11587058,2021-02-28,119,96,74,0,0,1,0
JD_11587057,2021-02-28,113,84,88,0,0,0,0
JD_11587056,2021-02-28,179,144,165,0,0,0,0
JD_11587054,2021-02-28,177,136,159,0,0,0,0
JD_11587050,2021-02-28,2212,1679,1700,2,1,2,3
JD_11587049,2021-02-28,4172,974,3895,31,18,0,3
JD_11586734,2021-02-28,1,1,1,0,0,0,0
JD_11586732,2021-02-28,0,0,0,0,0,0,0
JD_11586731,2021-02-28,130,90,130,0,0,0,1
JD_11586730,2021-02-28,195,151,63,0,0,0,0
JD_11586727,2021-02-28,16550,10912,9302,75,25,27,19
JD_11586726,2021-02-28,102,66,49,0,0,0,0
JD_11586725,2021-02-28,26257,15052,21171,53,19,38,74
JD_11586723,2021-02-28,116,75,74,0,0,0,0
JD_11586722,2021-02-28,154,12,152,0,0,0,1
JD_11586721,2021-02-28,87,10,83,0,1,0,0
JD_11586719,2021-02-28,172,128,83,0,0,0,1
JD_11586718,2021-02-28,188,147,59,0,0,0,0
JD_11586717,2021-02-28,13,0,13,0,0,0,0
JD_11586715,2021-02-28,3,0,3,0,0,0,0
JD_11586714,2021-02-28,158,117,51,0,0,0,0
JD_11586713,2021-02-28,48,26,29,0,0,0,0
JD_11586711,2021-02-28,12,0,11,1,0,0,0
JD_11586710,2021-02-28,1,0,0,1,0,0,0
JD_11586709,2021-02-28,8,0,8,0,0,0,0
JD_11586708,2021-02-28,10,0,9,0,1,0,0
JD_11586707,2021-02-28,3,2,3,0,0,0,0
JD_11586706,2021-02-28,2,2,1,0,0,0,0
JD_11586705,2021-02-28,3,0,3,0,0,0,0
JD_11586703,2021-02-28,11,0,11,0,0,0,0
JD_11586702,2021-02-28,3,0,3,0,0,0,0
JD_11586701,2021-02-28,3,0,3,0,0,0,0
JD_11586700,2021-02-28,5,0,5,0,0,0,0
JD_11586699,2021-02-28,2,0,1,1,0,0,0
JD_11586698,2021-02-28,4,0,4,0,0,0,0
JD_11586697,2021-02-28,6,1,6,0,0,0,0
