JD_11318744,2021-02-28,2,2,0,0,0,0,0
JD_11318743,2021-02-28,2,2,0,0,0,0,0
JD_11318741,2021-02-28,11,1,9,1,0,0,0
JD_11318740,2021-02-28,13,3,13,0,0,0,0
JD_11318739,2021-02-28,0,0,0,0,0,0,0
JD_11318737,2021-02-28,0,0,0,0,0,0,0
JD_11318736,2021-02-28,3,3,0,0,0,0,0
JD_11318735,2021-02-28,2,0,2,0,0,0,0
JD_11318734,2021-02-28,1,0,1,0,0,0,0
JD_11318729,2021-02-28,0,0,0,0,0,0,0
JD_11318728,2021-02-28,13,3,10,1,0,0,0
JD_11318727,2021-02-28,32,25,18,1,0,0,1
JD_11318724,2021-02-28,0,0,0,0,0,0,0
JD_11318719,2021-02-28,0,0,0,0,0,0,0
JD_11318716,2021-02-28,7,6,5,0,0,0,0
JD_11318715,2021-02-28,23,3,22,0,1,0,0
JD_11318714,2021-02-28,163,0,157,3,3,0,0
JD_11318713,2021-02-28,536,356,327,0,2,1,0
JD_11318712,2021-02-28,347,232,176,0,1,0,2
JD_11318711,2021-02-28,0,0,0,0,0,0,0
JD_11318710,2021-02-28,11,8,6,1,0,0,0
JD_11318707,2021-02-28,66,2,66,0,0,0,1
JD_11318706,2021-02-28,34,3,33,0,1,0,0
JD_11318705,2021-02-28,45,0,43,1,1,0,0
JD_11318704,2021-02-28,54,9,45,0,0,0,0
JD_11318703,2021-02-28,81,0,81,0,0,0,0
JD_11318702,2021-02-28,78,24,77,0,0,0,1
JD_11318700,2021-02-28,17,5,13,0,0,0,0
JD_11318698,2021-02-28,111,20,108,3,0,0,1
JD_11318697,2021-02-28,271,4,250,16,4,0,0
JD_11318696,2021-02-28,6,4,2,1,0,0,0
JD_11318695,2021-02-28,31,23,14,0,1,0,0
JD_11318693,2021-02-28,0,0,0,0,0,0,0
JD_11318690,2021-02-28,4,2,3,0,0,0,0
JD_11318689,2021-02-28,4,3,2,0,0,0,0
JD_11318686,2021-02-28,4,0,4,0,0,0,0
JD_11318685,2021-02-28,13,5,13,0,0,0,0
JD_11318684,2021-02-28,4,3,3,0,0,0,0
JD_11318683,2021-02-28,2,1,2,0,0,0,0
JD_11318678,2021-02-28,7,1,7,0,0,0,0
JD_11318676,2021-02-28,9,4,7,0,0,0,0
JD_11318675,2021-02-28,2,1,1,0,0,0,0
JD_11318673,2021-02-28,38,15,36,0,0,0,0
JD_11318672,2021-02-28,24,17,12,1,1,0,0
JD_11318671,2021-02-28,20,7,16,2,0,0,0
JD_11318669,2021-02-28,2,0,2,0,0,0,0
JD_11318667,2021-02-28,139,17,126,7,6,0,0
JD_11318663,2021-02-28,22,2,19,0,1,0,0
JD_11318662,2021-02-28,32,4,30,1,0,0,0
JD_11318661,2021-02-28,23,1,21,2,0,0,0
JD_11318656,2021-02-28,0,0,0,0,0,0,0
JD_11318651,2021-02-28,39,13,37,1,0,0,0
JD_11318650,2021-02-28,55,32,38,1,0,0,0
JD_11318649,2021-02-28,278,189,178,2,0,0,0
JD_11318644,2021-02-28,11,4,7,0,0,0,0
JD_11318636,2021-02-28,181,138,117,0,0,0,0
JD_11318635,2021-02-28,31,11,22,1,1,0,0
JD_11318632,2021-02-28,51,15,49,2,0,0,0
JD_11318631,2021-02-28,16,13,11,0,0,0,0
JD_11318630,2021-02-28,0,0,0,0,0,0,0
JD_11318629,2021-02-28,25,18,20,0,0,0,0
JD_11318628,2021-02-28,132,79,104,1,0,0,0
JD_11318624,2021-02-28,15,10,9,1,0,0,0
JD_11318620,2021-02-28,30,12,29,1,0,0,0
JD_11318619,2021-02-28,217,175,87,0,0,0,0
JD_11318618,2021-02-28,0,0,0,0,0,0,0
JD_11318617,2021-02-28,330,201,272,0,0,0,2
JD_11318616,2021-02-28,256,163,239,0,0,0,0
JD_11318615,2021-02-28,1928,1430,1667,5,0,7,3
JD_11318612,2021-02-28,183,126,144,0,0,0,0
