JD_11468480,2021-02-28,1,0,1,0,0,0,0
JD_11468478,2021-02-28,4,3,2,0,0,0,0
JD_11468477,2021-02-28,3,1,3,0,0,0,0
JD_11468476,2021-02-28,4,3,4,0,0,0,0
JD_11468474,2021-02-28,0,0,0,0,0,0,0
JD_11468473,2021-02-28,0,0,0,0,0,0,0
JD_11468472,2021-02-28,0,0,0,0,0,0,0
JD_11468469,2021-02-28,4,1,2,0,1,0,0
JD_11468468,2021-02-28,14,10,9,0,0,0,0
JD_11468467,2021-02-28,0,0,0,0,0,0,0
JD_11468464,2021-02-28,0,0,0,0,0,0,0
JD_11468461,2021-02-28,0,0,0,0,0,0,0
JD_11468460,2021-02-28,0,0,0,0,0,0,0
JD_11468459,2021-02-28,0,0,0,0,0,0,0
JD_11468457,2021-02-28,0,0,0,0,0,0,0
JD_11468454,2021-02-28,0,0,0,0,0,0,0
JD_11468453,2021-02-28,13,10,10,0,0,0,0
JD_11468452,2021-02-28,0,0,0,0,0,0,0
JD_11468451,2021-02-28,4,3,1,0,0,0,0
JD_11468450,2021-02-28,0,0,0,0,0,0,0
JD_11468449,2021-02-28,24,17,11,0,0,0,0
JD_11468448,2021-02-28,0,0,0,0,0,0,0
JD_11468447,2021-02-28,2,1,2,0,0,0,0
JD_11468446,2021-02-28,1,1,1,0,0,0,0
JD_11468445,2021-02-28,0,0,0,0,0,0,0
JD_11468444,2021-02-28,0,0,0,0,0,0,0
JD_11468441,2021-02-28,0,0,0,0,0,0,0
JD_11468436,2021-02-28,2,0,1,0,1,0,0
JD_11468435,2021-02-28,4,2,2,0,0,0,0
JD_11468434,2021-02-28,0,0,0,0,0,0,0
JD_11468433,2021-02-28,5,4,3,0,0,0,0
JD_11468432,2021-02-28,8,6,4,0,0,0,0
JD_11468431,2021-02-28,4,4,1,0,0,0,0
JD_11468430,2021-02-28,1,1,1,0,0,0,0
JD_11468429,2021-02-28,0,0,0,0,0,0,0
JD_11468428,2021-02-28,1,1,1,0,0,0,0
JD_11468427,2021-02-28,1,1,1,0,0,0,0
JD_11468426,2021-02-28,0,0,0,0,0,0,0
JD_11468423,2021-02-28,3,3,2,0,0,0,0
JD_11468422,2021-02-28,0,0,0,0,0,0,0
JD_11468418,2021-02-28,2,2,0,0,0,0,0
JD_11468414,2021-02-28,1,0,1,0,0,0,0
JD_11468413,2021-02-28,0,0,0,0,0,0,0
JD_11468412,2021-02-28,1,0,1,0,0,0,0
JD_11468410,2021-02-28,16,11,6,0,1,0,0
JD_11468407,2021-02-28,47,28,27,0,0,0,0
JD_11468406,2021-02-28,0,0,0,0,0,0,0
JD_11468405,2021-02-28,19,10,15,0,0,0,0
JD_11468404,2021-02-28,9,2,9,0,0,0,0
JD_11468403,2021-02-28,0,0,0,0,0,0,0
JD_11468399,2021-02-28,0,0,0,0,0,0,0
JD_11468398,2021-02-28,9,5,6,0,0,0,0
JD_11468397,2021-02-28,11,8,6,0,0,0,0
JD_11468396,2021-02-28,5,3,5,0,0,0,0
JD_11468395,2021-02-28,4,0,3,1,0,0,0
JD_11468393,2021-02-28,1,1,0,0,0,0,0
JD_11468390,2021-02-28,1,1,0,0,0,0,0
JD_11468387,2021-02-28,0,0,0,0,0,0,0
JD_11468386,2021-02-28,202,141,110,1,0,1,1
JD_11468385,2021-02-28,281,213,162,0,0,0,0
JD_11468384,2021-02-28,0,0,0,0,0,0,0
JD_11468383,2021-02-28,1677,644,1435,9,3,0,4
JD_11468382,2021-02-28,0,0,0,0,0,0,0
JD_11468381,2021-02-28,0,0,0,0,0,0,0
JD_11468380,2021-02-28,51,35,30,3,0,0,0
JD_11468379,2021-02-28,2,1,1,0,0,0,0
JD_11468378,2021-02-28,2,2,2,0,0,0,0
JD_11468377,2021-02-28,1,0,1,0,0,0,0
JD_11468376,2021-02-28,5,4,5,0,0,0,0
JD_11468375,2021-02-28,4,4,3,0,0,0,0
