JD_11421838,2021-02-28,12,0,12,0,0,0,0
JD_11421837,2021-02-28,38,18,34,0,0,0,0
JD_11421836,2021-02-28,23,0,20,2,1,0,0
JD_11421835,2021-02-28,52,10,48,3,0,0,0
JD_11421834,2021-02-28,37,6,33,2,1,0,0
JD_11421833,2021-02-28,804,251,737,9,3,0,5
JD_11421832,2021-02-28,123,21,122,1,0,0,0
JD_11421831,2021-02-28,9,3,9,0,0,0,0
JD_11421830,2021-02-28,4,0,3,0,1,0,0
JD_11421828,2021-02-28,14,2,12,0,1,0,0
JD_11421827,2021-02-28,32,13,31,0,0,0,0
JD_11421824,2021-02-28,36,14,28,0,0,0,0
JD_11421819,2021-02-28,3,3,3,0,0,0,0
JD_11421811,2021-02-28,26,11,24,0,0,0,0
JD_11421810,2021-02-28,1478,364,1413,14,8,0,1
JD_11421808,2021-02-28,3,1,2,0,0,0,0
JD_11421806,2021-02-28,19,11,11,1,0,0,0
JD_11421805,2021-02-28,9,1,8,0,0,0,0
JD_11421804,2021-02-28,0,0,0,0,0,0,0
JD_11421802,2021-02-28,3,1,3,0,0,0,0
JD_11421799,2021-02-28,3,1,3,0,0,0,0
JD_11421797,2021-02-28,40,21,37,1,0,0,0
JD_11421796,2021-02-28,82,23,83,0,0,0,0
JD_11421793,2021-02-28,7,3,4,0,0,0,0
JD_11421790,2021-02-28,1359,446,1047,13,7,1,3
JD_11421778,2021-02-28,4,3,4,0,0,0,0
JD_11421777,2021-02-28,3,1,2,0,0,0,0
JD_11421775,2021-02-28,6,4,4,0,0,0,0
JD_11421773,2021-02-28,26,22,10,0,0,0,0
JD_11421772,2021-02-28,2,1,1,0,0,0,0
JD_11421771,2021-02-28,10,4,7,0,0,0,0
JD_11421770,2021-02-28,3,3,0,0,0,0,0
JD_11421769,2021-02-28,86,44,84,0,0,0,0
JD_11421768,2021-02-28,3,1,3,0,0,0,0
JD_11421767,2021-02-28,1,1,1,0,0,0,0
JD_11421766,2021-02-28,6,5,3,0,0,0,0
JD_11421765,2021-02-28,522,0,499,18,5,0,0
JD_11421764,2021-02-28,3,1,2,0,0,0,0
JD_11421763,2021-02-28,8,7,4,0,0,0,0
JD_11421761,2021-02-28,75,41,58,0,0,0,0
JD_11421760,2021-02-28,2,2,2,0,0,0,0
JD_11421759,2021-02-28,171,142,81,0,0,0,1
JD_11421758,2021-02-28,11,4,9,0,0,0,0
JD_11421757,2021-02-28,103,88,81,0,1,0,0
JD_11421756,2021-02-28,32,24,25,0,0,0,0
JD_11421755,2021-02-28,6,4,2,0,0,0,0
JD_11421754,2021-02-28,65,54,27,0,1,0,0
JD_11421753,2021-02-28,16,12,16,0,0,0,0
JD_11421752,2021-02-28,4,3,3,0,0,0,0
JD_11421750,2021-02-28,94,47,70,1,0,0,0
JD_11421748,2021-02-28,36,27,19,0,0,0,0
JD_11421747,2021-02-28,97,67,63,0,0,0,0
JD_11421746,2021-02-28,1,0,1,0,0,0,0
JD_11421741,2021-02-28,0,0,0,0,0,0,0
JD_11421740,2021-02-28,1,0,1,0,0,0,0
JD_11421737,2021-02-28,8,8,5,0,0,0,0
JD_11421736,2021-02-28,23,17,9,0,0,0,0
JD_11421735,2021-02-28,14,9,9,0,0,0,0
JD_11421734,2021-02-28,10,4,9,0,0,0,0
JD_11421733,2021-02-28,15,9,7,0,0,0,0
JD_11421732,2021-02-28,20,18,8,0,0,0,0
JD_11421731,2021-02-28,32,23,18,0,0,0,1
JD_11421728,2021-02-28,2,2,0,0,0,0,0
JD_11421717,2021-02-28,2,0,2,0,0,0,0
JD_11421716,2021-02-28,5,5,0,0,0,0,0
JD_11421715,2021-02-28,41,33,22,0,0,0,0
JD_11421712,2021-02-28,0,0,0,0,0,0,0
JD_11421711,2021-02-28,2,1,2,0,0,0,0
JD_11421710,2021-02-28,0,0,0,0,0,0,0
JD_11421709,2021-02-28,0,0,0,0,0,0,0
