JD_11359860,2021-02-28,3,2,1,0,0,0,0
JD_11359859,2021-02-28,0,0,0,0,0,0,0
JD_11359858,2021-02-28,0,0,0,0,0,0,0
JD_11359857,2021-02-28,0,0,0,0,0,0,0
JD_11359855,2021-02-28,0,0,0,0,0,0,0
JD_11359853,2021-02-28,3,2,1,0,0,0,0
JD_11359852,2021-02-28,0,0,0,0,0,0,0
JD_11359851,2021-02-28,0,0,0,0,0,0,0
JD_11359850,2021-02-28,4,3,4,0,0,0,0
JD_11359848,2021-02-28,0,0,0,0,0,0,0
JD_11359845,2021-02-28,0,0,0,0,0,0,0
JD_11359844,2021-02-28,0,0,0,0,0,0,0
JD_11359842,2021-02-28,15,6,14,0,1,0,0
JD_11359841,2021-02-28,0,0,0,0,0,0,0
JD_11359840,2021-02-28,40,28,20,1,0,0,0
JD_11359838,2021-02-28,0,0,0,0,0,0,0
JD_11359837,2021-02-28,2,2,0,0,0,0,0
JD_11359835,2021-02-28,13,4,11,0,0,0,0
JD_11359834,2021-02-28,8,1,8,0,0,0,0
JD_11359833,2021-02-28,144,71,102,0,1,0,1
JD_11359832,2021-02-28,38,24,29,0,0,0,0
JD_11359831,2021-02-28,10,5,8,0,0,0,0
JD_11359830,2021-02-28,13,1,13,0,0,0,0
JD_11359829,2021-02-28,26,0,24,2,0,0,0
JD_11359827,2021-02-28,9,0,9,0,0,0,0
JD_11359826,2021-02-28,120,56,109,0,3,0,0
JD_11359824,2021-02-28,0,0,0,0,0,0,0
JD_11359823,2021-02-28,2,2,0,0,0,0,0
JD_11359821,2021-02-28,287,81,233,7,3,0,0
JD_11359820,2021-02-28,6,2,5,0,0,0,0
JD_11359819,2021-02-28,8,2,8,0,0,0,0
JD_11359818,2021-02-28,59,6,54,2,1,0,0
JD_11359817,2021-02-28,117,18,102,2,1,0,0
JD_11359816,2021-02-28,207,104,134,4,0,0,0
JD_11359815,2021-02-28,5,3,2,0,0,0,0
JD_11359813,2021-02-28,6,1,5,1,0,0,0
JD_11359812,2021-02-28,100,7,95,1,2,0,0
JD_11359811,2021-02-28,6,3,4,0,0,0,0
JD_11359807,2021-02-28,54,35,29,1,0,0,0
JD_11359806,2021-02-28,153,114,76,0,0,0,0
JD_11359805,2021-02-28,198,129,180,1,0,0,1
JD_11359804,2021-02-28,80,50,57,2,0,0,0
JD_11359802,2021-02-28,158,82,151,1,4,0,2
JD_11359801,2021-02-28,47,28,30,0,0,0,0
JD_11359800,2021-02-28,608,108,596,7,5,0,2
JD_11359799,2021-02-28,7,2,7,0,0,0,1
JD_11359798,2021-02-28,906,0,870,21,15,0,0
JD_11359797,2021-02-28,149,30,148,0,1,0,1
JD_11359796,2021-02-28,284,2,275,7,2,0,0
JD_11359795,2021-02-28,23,11,22,0,0,0,0
JD_11359794,2021-02-28,409,27,391,11,6,1,0
JD_11359793,2021-02-28,107,19,105,1,1,0,0
JD_11359792,2021-02-28,12,8,12,0,0,0,0
JD_11359790,2021-02-28,18,5,17,0,0,0,0
JD_11359789,2021-02-28,12,8,12,0,0,0,0
JD_11359788,2021-02-28,0,0,0,0,0,0,0
JD_11359786,2021-02-28,11,0,11,0,0,0,0
JD_11359785,2021-02-28,10,0,10,0,0,0,0
JD_11359776,2021-02-28,15,12,3,0,0,0,0
JD_11359775,2021-02-28,5,4,1,0,0,0,0
JD_11359774,2021-02-28,5,0,5,0,0,0,0
JD_11359773,2021-02-28,5,0,5,0,0,0,0
JD_11359770,2021-02-28,11,8,3,0,0,0,0
JD_11359769,2021-02-28,10,9,1,0,0,0,0
JD_11359768,2021-02-28,21,17,4,0,0,0,0
JD_11359767,2021-02-28,20,18,2,0,0,0,0
JD_11359765,2021-02-28,10,9,1,0,0,0,0
JD_11359764,2021-02-28,564,431,324,1,0,0,1
JD_11359763,2021-02-28,412,313,250,1,0,0,0
JD_11359762,2021-02-28,902,698,489,6,0,1,2
