JD_11490990,2021-02-28,1,1,0,0,0,0,0
JD_11490988,2021-02-28,5,2,5,0,0,0,0
JD_11490987,2021-02-28,10,0,10,0,0,0,0
JD_11490986,2021-02-28,19,9,16,0,0,0,0
JD_11490984,2021-02-28,3,3,2,0,0,0,0
JD_11490983,2021-02-28,12,2,10,0,0,0,0
JD_11490982,2021-02-28,16,1,15,0,1,0,0
JD_11490981,2021-02-28,188,107,138,1,2,0,1
JD_11490980,2021-02-28,320,227,150,0,1,0,2
JD_11490978,2021-02-28,6,6,3,0,0,0,0
JD_11490977,2021-02-28,92,24,75,3,1,0,0
JD_11490975,2021-02-28,9270,914,8774,164,65,5,8
JD_11490974,2021-02-28,64,27,46,2,0,0,0
JD_11490973,2021-02-28,72,32,54,3,0,0,0
JD_11490972,2021-02-28,81,37,66,4,0,0,0
JD_11490971,2021-02-28,15,11,9,0,0,0,0
JD_11490970,2021-02-28,11,8,8,0,0,0,0
JD_11490969,2021-02-28,6,4,3,0,1,0,0
JD_11490968,2021-02-28,208,65,200,6,1,0,2
JD_11490966,2021-02-28,11,7,5,0,1,0,0
JD_11490965,2021-02-28,5,2,4,0,1,0,0
JD_11490964,2021-02-28,1305,793,1007,4,2,0,1
JD_11490963,2021-02-28,12,0,11,1,0,0,0
JD_11490962,2021-02-28,0,0,0,0,0,0,0
JD_11490960,2021-02-28,33,9,32,1,0,0,0
JD_11490958,2021-02-28,7,4,4,0,0,0,0
JD_11490957,2021-02-28,27,17,13,0,0,0,1
JD_11490956,2021-02-28,21,13,14,0,0,0,1
JD_11490954,2021-02-28,2,2,0,0,0,0,0
JD_11490953,2021-02-28,0,0,0,0,0,0,0
JD_11490952,2021-02-28,4,3,2,0,0,0,0
JD_11490951,2021-02-28,236,132,209,1,0,1,3
JD_11490950,2021-02-28,11,8,5,0,0,0,0
JD_11490949,2021-02-28,1,0,1,0,0,0,0
JD_11490948,2021-02-28,0,0,0,0,0,0,0
JD_11490947,2021-02-28,9,1,9,0,0,0,0
JD_11490943,2021-02-28,0,0,0,0,0,0,0
JD_11490941,2021-02-28,8,5,4,0,0,0,0
JD_11490940,2021-02-28,4,2,3,0,0,0,0
JD_11490939,2021-02-28,203,0,198,4,1,0,1
JD_11490938,2021-02-28,105,0,100,3,2,0,1
JD_11490936,2021-02-28,0,0,0,0,0,0,0
JD_11490935,2021-02-28,0,0,0,0,0,0,0
JD_11490933,2021-02-28,1,1,1,0,0,0,0
JD_11490932,2021-02-28,0,0,0,0,0,0,0
JD_11490931,2021-02-28,0,0,0,0,0,0,0
JD_11490930,2021-02-28,0,0,0,0,0,0,0
JD_11490929,2021-02-28,0,0,0,0,0,0,0
JD_11490927,2021-02-28,0,0,0,0,0,0,0
JD_11490926,2021-02-28,12,4,11,0,0,0,0
JD_11490924,2021-02-28,8,5,7,1,0,0,0
JD_11490923,2021-02-28,15,2,14,1,0,0,0
JD_11490922,2021-02-28,1,0,1,0,0,0,0
JD_11490920,2021-02-28,36,12,35,0,1,0,0
JD_11490917,2021-02-28,29,7,28,1,0,0,0
JD_11490916,2021-02-28,4,3,3,0,0,0,0
JD_11490915,2021-02-28,0,0,0,0,0,0,0
JD_11490914,2021-02-28,1,0,1,0,0,0,0
JD_11490912,2021-02-28,0,0,0,0,0,0,0
JD_11490911,2021-02-28,29,14,28,0,0,0,0
JD_11490910,2021-02-28,22,13,20,1,0,0,0
JD_11490909,2021-02-28,1,1,0,0,0,0,0
JD_11490908,2021-02-28,5,1,5,0,0,0,0
JD_11490907,2021-02-28,7,7,3,0,0,0,0
JD_11490906,2021-02-28,107,88,21,0,0,0,1
JD_11490905,2021-02-28,96,84,13,0,0,0,1
JD_11490904,2021-02-28,1,1,0,0,0,0,0
JD_11490902,2021-02-28,2,1,2,0,0,0,0
JD_11490901,2021-02-28,22,14,20,0,0,0,0
JD_11490900,2021-02-28,8,8,7,0,0,0,0
