JD_11443530,2021-02-28,51465,41210,19921,19,18,36,95
JD_11443528,2021-02-28,258,66,191,1,0,0,0
JD_11443527,2021-02-28,917,612,438,1,2,1,2
JD_11443525,2021-02-28,65,40,42,0,0,0,0
JD_11443524,2021-02-28,28066,22040,12607,13,8,21,49
JD_11443523,2021-02-28,2621,2056,1093,4,4,1,2
JD_11443522,2021-02-28,847,647,366,2,0,1,2
JD_11443521,2021-02-28,9,4,9,0,0,0,0
JD_11443518,2021-02-28,213,171,97,0,2,0,0
JD_11443516,2021-02-28,43,21,24,0,0,0,0
JD_11443515,2021-02-28,67,34,55,0,0,0,0
JD_11443514,2021-02-28,646,422,443,1,0,0,1
JD_11443511,2021-02-28,493,154,466,5,1,0,2
JD_11443508,2021-02-28,40,19,35,0,0,0,0
JD_11443507,2021-02-28,780,187,683,7,1,0,2
JD_11443505,2021-02-28,141,96,76,0,0,0,0
JD_11443500,2021-02-28,32,13,25,1,0,1,0
JD_11443497,2021-02-28,29,18,29,0,0,0,0
JD_11443496,2021-02-28,1294,41,1270,16,8,1,4
JD_11443489,2021-02-28,196,3,189,7,0,0,0
JD_11443488,2021-02-28,41,19,36,1,0,0,0
JD_11443486,2021-02-28,3,2,3,0,0,0,0
JD_11443483,2021-02-28,45,27,35,0,0,0,0
JD_11443482,2021-02-28,39,22,28,0,0,0,0
JD_11443477,2021-02-28,43,25,29,0,0,0,0
JD_11443474,2021-02-28,4,2,3,0,0,0,0
JD_11443465,2021-02-28,1,0,1,0,0,0,0
JD_11443463,2021-02-28,11,2,10,0,0,0,0
JD_11443462,2021-02-28,30,18,20,0,0,0,0
JD_11443461,2021-02-28,61,27,60,1,0,0,0
JD_11443459,2021-02-28,66,40,52,1,0,0,0
JD_11443455,2021-02-28,118,48,99,0,0,0,0
JD_11443454,2021-02-28,12,4,11,0,0,0,0
JD_11443453,2021-02-28,30,21,21,0,0,0,0
JD_11443452,2021-02-28,0,0,0,0,0,0,0
JD_11443451,2021-02-28,1,0,1,0,0,0,0
JD_11443450,2021-02-28,32,2,30,2,0,0,0
JD_11443445,2021-02-28,7,4,6,0,0,0,0
JD_11443444,2021-02-28,4,1,3,0,0,0,0
JD_11443443,2021-02-28,229,65,224,2,0,0,0
JD_11443441,2021-02-28,2275,1577,1600,7,4,3,1
JD_11443440,2021-02-28,1012,0,996,11,5,0,0
JD_11443439,2021-02-28,2,1,1,0,0,0,0
JD_11443438,2021-02-28,31,21,15,0,0,0,0
JD_11443437,2021-02-28,846,473,834,3,4,0,4
JD_11443436,2021-02-28,59,6,56,2,0,0,0
JD_11443435,2021-02-28,559,152,549,7,1,1,4
JD_11443434,2021-02-28,2,0,2,0,0,0,0
JD_11443431,2021-02-28,12,11,4,0,0,0,0
JD_11443430,2021-02-28,18,12,11,0,0,0,0
JD_11443428,2021-02-28,1,0,1,0,0,0,0
JD_11443427,2021-02-28,496,154,414,5,0,0,2
JD_11443426,2021-02-28,2,2,2,0,0,0,0
JD_11443425,2021-02-28,15,10,8,0,0,0,0
JD_11443424,2021-02-28,26,20,16,0,0,0,0
JD_11443423,2021-02-28,17,11,9,0,0,0,0
JD_11443422,2021-02-28,26,17,14,0,0,0,0
JD_11443421,2021-02-28,0,0,0,0,0,0,0
JD_11443420,2021-02-28,15,12,7,0,0,0,0
JD_11443419,2021-02-28,14,5,14,0,0,0,0
JD_11443418,2021-02-28,51,23,37,3,1,0,0
JD_11443417,2021-02-28,1508,1072,493,3,1,1,4
JD_11443416,2021-02-28,14,12,8,0,0,0,0
JD_11443415,2021-02-28,63,4,62,1,0,0,1
JD_11443413,2021-02-28,26,21,13,0,0,0,0
JD_11443412,2021-02-28,2061,1458,1229,10,3,1,7
JD_11443409,2021-02-28,59,6,56,1,0,0,0
JD_11443407,2021-02-28,6,4,4,0,0,0,0
JD_11443406,2021-02-28,3,2,2,0,0,0,0
JD_11443405,2021-02-28,3,0,3,0,0,0,0
