JD_11310608,2021-02-28,3,1,2,1,0,0,0
JD_11310604,2021-02-28,1,0,1,0,0,0,0
JD_11310603,2021-02-28,1,0,1,0,0,0,0
JD_11310602,2021-02-28,0,0,0,0,0,0,0
JD_11310601,2021-02-28,452,234,348,11,4,0,3
JD_11310599,2021-02-28,0,0,0,0,0,0,0
JD_11310598,2021-02-28,9,4,7,0,0,0,0
JD_11310584,2021-02-28,4,3,2,0,0,0,0
JD_11310583,2021-02-28,1,1,0,0,0,0,0
JD_11310582,2021-02-28,82,17,80,1,0,0,0
JD_11310581,2021-02-28,374,101,365,6,3,0,1
JD_11310580,2021-02-28,38,19,27,1,1,0,0
JD_11310578,2021-02-28,0,0,0,0,0,0,0
JD_11310577,2021-02-28,7,4,5,0,0,0,0
JD_11310576,2021-02-28,116,38,111,3,2,0,0
JD_11310575,2021-02-28,84,5,77,4,1,0,0
JD_11310571,2021-02-28,306,196,247,3,1,1,0
JD_11310570,2021-02-28,1,1,1,0,0,0,0
JD_11310569,2021-02-28,5,2,4,0,0,0,0
JD_11310568,2021-02-28,14,8,5,1,1,0,0
JD_11310567,2021-02-28,352,228,279,2,0,0,1
JD_11310566,2021-02-28,39,26,21,0,0,0,0
JD_11310564,2021-02-28,34,23,24,0,0,0,0
JD_11310563,2021-02-28,130,95,72,1,1,0,0
JD_11310562,2021-02-28,97,56,89,0,0,0,0
JD_11310560,2021-02-28,295,207,165,4,1,0,0
JD_11310559,2021-02-28,6,2,4,0,0,0,0
JD_11310558,2021-02-28,47,26,36,0,0,0,0
JD_11310557,2021-02-28,20,0,19,1,0,0,0
JD_11310556,2021-02-28,0,0,0,0,0,0,0
JD_11310555,2021-02-28,138,88,75,2,0,0,0
JD_11310554,2021-02-28,93,65,54,0,0,0,1
JD_11310553,2021-02-28,49,2,48,1,0,0,0
JD_11310552,2021-02-28,1580,1185,1444,5,4,3,5
JD_11310551,2021-02-28,26,15,18,0,0,0,0
JD_11310550,2021-02-28,866,0,801,55,10,0,0
JD_11310549,2021-02-28,82,65,36,0,0,0,0
JD_11310548,2021-02-28,1,0,1,0,0,0,0
JD_11310547,2021-02-28,7048,3685,5028,101,23,2,8
JD_11310533,2021-02-28,0,0,0,0,0,0,0
JD_11310522,2021-02-28,0,0,0,0,0,0,0
JD_11310521,2021-02-28,0,0,0,0,0,0,0
JD_11310511,2021-02-28,3,0,3,0,0,0,0
JD_11310510,2021-02-28,131,0,129,2,0,0,0
JD_11310507,2021-02-28,229,137,110,2,0,1,0
JD_11310506,2021-02-28,12,1,12,0,0,0,0
JD_11310505,2021-02-28,8,3,6,0,0,0,0
JD_11310504,2021-02-28,10,1,9,1,0,0,0
JD_11310503,2021-02-28,9,0,9,0,0,0,0
JD_11310502,2021-02-28,32,0,31,1,0,0,0
JD_11310501,2021-02-28,5,4,3,0,0,0,0
JD_11310500,2021-02-28,30,12,29,0,1,0,0
JD_11310499,2021-02-28,32,15,29,1,0,0,0
JD_11310498,2021-02-28,127,52,98,4,3,1,0
JD_11310497,2021-02-28,15,5,12,0,0,0,0
JD_11310496,2021-02-28,38,18,24,0,0,0,0
JD_11310493,2021-02-28,3,1,3,0,0,0,0
JD_11310489,2021-02-28,13,2,13,0,0,0,0
JD_11310487,2021-02-28,132,72,92,1,0,0,1
JD_11310486,2021-02-28,137,77,103,0,0,1,0
JD_11310485,2021-02-28,79,34,58,1,0,0,0
JD_11310483,2021-02-28,103,44,77,1,0,0,0
JD_11310481,2021-02-28,185,120,121,2,0,0,2
JD_11310480,2021-02-28,97,62,66,1,1,0,0
JD_11310479,2021-02-28,118,69,81,0,0,0,0
JD_11310478,2021-02-28,89,42,86,1,0,0,0
JD_11310477,2021-02-28,190,122,130,5,0,0,4
JD_11310476,2021-02-28,1067,726,628,7,3,2,3
JD_11310475,2021-02-28,40,4,40,0,0,0,0
JD_11310469,2021-02-28,204,137,127,2,2,0,0
