JD_11524985,2021-02-28,5,1,4,0,0,0,0
JD_11524983,2021-02-28,16,7,15,0,0,0,0
JD_11524982,2021-02-28,5,2,3,1,0,0,0
JD_11524981,2021-02-28,15,5,10,0,0,0,0
JD_11524977,2021-02-28,9,6,5,0,0,0,0
JD_11524974,2021-02-28,3,3,1,0,0,0,0
JD_11524972,2021-02-28,3,3,1,0,0,0,0
JD_11524971,2021-02-28,272,192,130,1,0,1,0
JD_11524970,2021-02-28,314,158,244,4,2,1,0
JD_11524969,2021-02-28,8,4,4,0,0,0,0
JD_11524966,2021-02-28,4,3,1,0,0,0,0
JD_11524964,2021-02-28,6,2,4,0,0,0,0
JD_11524962,2021-02-28,4,0,4,0,0,0,0
JD_11524961,2021-02-28,7,5,6,0,0,0,0
JD_11524959,2021-02-28,4,2,2,0,0,0,0
JD_11524958,2021-02-28,23,10,23,0,0,0,0
JD_11524957,2021-02-28,33,20,32,0,0,0,1
JD_11524956,2021-02-28,3,2,1,0,0,0,0
JD_11524953,2021-02-28,8,3,6,0,0,0,0
JD_11524951,2021-02-28,1,1,1,0,0,0,0
JD_11524949,2021-02-28,2,1,1,0,0,0,0
JD_11524945,2021-02-28,6,5,5,0,0,0,0
JD_11524942,2021-02-28,14,4,12,0,0,0,0
JD_11524941,2021-02-28,7,3,6,0,0,0,0
JD_11524940,2021-02-28,9,3,7,0,0,0,0
JD_11524937,2021-02-28,4,4,1,0,0,0,0
JD_11524934,2021-02-28,4,2,3,0,0,0,0
JD_11524933,2021-02-28,3,3,0,0,0,0,0
JD_11524932,2021-02-28,4,1,3,0,0,0,0
JD_11524931,2021-02-28,23,15,10,0,0,0,0
JD_11524929,2021-02-28,6,5,2,0,0,0,0
JD_11524928,2021-02-28,32,23,11,1,0,1,0
JD_11524926,2021-02-28,2,2,0,0,0,0,0
JD_11524925,2021-02-28,12,10,3,0,0,0,0
JD_11524924,2021-02-28,3,3,1,0,0,0,0
JD_11524923,2021-02-28,86,67,49,0,0,0,0
JD_11524921,2021-02-28,6,6,3,0,0,0,0
JD_11524919,2021-02-28,1,1,1,0,0,0,0
JD_11524918,2021-02-28,8,5,4,0,0,0,0
JD_11524915,2021-02-28,3,3,0,0,0,0,0
JD_11524912,2021-02-28,4,1,4,0,0,0,0
JD_11524908,2021-02-28,7,4,6,0,0,0,0
JD_11524907,2021-02-28,4,3,3,0,0,0,0
JD_11524903,2021-02-28,6,4,3,0,0,0,0
JD_11524900,2021-02-28,5,5,0,0,0,0,0
JD_11524899,2021-02-28,9,5,4,1,0,0,0
JD_11524897,2021-02-28,5,5,3,0,0,0,0
JD_11524896,2021-02-28,2,2,1,0,0,0,0
JD_11524895,2021-02-28,5,2,3,0,0,0,0
JD_11524893,2021-02-28,8,7,4,0,0,0,0
JD_11524892,2021-02-28,13,5,10,0,0,0,0
JD_11524891,2021-02-28,10,2,9,0,0,0,0
JD_11524888,2021-02-28,8,6,4,0,0,0,0
JD_11524887,2021-02-28,11,4,7,0,0,0,0
JD_11524886,2021-02-28,6,5,3,0,0,0,0
JD_11524885,2021-02-28,1,1,1,0,0,0,0
JD_11524884,2021-02-28,7,4,7,0,0,0,0
JD_11524882,2021-02-28,4,4,1,0,0,0,0
JD_11524881,2021-02-28,19,11,16,0,0,0,0
JD_11524879,2021-02-28,4,3,4,0,0,0,0
JD_11524877,2021-02-28,6,2,5,0,0,0,0
JD_11524873,2021-02-28,8,6,2,0,0,0,0
JD_11524871,2021-02-28,9,5,4,0,1,0,0
JD_11524867,2021-02-28,4,1,4,0,0,0,0
JD_11524866,2021-02-28,15,10,5,0,0,0,0
JD_11524865,2021-02-28,7,5,3,0,0,0,1
JD_11524864,2021-02-28,13,5,13,0,0,0,0
JD_11524863,2021-02-28,44,26,42,0,1,0,0
JD_11524862,2021-02-28,9,7,4,0,0,0,0
JD_11524861,2021-02-28,7,2,5,1,0,0,0
