JD_11426305,2021-02-28,1,0,1,0,0,0,0
JD_11426304,2021-02-28,78,63,32,0,0,0,0
JD_11426301,2021-02-28,3,0,2,1,0,0,0
JD_11426300,2021-02-28,2,0,2,0,0,0,0
JD_11426299,2021-02-28,6,0,6,0,0,0,0
JD_11426298,2021-02-28,4,0,4,0,0,0,0
JD_11426297,2021-02-28,6,0,5,1,0,0,0
JD_11426296,2021-02-28,5,0,5,0,0,0,0
JD_11426295,2021-02-28,1,0,1,0,0,0,0
JD_11426294,2021-02-28,3,0,2,0,1,0,0
JD_11426291,2021-02-28,3,0,3,0,0,0,0
JD_11426289,2021-02-28,3,0,3,0,0,0,0
JD_11426288,2021-02-28,3,0,3,0,0,0,0
JD_11426287,2021-02-28,7,0,7,0,0,0,0
JD_11426286,2021-02-28,5,0,5,0,0,0,0
JD_11426262,2021-02-28,0,0,0,0,0,0,0
JD_11426247,2021-02-28,922,85,911,8,2,0,1
JD_11426246,2021-02-28,9,1,7,0,2,0,0
JD_11426245,2021-02-28,42,31,22,0,0,0,0
JD_11426243,2021-02-28,601,299,427,7,1,1,3
JD_11426242,2021-02-28,53,28,35,0,0,0,0
JD_11426241,2021-02-28,58,31,39,1,0,0,0
JD_11426240,2021-02-28,8,5,4,0,0,0,0
JD_11426239,2021-02-28,399,0,389,9,1,0,0
JD_11426238,2021-02-28,293,0,289,2,2,0,0
JD_11426237,2021-02-28,274,0,267,4,3,0,0
JD_11426236,2021-02-28,456,0,438,13,5,0,0
JD_11426235,2021-02-28,784,0,767,10,7,0,0
JD_11426234,2021-02-28,250,0,246,1,3,0,0
JD_11426233,2021-02-28,346,0,336,6,4,0,0
JD_11426232,2021-02-28,1216,0,1184,21,11,0,0
JD_11426231,2021-02-28,841,0,817,17,7,0,0
JD_11426230,2021-02-28,5478,2123,4224,92,18,3,7
JD_11426229,2021-02-28,1011,0,992,14,5,0,0
JD_11426228,2021-02-28,763,0,737,19,7,0,0
JD_11426227,2021-02-28,1700,0,1644,43,13,0,0
JD_11426219,2021-02-28,10,4,9,0,0,0,0
JD_11426207,2021-02-28,58,0,57,1,0,0,0
JD_11426192,2021-02-28,304,215,217,1,1,0,0
JD_11426190,2021-02-28,42,18,35,0,0,0,0
JD_11426189,2021-02-28,22,16,11,0,0,0,0
JD_11426188,2021-02-28,116,78,73,2,0,0,0
JD_11426187,2021-02-28,7306,4939,5814,22,6,3,18
JD_11426186,2021-02-28,0,0,0,0,0,0,0
JD_11426185,2021-02-28,596,433,396,0,0,1,5
JD_11426180,2021-02-28,4,2,1,0,1,0,0
JD_11426178,2021-02-28,15,8,15,0,0,0,0
JD_11426177,2021-02-28,0,0,0,0,0,0,0
JD_11426175,2021-02-28,3,0,3,0,0,0,0
JD_11426173,2021-02-28,0,0,0,0,0,0,0
JD_11426169,2021-02-28,4,3,3,0,0,0,1
JD_11426167,2021-02-28,4,2,2,0,0,0,0
JD_11426165,2021-02-28,38,22,33,0,0,0,0
JD_11426163,2021-02-28,0,0,0,0,0,0,0
JD_11426162,2021-02-28,362,266,190,1,1,0,0
JD_11426161,2021-02-28,21,18,7,0,0,0,0
JD_11426158,2021-02-28,3,0,2,1,0,0,0
JD_11426156,2021-02-28,0,0,0,0,0,0,0
JD_11426155,2021-02-28,1,1,1,0,0,0,0
JD_11426153,2021-02-28,0,0,0,0,0,0,0
JD_11426150,2021-02-28,6,4,4,0,0,0,0
JD_11426148,2021-02-28,3,3,0,0,0,0,0
JD_11426147,2021-02-28,1,1,0,0,0,0,0
JD_11426146,2021-02-28,142,64,137,1,0,0,0
JD_11426145,2021-02-28,117,73,115,2,0,0,0
JD_11426144,2021-02-28,27,18,18,0,0,0,0
JD_11426143,2021-02-28,0,0,0,0,0,0,0
JD_11426141,2021-02-28,1481,1102,1128,5,3,0,1
JD_11426139,2021-02-28,0,0,0,0,0,0,0
JD_11426136,2021-02-28,2,1,1,0,0,0,0
