JD_11519953,2021-02-28,8,4,6,0,0,0,0
JD_11519952,2021-02-28,14,8,13,1,0,0,0
JD_11519951,2021-02-28,10,6,7,1,0,0,0
JD_11519950,2021-02-28,9,5,7,0,0,0,0
JD_11519949,2021-02-28,61,30,41,0,0,0,1
JD_11519947,2021-02-28,10,7,7,0,0,0,0
JD_11519946,2021-02-28,158,99,145,2,1,1,0
JD_11519945,2021-02-28,6,1,6,0,0,0,0
JD_11519944,2021-02-28,7,6,5,0,0,0,0
JD_11519943,2021-02-28,32,20,22,1,1,0,0
JD_11519942,2021-02-28,12,2,12,0,0,0,0
JD_11519941,2021-02-28,16,6,15,0,1,0,0
JD_11519940,2021-02-28,10,5,9,0,0,0,0
JD_11519939,2021-02-28,11,1,11,0,0,0,0
JD_11519938,2021-02-28,11,6,11,0,0,0,0
JD_11519937,2021-02-28,6,0,6,0,0,0,0
JD_11519936,2021-02-28,9,4,9,0,0,0,0
JD_11519935,2021-02-28,3,3,3,0,0,0,0
JD_11519934,2021-02-28,4,3,4,0,0,0,0
JD_11519933,2021-02-28,6,4,6,0,0,0,0
JD_11519932,2021-02-28,10,5,10,0,0,0,0
JD_11519930,2021-02-28,1,1,0,0,0,0,0
JD_11519929,2021-02-28,8,0,8,0,0,0,0
JD_11519928,2021-02-28,11,7,11,0,0,0,0
JD_11519927,2021-02-28,10,7,10,0,0,0,0
JD_11519926,2021-02-28,8,4,4,0,0,0,0
JD_11519925,2021-02-28,1,0,1,0,0,0,0
JD_11519923,2021-02-28,140,46,117,1,0,0,1
JD_11519922,2021-02-28,374,273,285,1,0,0,3
JD_11519919,2021-02-28,131,91,107,3,0,0,0
JD_11519918,2021-02-28,44,31,20,0,0,0,0
JD_11519909,2021-02-28,110,0,108,0,2,0,0
JD_11519898,2021-02-28,1034,582,666,9,9,0,6
JD_11519897,2021-02-28,17,11,9,0,0,0,1
JD_11519896,2021-02-28,42,33,26,0,0,0,0
JD_11519895,2021-02-28,36,25,18,1,0,0,0
JD_11519891,2021-02-28,59,43,31,0,0,0,0
JD_11519890,2021-02-28,39,27,16,0,0,0,0
JD_11519889,2021-02-28,21,15,10,0,0,0,0
JD_11519888,2021-02-28,46,32,38,0,0,0,0
JD_11519887,2021-02-28,14,9,13,0,0,0,1
JD_11519886,2021-02-28,33,1,33,0,0,0,0
JD_11519885,2021-02-28,77,47,76,0,0,0,0
JD_11519884,2021-02-28,148,106,80,0,1,0,0
JD_11519883,2021-02-28,493,348,352,1,1,0,1
JD_11519882,2021-02-28,113,69,111,0,0,0,0
JD_11519881,2021-02-28,505,343,339,1,3,0,0
JD_11519880,2021-02-28,19,14,9,0,0,0,0
JD_11519879,2021-02-28,14,11,11,0,0,0,0
JD_11519878,2021-02-28,21,0,21,0,0,0,0
JD_11519877,2021-02-28,44,35,20,0,0,0,0
JD_11519876,2021-02-28,3,2,2,0,0,0,0
JD_11519875,2021-02-28,12,7,9,0,0,0,0
JD_11519874,2021-02-28,79,39,74,0,1,0,0
JD_11519873,2021-02-28,34,24,16,0,0,0,0
JD_11519872,2021-02-28,1,0,1,0,0,0,0
JD_11519871,2021-02-28,488,370,233,2,3,0,2
JD_11519870,2021-02-28,167,110,76,1,1,0,2
JD_11519869,2021-02-28,3,3,1,0,0,0,0
JD_11519868,2021-02-28,10,5,7,0,0,0,0
JD_11519867,2021-02-28,13,7,7,0,0,0,0
JD_11519866,2021-02-28,3,2,1,0,0,0,0
JD_11519865,2021-02-28,0,0,0,0,0,0,0
JD_11519863,2021-02-28,7,6,4,0,0,0,0
JD_11519859,2021-02-28,113,77,83,0,0,0,0
JD_11519858,2021-02-28,1279,390,1265,11,3,0,2
JD_11519857,2021-02-28,1,1,0,0,0,0,0
JD_11519856,2021-02-28,3,3,1,0,0,0,0
JD_11519855,2021-02-28,4,2,4,0,0,0,0
JD_11519853,2021-02-28,2,2,0,0,0,0,0
