JD_11428848,2021-02-28,2,0,2,0,0,0,0
JD_11428847,2021-02-28,6,0,6,0,0,0,0
JD_11428846,2021-02-28,26,17,26,0,0,0,0
JD_11428845,2021-02-28,201,160,68,1,0,0,0
JD_11428844,2021-02-28,3,0,3,0,0,0,0
JD_11428842,2021-02-28,193,140,95,1,1,2,1
JD_11428835,2021-02-28,156,122,66,0,0,0,0
JD_11428831,2021-02-28,1143,847,546,1,1,12,4
JD_11428828,2021-02-28,87,8,85,1,0,0,0
JD_11428827,2021-02-28,154,27,150,2,0,0,0
JD_11428826,2021-02-28,140,32,139,1,0,0,0
JD_11428825,2021-02-28,83,11,81,2,0,0,0
JD_11428822,2021-02-28,3670,2638,1534,11,3,3,4
JD_11428819,2021-02-28,2927,1656,1442,15,0,3,1
JD_11428816,2021-02-28,949,72,900,37,0,0,0
JD_11428798,2021-02-28,2553,27,2531,18,4,0,3
JD_11428796,2021-02-28,0,0,0,0,0,0,0
JD_11428787,2021-02-28,2435,1324,2349,9,4,2,5
JD_11428781,2021-02-28,0,0,0,0,0,0,0
JD_11428778,2021-02-28,1,0,1,0,0,0,0
JD_11428777,2021-02-28,238,0,230,6,2,0,0
JD_11428770,2021-02-28,190,0,182,8,0,0,0
JD_11428769,2021-02-28,121,0,119,2,0,0,0
JD_11428764,2021-02-28,162,0,157,3,2,0,0
JD_11428759,2021-02-28,141,0,136,4,1,0,0
JD_11428753,2021-02-28,505,343,278,2,1,0,0
JD_11428751,2021-02-28,0,0,0,0,0,0,0
JD_11428750,2021-02-28,8,0,8,0,0,0,0
JD_11428748,2021-02-28,103,77,61,0,0,0,0
JD_11428747,2021-02-28,11,3,10,1,0,0,0
JD_11428746,2021-02-28,7,6,3,0,0,0,0
JD_11428745,2021-02-28,0,0,0,0,0,0,0
JD_11428744,2021-02-28,1,1,0,0,0,0,0
JD_11428743,2021-02-28,6,5,3,0,0,0,0
JD_11428742,2021-02-28,3,1,3,0,0,0,0
JD_11428740,2021-02-28,23,13,12,0,0,0,0
JD_11428739,2021-02-28,17,10,11,0,0,0,0
JD_11428738,2021-02-28,45,22,35,1,0,0,1
JD_11428736,2021-02-28,4,2,4,0,0,0,0
JD_11428734,2021-02-28,22,9,18,0,0,0,0
JD_11428731,2021-02-28,0,0,0,0,0,0,0
JD_11428724,2021-02-28,52,29,40,1,0,0,0
JD_11428696,2021-02-28,92,60,66,0,1,0,1
JD_11428695,2021-02-28,0,0,0,0,0,0,0
JD_11428693,2021-02-28,71,45,52,0,0,0,0
JD_11428691,2021-02-28,0,0,0,0,0,0,0
JD_11428690,2021-02-28,0,0,0,0,0,0,0
JD_11428689,2021-02-28,0,0,0,0,0,0,0
JD_11428688,2021-02-28,0,0,0,0,0,0,0
JD_11428687,2021-02-28,3,2,2,0,0,0,0
JD_11428686,2021-02-28,0,0,0,0,0,0,0
JD_11428685,2021-02-28,0,0,0,0,0,0,0
JD_11428681,2021-02-28,0,0,0,0,0,0,0
JD_11428680,2021-02-28,0,0,0,0,0,0,0
JD_11428677,2021-02-28,0,0,0,0,0,0,0
JD_11428675,2021-02-28,0,0,0,0,0,0,0
JD_11428673,2021-02-28,5,2,4,0,0,0,0
JD_11428672,2021-02-28,2,2,1,0,0,0,0
JD_11428671,2021-02-28,4,0,3,1,0,0,0
JD_11428657,2021-02-28,15,9,6,0,0,0,0
JD_11428656,2021-02-28,0,0,0,0,0,0,0
JD_11428655,2021-02-28,1,1,1,0,0,0,0
JD_11428650,2021-02-28,0,0,0,0,0,0,0
JD_11428647,2021-02-28,0,0,0,0,0,0,0
JD_11428646,2021-02-28,48,33,35,0,1,0,0
JD_11428645,2021-02-28,1,1,1,0,0,0,0
JD_11428644,2021-02-28,0,0,0,0,0,0,0
JD_11428640,2021-02-28,15,14,5,1,0,0,0
JD_11428638,2021-02-28,0,0,0,0,0,0,0
JD_11428634,2021-02-28,5,0,5,0,0,0,0
