JD_11398257,2021-02-28,21,8,21,0,0,0,0
JD_11398252,2021-02-28,6,3,3,0,0,0,0
JD_11398250,2021-02-28,204,0,200,3,1,0,0
JD_11398246,2021-02-28,62,5,60,2,0,0,0
JD_11398245,2021-02-28,19,0,19,0,0,0,0
JD_11398244,2021-02-28,193,0,189,3,1,0,0
JD_11398243,2021-02-28,29,6,28,0,0,0,0
JD_11398242,2021-02-28,30,4,28,1,0,0,0
JD_11398241,2021-02-28,25,9,21,2,0,0,0
JD_11398240,2021-02-28,31,12,23,2,1,0,0
JD_11398239,2021-02-28,16,0,15,0,1,0,0
JD_11398234,2021-02-28,39,12,35,1,0,0,0
JD_11398233,2021-02-28,36,8,31,1,1,0,0
JD_11398232,2021-02-28,15,3,12,2,0,0,0
JD_11398230,2021-02-28,356,266,191,1,1,1,0
JD_11398227,2021-02-28,442,330,274,0,0,1,1
JD_11398226,2021-02-28,1091,815,619,2,0,3,1
JD_11398224,2021-02-28,539,392,311,0,1,1,1
JD_11398223,2021-02-28,699,501,400,0,1,1,0
JD_11398222,2021-02-28,1037,722,691,1,3,1,1
JD_11398221,2021-02-28,1,0,1,0,0,0,0
JD_11398220,2021-02-28,5,4,2,0,0,0,0
JD_11398219,2021-02-28,11,11,5,0,0,0,0
JD_11398218,2021-02-28,3,2,3,0,0,0,0
JD_11398217,2021-02-28,3,2,1,0,0,0,0
JD_11398216,2021-02-28,1,0,1,0,0,0,0
JD_11398215,2021-02-28,0,0,0,0,0,0,0
JD_11398214,2021-02-28,25,4,20,3,0,0,0
JD_11398213,2021-02-28,1,1,0,0,0,0,0
JD_11398212,2021-02-28,13,8,7,0,0,0,0
JD_11398211,2021-02-28,3,0,3,0,0,0,0
JD_11398210,2021-02-28,5,0,3,2,0,0,0
JD_11398209,2021-02-28,2,2,2,0,0,0,0
JD_11398208,2021-02-28,7,6,4,0,0,0,0
JD_11398207,2021-02-28,11,5,7,0,0,0,0
JD_11398206,2021-02-28,3,0,3,0,0,0,0
JD_11398205,2021-02-28,1,0,1,0,0,0,0
JD_11398204,2021-02-28,0,0,0,0,0,0,0
JD_11398203,2021-02-28,9,7,7,0,0,0,0
JD_11398201,2021-02-28,12,7,10,0,0,0,0
JD_11398200,2021-02-28,0,0,0,0,0,0,0
JD_11398199,2021-02-28,2,0,2,0,0,0,0
JD_11398198,2021-02-28,31,20,20,0,0,0,0
JD_11398197,2021-02-28,3,0,3,0,0,0,0
JD_11398196,2021-02-28,7,6,2,0,0,0,0
JD_11398195,2021-02-28,22,18,19,0,0,0,0
JD_11398194,2021-02-28,5,4,2,0,0,0,0
JD_11398193,2021-02-28,4,1,4,0,0,0,0
JD_11398192,2021-02-28,7,5,6,0,0,0,0
JD_11398191,2021-02-28,4,3,4,0,0,0,0
JD_11398190,2021-02-28,0,0,0,0,0,0,0
JD_11398189,2021-02-28,9,6,7,0,0,0,0
JD_11398188,2021-02-28,1,1,0,0,0,0,0
JD_11398187,2021-02-28,46,29,46,0,0,0,0
JD_11398186,2021-02-28,5,4,2,0,0,0,0
JD_11398185,2021-02-28,6,0,6,0,0,0,0
JD_11398184,2021-02-28,36,27,17,0,0,0,0
JD_11398183,2021-02-28,1,0,1,0,0,0,0
JD_11398182,2021-02-28,1,0,1,0,0,0,0
JD_11398181,2021-02-28,0,0,0,0,0,0,0
JD_11398180,2021-02-28,2,1,2,0,0,0,0
JD_11398179,2021-02-28,0,0,0,0,0,0,0
JD_11398178,2021-02-28,4,3,1,0,0,0,0
JD_11398177,2021-02-28,48,37,19,0,1,0,0
JD_11398176,2021-02-28,3,1,2,0,0,0,0
JD_11398175,2021-02-28,3,3,3,0,0,0,0
JD_11398174,2021-02-28,12,7,8,0,0,0,0
JD_11398173,2021-02-28,127,22,126,0,1,0,0
JD_11398171,2021-02-28,145,56,114,0,0,0,2
JD_11398168,2021-02-28,20765,13253,14819,80,34,14,24
