JD_11379641,2021-02-28,70,18,64,1,1,0,0
JD_11379640,2021-02-28,4,0,3,0,1,0,0
JD_11379638,2021-02-28,2,2,1,0,0,0,0
JD_11379635,2021-02-28,0,0,0,0,0,0,0
JD_11379634,2021-02-28,124,18,120,1,2,0,1
JD_11379633,2021-02-28,12,6,10,0,0,0,0
JD_11379632,2021-02-28,0,0,0,0,0,0,0
JD_11379630,2021-02-28,119,19,119,0,0,0,1
JD_11379629,2021-02-28,2,2,2,0,0,0,0
JD_11379628,2021-02-28,1,1,1,0,0,0,0
JD_11379627,2021-02-28,283,149,201,4,0,0,0
JD_11379625,2021-02-28,112,0,103,8,1,0,0
JD_11379624,2021-02-28,553,134,404,10,5,0,0
JD_11379623,2021-02-28,75,2,67,6,2,0,0
JD_11379622,2021-02-28,92,44,91,1,0,0,1
JD_11379619,2021-02-28,120,37,114,0,1,0,0
JD_11379618,2021-02-28,6,5,4,0,0,0,0
JD_11379616,2021-02-28,253,142,253,0,0,0,0
JD_11379615,2021-02-28,0,0,0,0,0,0,0
JD_11379612,2021-02-28,4,3,4,0,0,0,0
JD_11379611,2021-02-28,6,4,3,0,0,0,0
JD_11379609,2021-02-28,0,0,0,0,0,0,0
JD_11379608,2021-02-28,20,12,13,0,0,0,0
JD_11379607,2021-02-28,89,35,74,2,0,0,0
JD_11379604,2021-02-28,77,28,64,3,0,0,0
JD_11379603,2021-02-28,80,32,64,2,0,0,0
JD_11379602,2021-02-28,77,29,62,1,0,0,0
JD_11379589,2021-02-28,100,0,100,0,0,0,0
JD_11379586,2021-02-28,13,2,12,1,0,0,0
JD_11379585,2021-02-28,28,1,25,2,1,0,0
JD_11379584,2021-02-28,14,2,13,1,0,0,0
JD_11379583,2021-02-28,4,2,4,0,0,0,0
JD_11379582,2021-02-28,119,52,96,0,0,0,1
JD_11379580,2021-02-28,32,5,28,0,1,0,0
JD_11379579,2021-02-28,20,4,18,1,0,0,0
JD_11379578,2021-02-28,64,0,63,1,0,0,0
JD_11379577,2021-02-28,0,0,0,0,0,0,0
JD_11379576,2021-02-28,5,1,4,0,1,0,0
JD_11379575,2021-02-28,0,0,0,0,0,0,0
JD_11379574,2021-02-28,0,0,0,0,0,0,0
JD_11379573,2021-02-28,12,10,5,0,0,0,0
JD_11379572,2021-02-28,23,3,22,0,1,0,0
JD_11379571,2021-02-28,5,5,2,0,0,0,0
JD_11379569,2021-02-28,0,0,0,0,0,0,0
JD_11379568,2021-02-28,272,150,208,0,0,0,2
JD_11379566,2021-02-28,1,1,1,0,0,0,0
JD_11379565,2021-02-28,0,0,0,0,0,0,0
JD_11379564,2021-02-28,1,1,1,0,0,0,0
JD_11379563,2021-02-28,1,1,1,0,0,0,0
JD_11379562,2021-02-28,6,2,5,1,0,0,0
JD_11379560,2021-02-28,3250,1431,3214,19,8,0,10
JD_11379559,2021-02-28,104,0,101,2,1,0,0
JD_11379558,2021-02-28,335,140,324,4,1,0,2
JD_11379557,2021-02-28,165,114,96,0,1,0,2
JD_11379556,2021-02-28,744,540,428,1,1,1,3
JD_11379546,2021-02-28,11,0,10,1,0,0,0
JD_11379542,2021-02-28,13,0,12,1,0,0,0
JD_11379537,2021-02-28,6,0,5,1,0,0,0
JD_11379532,2021-02-28,208,0,200,6,2,0,0
JD_11379530,2021-02-28,72,49,36,2,0,0,0
JD_11379529,2021-02-28,101,0,92,9,0,0,0
JD_11379528,2021-02-28,1454,877,1011,14,5,0,3
JD_11379527,2021-02-28,2744,1594,1496,30,14,2,3
JD_11379524,2021-02-28,648,397,498,9,1,2,2
JD_11379520,2021-02-28,3,1,2,0,0,0,0
JD_11379519,2021-02-28,8,1,7,0,0,0,0
JD_11379518,2021-02-28,711,289,540,3,1,0,0
JD_11379517,2021-02-28,1,1,0,0,0,0,0
JD_11379516,2021-02-28,119,14,110,3,1,0,0
JD_11379515,2021-02-28,96,33,77,4,0,0,0
