JD_11450046,2021-02-28,2,2,0,0,0,0,0
JD_11450045,2021-02-28,1,0,1,0,0,0,0
JD_11450044,2021-02-28,6,6,6,0,0,0,0
JD_11450043,2021-02-28,175,18,166,7,2,0,1
JD_11450041,2021-02-28,43,4,42,1,0,0,0
JD_11450038,2021-02-28,14,11,7,0,0,0,0
JD_11450037,2021-02-28,88,12,86,2,0,0,0
JD_11450036,2021-02-28,46,13,45,1,0,0,0
JD_11450035,2021-02-28,24,10,17,4,0,0,0
JD_11450034,2021-02-28,41,24,32,0,0,0,0
JD_11450032,2021-02-28,33,5,32,1,0,0,0
JD_11450031,2021-02-28,297,239,141,0,0,0,0
JD_11450029,2021-02-28,90,61,56,1,0,0,0
JD_11450028,2021-02-28,158,0,151,5,2,0,0
JD_11450027,2021-02-28,34,3,32,2,0,0,0
JD_11450026,2021-02-28,959,548,716,6,1,0,4
JD_11450025,2021-02-28,17,3,16,0,0,0,0
JD_11450024,2021-02-28,4,0,2,1,1,0,0
JD_11450023,2021-02-28,4,0,4,0,0,0,0
JD_11450022,2021-02-28,8,4,8,0,0,0,0
JD_11450021,2021-02-28,38,13,31,5,0,0,0
JD_11450020,2021-02-28,10,4,11,0,0,0,0
JD_11450019,2021-02-28,112,1,101,8,3,0,0
JD_11450018,2021-02-28,10,3,8,0,0,0,0
JD_11450017,2021-02-28,382,228,232,5,3,0,1
JD_11450016,2021-02-28,146,60,119,2,1,0,0
JD_11450015,2021-02-28,4,1,4,0,0,0,0
JD_11450013,2021-02-28,33,13,30,1,0,0,0
JD_11450012,2021-02-28,167,108,102,0,1,0,0
JD_11450011,2021-02-28,199,132,149,1,2,0,1
JD_11450010,2021-02-28,180,111,129,4,2,0,0
JD_11450009,2021-02-28,114,0,112,1,1,0,0
JD_11450008,2021-02-28,199,141,106,1,1,0,1
JD_11450007,2021-02-28,17,6,14,0,0,0,0
JD_11450006,2021-02-28,70,42,41,3,0,0,0
JD_11450005,2021-02-28,141,102,90,2,2,1,0
JD_11450003,2021-02-28,205,142,154,2,2,0,0
JD_11450002,2021-02-28,3,1,2,0,0,0,0
JD_11450001,2021-02-28,2,1,2,0,0,0,0
JD_11450000,2021-02-28,3,2,2,0,0,0,0
JD_11449999,2021-02-28,317,221,234,1,0,0,0
JD_11449998,2021-02-28,188,105,129,3,2,0,0
JD_11449997,2021-02-28,3,1,3,0,0,0,0
JD_11449996,2021-02-28,0,0,0,0,0,0,0
JD_11449995,2021-02-28,11,2,11,0,0,0,0
JD_11449994,2021-02-28,31,2,30,1,0,0,0
JD_11449993,2021-02-28,12,1,12,0,0,0,0
JD_11449991,2021-02-28,9,3,8,0,0,0,0
JD_11449990,2021-02-28,13,4,13,0,0,0,0
JD_11449989,2021-02-28,15,1,15,0,0,0,0
JD_11449988,2021-02-28,8,2,6,0,0,0,0
JD_11449987,2021-02-28,11,5,8,0,0,0,0
JD_11449986,2021-02-28,1,0,1,0,0,0,0
JD_11449985,2021-02-28,4,0,4,0,0,0,0
JD_11449984,2021-02-28,12,3,12,0,0,0,0
JD_11449983,2021-02-28,3,1,3,0,0,0,0
JD_11449982,2021-02-28,2,0,2,0,0,0,0
JD_11449981,2021-02-28,0,0,0,0,0,0,0
JD_11449980,2021-02-28,4,0,4,0,0,0,0
JD_11449979,2021-02-28,14,2,14,0,0,0,0
JD_11449978,2021-02-28,3,3,3,0,0,0,0
JD_11449977,2021-02-28,7,0,7,0,0,0,0
JD_11449976,2021-02-28,13,3,11,1,1,0,0
JD_11449975,2021-02-28,3,0,3,0,0,0,0
JD_11449974,2021-02-28,5,1,4,0,0,0,0
JD_11449973,2021-02-28,8,1,7,1,0,0,0
JD_11449972,2021-02-28,5,1,5,0,0,0,0
JD_11449971,2021-02-28,2,2,1,0,0,0,0
JD_11449970,2021-02-28,13,10,4,1,0,0,0
JD_11449969,2021-02-28,3,1,3,0,0,0,0
