JD_11324591,2021-02-28,0,0,0,0,0,0,0
JD_11324590,2021-02-28,6,4,5,0,0,0,0
JD_11324589,2021-02-28,0,0,0,0,0,0,0
JD_11324588,2021-02-28,0,0,0,0,0,0,0
JD_11324587,2021-02-28,1,1,0,0,0,0,0
JD_11324586,2021-02-28,0,0,0,0,0,0,0
JD_11324585,2021-02-28,0,0,0,0,0,0,0
JD_11324584,2021-02-28,0,0,0,0,0,0,0
JD_11324583,2021-02-28,2,2,2,0,0,0,0
JD_11324582,2021-02-28,1,1,0,0,0,0,0
JD_11324581,2021-02-28,0,0,0,0,0,0,0
JD_11324580,2021-02-28,0,0,0,0,0,0,0
JD_11324578,2021-02-28,199,156,108,0,1,0,0
JD_11324577,2021-02-28,0,0,0,0,0,0,0
JD_11324576,2021-02-28,2,1,2,0,0,0,0
JD_11324575,2021-02-28,0,0,0,0,0,0,0
JD_11324574,2021-02-28,0,0,0,0,0,0,0
JD_11324573,2021-02-28,18,12,11,1,0,0,0
JD_11324571,2021-02-28,0,0,0,0,0,0,0
JD_11324569,2021-02-28,1,1,0,0,0,0,0
JD_11324567,2021-02-28,3,1,2,0,0,0,0
JD_11324566,2021-02-28,2,1,2,0,0,0,0
JD_11324564,2021-02-28,1,1,0,0,0,0,0
JD_11324563,2021-02-28,0,0,0,0,0,0,0
JD_11324558,2021-02-28,18,14,10,0,0,0,0
JD_11324557,2021-02-28,9,6,7,0,0,0,0
JD_11324556,2021-02-28,7,4,3,0,0,0,0
JD_11324555,2021-02-28,16,6,10,0,0,0,0
JD_11324554,2021-02-28,134,104,56,0,0,0,1
JD_11324553,2021-02-28,26,17,16,0,0,0,0
JD_11324552,2021-02-28,73,48,47,0,0,0,0
JD_11324551,2021-02-28,36,16,26,0,0,0,0
JD_11324549,2021-02-28,23,14,9,0,0,0,0
JD_11324548,2021-02-28,18,13,12,0,0,0,0
JD_11324547,2021-02-28,1,1,1,0,0,0,0
JD_11324543,2021-02-28,148,107,58,0,0,1,0
JD_11324542,2021-02-28,0,0,0,0,0,0,0
JD_11324536,2021-02-28,13,3,13,0,0,0,0
JD_11324535,2021-02-28,4,2,3,0,0,0,0
JD_11324533,2021-02-28,14,3,13,1,0,0,0
JD_11324532,2021-02-28,96,52,83,1,0,0,1
JD_11324531,2021-02-28,1,0,1,0,0,0,0
JD_11324530,2021-02-28,6,3,6,0,0,0,0
JD_11324528,2021-02-28,5,3,4,0,1,0,0
JD_11324527,2021-02-28,3,2,4,0,0,0,0
JD_11324525,2021-02-28,2,2,2,0,0,0,0
JD_11324521,2021-02-28,1,0,1,0,0,0,0
JD_11324520,2021-02-28,4,2,2,0,0,0,0
JD_11324518,2021-02-28,14,0,13,0,1,0,0
JD_11324517,2021-02-28,0,0,0,0,0,0,0
JD_11324512,2021-02-28,0,0,0,0,0,0,0
JD_11324511,2021-02-28,0,0,0,0,0,0,0
JD_11324508,2021-02-28,12,7,6,0,0,0,0
JD_11324503,2021-02-28,5,2,4,0,0,0,0
JD_11324499,2021-02-28,1,0,1,0,0,0,0
JD_11324498,2021-02-28,2,1,2,0,0,0,0
JD_11324497,2021-02-28,1,0,1,0,0,0,0
JD_11324492,2021-02-28,0,0,0,0,0,0,0
JD_11324491,2021-02-28,1060,560,960,10,2,0,3
JD_11324490,2021-02-28,2,1,1,0,0,0,0
JD_11324488,2021-02-28,5,3,2,0,0,0,0
JD_11324483,2021-02-28,0,0,0,0,0,0,0
JD_11324480,2021-02-28,22,16,7,0,0,0,0
JD_11324476,2021-02-28,0,0,0,0,0,0,0
JD_11324473,2021-02-28,24,13,16,0,0,0,0
JD_11324470,2021-02-28,0,0,0,0,0,0,0
JD_11324461,2021-02-28,28,15,18,1,0,0,0
JD_11324458,2021-02-28,2,2,0,0,0,0,0
JD_11324455,2021-02-28,25,16,24,0,1,0,0
JD_11324454,2021-02-28,2,1,2,0,0,0,0
