JD_11966667,2021-02-28,41,33,21,0,0,0,0
JD_11966666,2021-02-28,28,18,26,0,0,0,0
JD_11966665,2021-02-28,20,15,14,0,0,0,0
JD_11966664,2021-02-28,27,25,15,0,0,0,0
JD_11966663,2021-02-28,36,26,27,0,0,0,0
JD_11966662,2021-02-28,33,22,30,1,0,0,0
JD_11966661,2021-02-28,159,117,110,1,1,0,0
JD_11966660,2021-02-28,14,9,13,0,0,0,0
JD_11966659,2021-02-28,575,244,454,1,0,0,4
JD_11966658,2021-02-28,34,23,26,0,0,0,1
JD_11966657,2021-02-28,40,32,29,0,0,1,0
JD_11966656,2021-02-28,0,0,0,0,0,0,0
JD_11966655,2021-02-28,67,1,65,2,0,0,1
JD_11966654,2021-02-28,20,13,10,0,0,0,0
JD_11966653,2021-02-28,131,98,94,0,1,0,0
JD_11966652,2021-02-28,5,1,5,0,0,0,0
JD_11966651,2021-02-28,182,139,125,0,1,0,0
JD_11966650,2021-02-28,2,1,2,0,0,0,0
JD_11966649,2021-02-28,128,83,85,0,0,0,0
JD_11966648,2021-02-28,8,7,4,0,0,0,0
JD_11966647,2021-02-28,276,194,163,0,0,0,0
JD_11966646,2021-02-28,724,296,626,1,0,0,2
JD_11966645,2021-02-28,2,0,2,0,0,0,0
JD_11966644,2021-02-28,19,17,15,0,0,0,0
JD_11966643,2021-02-28,14,0,14,0,0,0,0
JD_11966642,2021-02-28,1140,907,554,0,2,0,2
JD_11966641,2021-02-28,68,40,63,0,1,0,0
JD_11966640,2021-02-28,306,203,274,1,0,0,0
JD_11966639,2021-02-28,6,5,5,0,0,0,0
JD_11966638,2021-02-28,71,44,40,0,0,0,1
JD_11966637,2021-02-28,57,36,38,0,0,0,0
JD_11966636,2021-02-28,1,0,1,0,0,0,0
JD_11966635,2021-02-28,1166,934,698,6,2,0,3
JD_11966634,2021-02-28,5,4,4,0,0,0,0
JD_11966633,2021-02-28,406,332,339,0,0,0,1
JD_11966632,2021-02-28,0,0,0,0,0,0,0
JD_11966631,2021-02-28,308,93,302,3,1,0,2
JD_11966630,2021-02-28,29,22,21,0,1,0,0
JD_11966629,2021-02-28,296,91,275,0,1,0,1
JD_11966628,2021-02-28,35,25,26,0,0,0,0
JD_11966627,2021-02-28,187,53,184,1,0,0,1
JD_11965685,2021-02-28,110,77,94,0,0,0,0
JD_11965684,2021-02-28,536,387,233,2,0,1,0
JD_11965682,2021-02-28,408,309,110,1,0,0,1
JD_11965681,2021-02-28,12,10,6,0,0,0,0
JD_11965680,2021-02-28,9,7,3,0,0,0,0
JD_11965679,2021-02-28,22,11,15,0,1,0,1
JD_11965678,2021-02-28,8,6,7,0,0,0,0
JD_11965677,2021-02-28,654,323,643,3,1,2,6
JD_11965676,2021-02-28,4,1,3,0,0,0,0
JD_11965675,2021-02-28,2412,1499,1634,8,3,3,12
JD_11965674,2021-02-28,5,5,5,0,0,0,0
JD_11965673,2021-02-28,614,446,478,1,0,1,0
JD_11965672,2021-02-28,5,3,2,0,1,0,0
JD_11965671,2021-02-28,554,232,524,4,2,1,4
JD_11965670,2021-02-28,16,12,8,0,0,0,0
JD_11965669,2021-02-28,16,8,12,1,0,0,0
JD_11965668,2021-02-28,29,17,20,0,0,0,0
JD_11965667,2021-02-28,213,81,200,3,0,1,1
JD_11965666,2021-02-28,4,3,4,0,0,0,0
JD_11965665,2021-02-28,10,5,5,1,0,0,0
JD_11965664,2021-02-28,11,5,10,0,0,0,0
JD_11965663,2021-02-28,3,3,1,0,0,0,0
JD_11965662,2021-02-28,4,4,1,0,0,0,0
JD_11965661,2021-02-28,18,14,9,0,0,0,0
JD_11965660,2021-02-28,367,285,84,0,1,0,0
JD_11965659,2021-02-28,1,0,1,0,0,0,0
JD_11965658,2021-02-28,708,570,148,1,1,0,1
JD_11965657,2021-02-28,73,49,39,0,1,0,1
JD_11965655,2021-02-28,60,46,33,0,0,0,0
