JD_11415779,2021-02-28,0,0,0,0,0,0,0
JD_11415778,2021-02-28,1,1,1,0,0,0,0
JD_11415777,2021-02-28,0,0,0,0,0,0,0
JD_11415776,2021-02-28,0,0,0,0,0,0,0
JD_11415774,2021-02-28,0,0,0,0,0,0,0
JD_11415771,2021-02-28,0,0,0,0,0,0,0
JD_11415766,2021-02-28,0,0,0,0,0,0,0
JD_11415762,2021-02-28,0,0,0,0,0,0,0
JD_11415758,2021-02-28,0,0,0,0,0,0,0
JD_11415746,2021-02-28,0,0,0,0,0,0,0
JD_11415745,2021-02-28,0,0,0,0,0,0,0
JD_11415742,2021-02-28,2,1,1,0,0,0,0
JD_11415738,2021-02-28,0,0,0,0,0,0,0
JD_11415737,2021-02-28,0,0,0,0,0,0,0
JD_11415731,2021-02-28,0,0,0,0,0,0,0
JD_11415728,2021-02-28,0,0,0,0,0,0,0
JD_11415726,2021-02-28,0,0,0,0,0,0,0
JD_11415723,2021-02-28,1,0,1,0,0,0,0
JD_11415722,2021-02-28,0,0,0,0,0,0,0
JD_11415719,2021-02-28,1,0,1,0,0,0,0
JD_11415718,2021-02-28,0,0,0,0,0,0,0
JD_11415698,2021-02-28,0,0,0,0,0,0,0
JD_11415696,2021-02-28,0,0,0,0,0,0,0
JD_11415676,2021-02-28,0,0,0,0,0,0,0
JD_11415675,2021-02-28,0,0,0,0,0,0,0
JD_11415671,2021-02-28,0,0,0,0,0,0,0
JD_11415667,2021-02-28,0,0,0,0,0,0,0
JD_11415666,2021-02-28,0,0,0,0,0,0,0
JD_11415665,2021-02-28,89,0,86,3,0,0,0
JD_11415661,2021-02-28,0,0,0,0,0,0,0
JD_11415660,2021-02-28,0,0,0,0,0,0,0
JD_11415654,2021-02-28,4,2,4,0,0,0,0
JD_11415642,2021-02-28,0,0,0,0,0,0,0
JD_11415620,2021-02-28,2,1,1,0,0,0,0
JD_11415617,2021-02-28,175,138,49,0,0,0,0
JD_11415611,2021-02-28,0,0,0,0,0,0,0
JD_11415610,2021-02-28,9,6,7,0,0,0,0
JD_11415606,2021-02-28,10,7,6,0,0,0,0
JD_11415605,2021-02-28,0,0,0,0,0,0,0
JD_11415601,2021-02-28,7,6,1,0,0,0,0
JD_11415598,2021-02-28,0,0,0,0,0,0,0
JD_11415597,2021-02-28,0,0,0,0,0,0,0
JD_11415596,2021-02-28,0,0,0,0,0,0,0
JD_11415595,2021-02-28,0,0,0,0,0,0,0
JD_11415592,2021-02-28,49,28,25,0,0,0,0
JD_11415590,2021-02-28,0,0,0,0,0,0,0
JD_11415587,2021-02-28,1,1,1,0,0,0,0
JD_11415586,2021-02-28,0,0,0,0,0,0,0
JD_11415578,2021-02-28,0,0,0,0,0,0,0
JD_11415571,2021-02-28,1,0,1,0,0,0,0
JD_11415552,2021-02-28,0,0,0,0,0,0,0
JD_11415544,2021-02-28,80,71,9,0,0,0,0
JD_11415543,2021-02-28,185,150,34,1,0,0,0
JD_11415542,2021-02-28,78,64,14,0,0,0,0
JD_11415541,2021-02-28,74,60,13,0,1,0,0
JD_11415540,2021-02-28,350,294,55,1,0,1,0
JD_11415539,2021-02-28,365,326,38,1,0,0,0
JD_11415538,2021-02-28,58,48,10,0,0,0,0
JD_11415537,2021-02-28,82,73,9,0,0,0,0
JD_11415536,2021-02-28,106,96,10,0,0,0,0
JD_11415534,2021-02-28,109,91,20,0,0,0,0
JD_11415533,2021-02-28,160,139,21,0,0,0,0
JD_11415532,2021-02-28,4,3,3,1,0,0,0
JD_11415531,2021-02-28,1,1,1,0,0,0,0
JD_11415525,2021-02-28,18,12,10,0,0,0,0
JD_11415520,2021-02-28,0,0,0,0,0,0,0
JD_11415514,2021-02-28,451,361,282,2,0,1,1
JD_11415511,2021-02-28,20,13,14,0,0,0,0
JD_11415508,2021-02-28,0,0,0,0,0,0,0
JD_11415507,2021-02-28,1,0,1,0,0,0,0
