JD_11285652,2021-02-28,102,67,60,2,1,0,0
JD_11285651,2021-02-28,1,1,1,0,0,0,0
JD_11285647,2021-02-28,34,7,30,0,2,0,0
JD_11285646,2021-02-28,1636,393,1385,33,20,2,0
JD_11285645,2021-02-28,1422,295,1239,26,20,1,3
JD_11285644,2021-02-28,956,182,840,7,2,0,0
JD_11285643,2021-02-28,10,7,10,0,0,0,1
JD_11285642,2021-02-28,8,4,5,1,0,0,0
JD_11285641,2021-02-28,5,2,5,0,0,0,0
JD_11285640,2021-02-28,7,3,5,0,0,0,0
JD_11285639,2021-02-28,10,4,8,0,0,0,0
JD_11285637,2021-02-28,63,9,62,1,0,0,0
JD_11285635,2021-02-28,29,6,28,0,1,0,0
JD_11285634,2021-02-28,45,11,42,0,0,0,0
JD_11285633,2021-02-28,17,13,9,0,0,0,0
JD_11285632,2021-02-28,447,284,288,3,1,0,1
JD_11285631,2021-02-28,1,1,1,0,0,0,0
JD_11285629,2021-02-28,580,440,349,5,1,0,1
JD_11285628,2021-02-28,3,2,2,0,0,0,0
JD_11285627,2021-02-28,457,293,362,3,2,0,2
JD_11285626,2021-02-28,195,145,117,1,0,0,0
JD_11285625,2021-02-28,0,0,0,0,0,0,0
JD_11285624,2021-02-28,102,25,100,2,0,0,0
JD_11285623,2021-02-28,15,7,15,0,0,0,0
JD_11285622,2021-02-28,6,2,5,0,0,0,0
JD_11285621,2021-02-28,1,1,0,0,0,0,0
JD_11285620,2021-02-28,13,4,10,0,0,0,0
JD_11285619,2021-02-28,0,0,0,0,0,0,0
JD_11285618,2021-02-28,17,4,15,0,1,0,0
JD_11285617,2021-02-28,15,4,12,0,0,0,0
JD_11285616,2021-02-28,72,8,71,1,0,0,0
JD_11285609,2021-02-28,17,14,15,0,0,0,0
JD_11285608,2021-02-28,6,0,5,1,0,0,0
JD_11285607,2021-02-28,12,3,10,0,0,0,0
JD_11285606,2021-02-28,1,1,1,0,0,0,0
JD_11285604,2021-02-28,2,1,2,0,0,0,0
JD_11285603,2021-02-28,71,2,67,4,0,0,0
JD_11285601,2021-02-28,50,35,24,0,0,1,0
JD_11285600,2021-02-28,6,3,3,1,0,0,0
JD_11285599,2021-02-28,3,0,3,0,0,0,0
JD_11285598,2021-02-28,10,5,6,0,0,0,0
JD_11285597,2021-02-28,4,3,2,0,0,0,0
JD_11285596,2021-02-28,4,3,3,0,0,0,0
JD_11285595,2021-02-28,6,1,5,0,0,0,0
JD_11285594,2021-02-28,4,1,4,0,0,0,0
JD_11285580,2021-02-28,2,0,2,0,0,0,0
JD_11285561,2021-02-28,10,7,8,0,0,0,0
JD_11285560,2021-02-28,24,17,12,0,0,0,1
JD_11285559,2021-02-28,9,2,9,0,0,0,1
JD_11285558,2021-02-28,5,3,5,0,0,0,0
JD_11285553,2021-02-28,52,29,47,0,0,0,0
JD_11285551,2021-02-28,10,0,9,0,1,0,0
JD_11285548,2021-02-28,10,6,8,0,0,0,0
JD_11285547,2021-02-28,16,15,6,0,0,0,0
JD_11285545,2021-02-28,262,183,119,1,3,0,0
JD_11285544,2021-02-28,2,2,0,0,0,0,0
JD_11285542,2021-02-28,13,7,9,0,0,0,0
JD_11285541,2021-02-28,5,3,3,0,0,0,0
JD_11285539,2021-02-28,16,9,11,0,0,0,0
JD_11285538,2021-02-28,0,0,0,0,0,0,0
JD_11285536,2021-02-28,1,1,1,0,0,0,0
JD_11285535,2021-02-28,145,0,142,3,0,0,0
JD_11285533,2021-02-28,109,1,102,6,0,0,0
JD_11285532,2021-02-28,41,21,32,0,0,0,0
JD_11285531,2021-02-28,29,22,10,0,0,0,0
JD_11285530,2021-02-28,217,178,111,0,0,0,0
JD_11285529,2021-02-28,1,1,1,0,0,0,0
JD_11285528,2021-02-28,17,12,5,0,0,0,0
JD_11285527,2021-02-28,3,1,3,0,0,0,0
