JD_11380913,2021-02-28,0,0,0,0,0,0,0
JD_11380910,2021-02-28,5,0,6,0,0,1,0
JD_11380907,2021-02-28,1,1,1,0,0,0,0
JD_11380906,2021-02-28,1,0,1,0,0,0,0
JD_11380905,2021-02-28,4,1,4,0,0,0,0
JD_11380904,2021-02-28,2,0,2,0,0,0,0
JD_11380903,2021-02-28,4,1,3,0,0,0,0
JD_11380902,2021-02-28,0,0,0,0,0,0,0
JD_11380900,2021-02-28,0,0,0,0,0,0,0
JD_11380898,2021-02-28,1,1,0,0,0,0,0
JD_11380896,2021-02-28,5,0,4,0,1,0,0
JD_11380895,2021-02-28,0,0,0,0,0,0,0
JD_11380894,2021-02-28,0,0,0,0,0,0,0
JD_11380892,2021-02-28,0,0,0,0,0,0,0
JD_11380891,2021-02-28,2,1,1,0,0,0,0
JD_11380888,2021-02-28,0,0,0,0,0,0,0
JD_11380886,2021-02-28,0,0,0,0,0,0,0
JD_11380885,2021-02-28,146,42,144,0,2,0,1
JD_11380881,2021-02-28,0,0,0,0,0,0,0
JD_11380880,2021-02-28,0,0,0,0,0,0,0
JD_11380877,2021-02-28,7,0,6,1,0,0,0
JD_11380876,2021-02-28,1,1,0,0,0,0,0
JD_11380875,2021-02-28,87,1,86,1,0,0,0
JD_11380874,2021-02-28,0,0,0,0,0,0,0
JD_11380873,2021-02-28,0,0,0,0,0,0,0
JD_11380872,2021-02-28,0,0,0,0,0,0,0
JD_11380869,2021-02-28,0,0,0,0,0,0,0
JD_11380868,2021-02-28,0,0,0,0,0,0,0
JD_11380867,2021-02-28,2,0,2,0,0,0,0
JD_11380865,2021-02-28,139,49,110,1,1,0,1
JD_11380864,2021-02-28,9,7,3,1,0,0,0
JD_11380863,2021-02-28,7,4,3,1,0,0,0
JD_11380862,2021-02-28,6,5,3,0,0,0,0
JD_11380861,2021-02-28,8,5,3,0,0,0,0
JD_11380859,2021-02-28,94,31,72,2,0,0,0
JD_11380858,2021-02-28,6,6,3,0,0,0,0
JD_11380851,2021-02-28,5,4,2,0,0,0,0
JD_11380848,2021-02-28,229,173,168,0,0,0,0
JD_11380847,2021-02-28,18,17,6,0,0,0,0
JD_11380846,2021-02-28,6,2,5,0,0,0,0
JD_11380839,2021-02-28,0,0,0,0,0,0,0
JD_11380836,2021-02-28,4,3,1,0,0,0,0
JD_11380833,2021-02-28,14,8,10,0,0,0,0
JD_11380823,2021-02-28,44,10,41,2,1,0,0
JD_11380819,2021-02-28,3,1,2,0,0,0,0
JD_11380816,2021-02-28,3,1,2,0,0,0,0
JD_11380815,2021-02-28,3,3,2,0,0,0,0
JD_11380813,2021-02-28,6,4,6,0,0,0,0
JD_11380812,2021-02-28,0,0,0,0,0,0,0
JD_11380811,2021-02-28,40,23,26,1,0,0,0
JD_11380804,2021-02-28,4,2,2,0,0,0,0
JD_11380802,2021-02-28,0,0,0,0,0,0,0
JD_11380800,2021-02-28,15,0,15,0,0,0,0
JD_11380796,2021-02-28,58,11,56,1,1,0,0
JD_11380795,2021-02-28,76,9,73,3,0,0,0
JD_11380791,2021-02-28,10,8,4,0,0,0,0
JD_11380788,2021-02-28,2,2,1,0,0,0,0
JD_11380784,2021-02-28,0,0,0,0,0,0,0
JD_11380782,2021-02-28,1,1,1,0,0,0,0
JD_11380781,2021-02-28,0,0,0,0,0,0,0
JD_11380777,2021-02-28,0,0,0,0,0,0,0
JD_11380775,2021-02-28,4,1,3,0,0,0,0
JD_11380769,2021-02-28,0,0,0,0,0,0,0
JD_11380768,2021-02-28,0,0,0,0,0,0,0
JD_11380767,2021-02-28,0,0,0,0,0,0,0
JD_11380766,2021-02-28,182,96,179,0,1,0,0
JD_11380765,2021-02-28,1,1,0,0,0,0,0
JD_11380760,2021-02-28,0,0,0,0,0,0,0
JD_11380759,2021-02-28,16,4,15,0,0,0,0
JD_11380756,2021-02-28,170,8,166,2,2,0,0
