JD_11305084,2021-02-28,0,0,0,0,0,0,0
JD_11305082,2021-02-28,0,0,0,0,0,0,0
JD_11305080,2021-02-28,0,0,0,0,0,0,0
JD_11305079,2021-02-28,0,0,0,0,0,0,0
JD_11305078,2021-02-28,0,0,0,0,0,0,0
JD_11305077,2021-02-28,0,0,0,0,0,0,0
JD_11305074,2021-02-28,0,0,0,0,0,0,0
JD_11305072,2021-02-28,0,0,0,0,0,0,0
JD_11305071,2021-02-28,0,0,0,0,0,0,0
JD_11305070,2021-02-28,0,0,0,0,0,0,0
JD_11305069,2021-02-28,0,0,0,0,0,0,0
JD_11305068,2021-02-28,0,0,0,0,0,0,0
JD_11305067,2021-02-28,0,0,0,0,0,0,0
JD_11305066,2021-02-28,0,0,0,0,0,0,0
JD_11305064,2021-02-28,0,0,0,0,0,0,0
JD_11305061,2021-02-28,0,0,0,0,0,0,0
JD_11305059,2021-02-28,0,0,0,0,0,0,0
JD_11305057,2021-02-28,0,0,0,0,0,0,0
JD_11305056,2021-02-28,0,0,0,0,0,0,0
JD_11305055,2021-02-28,0,0,0,0,0,0,0
JD_11305054,2021-02-28,0,0,0,0,0,0,0
JD_11305053,2021-02-28,0,0,0,0,0,0,0
JD_11305052,2021-02-28,0,0,0,0,0,0,0
JD_11305050,2021-02-28,0,0,0,0,0,0,0
JD_11305047,2021-02-28,0,0,0,0,0,0,0
JD_11305045,2021-02-28,6,5,2,0,0,0,0
JD_11305043,2021-02-28,5,1,5,0,0,0,0
JD_11305042,2021-02-28,2,0,2,0,0,0,0
JD_11305041,2021-02-28,2,0,2,0,0,0,0
JD_11305039,2021-02-28,1,0,1,0,0,0,0
JD_11305036,2021-02-28,1,1,1,0,0,0,0
JD_11305035,2021-02-28,2,0,2,0,0,0,0
JD_11305034,2021-02-28,1,1,1,0,0,0,0
JD_11305033,2021-02-28,1,0,1,0,0,0,0
JD_11305032,2021-02-28,1,0,0,0,1,0,0
JD_11305031,2021-02-28,6,0,4,2,0,0,0
JD_11305030,2021-02-28,0,0,0,0,0,0,0
JD_11305028,2021-02-28,14,4,12,1,0,0,0
JD_11305024,2021-02-28,0,0,0,0,0,0,0
JD_11305020,2021-02-28,0,0,0,0,0,0,0
JD_11305017,2021-02-28,14,0,13,0,1,0,0
JD_11305015,2021-02-28,1,1,1,0,0,0,0
JD_11305013,2021-02-28,72,47,72,0,0,0,0
JD_11305012,2021-02-28,0,0,0,0,0,0,0
JD_11305011,2021-02-28,13,0,13,0,0,0,0
JD_11305010,2021-02-28,2,1,2,0,0,0,0
JD_11305009,2021-02-28,0,0,0,0,0,0,0
JD_11305008,2021-02-28,5,0,5,0,0,0,0
JD_11305007,2021-02-28,59,27,45,0,0,0,0
JD_11305005,2021-02-28,0,0,0,0,0,0,0
JD_11305004,2021-02-28,84,26,80,0,3,0,0
JD_11304998,2021-02-28,1,0,1,0,0,0,0
JD_11304996,2021-02-28,16,11,14,1,0,0,0
JD_11304995,2021-02-28,1,0,1,0,0,0,0
JD_11304993,2021-02-28,2,0,2,0,0,0,0
JD_11304992,2021-02-28,5,4,4,0,0,0,0
JD_11304991,2021-02-28,1,1,1,0,0,0,0
JD_11304990,2021-02-28,2,0,2,0,0,0,0
JD_11304987,2021-02-28,3,0,2,1,0,0,0
JD_11304985,2021-02-28,12,0,12,0,0,0,0
JD_11304984,2021-02-28,77,48,49,0,0,0,0
JD_11304983,2021-02-28,4,2,3,0,0,0,0
JD_11304978,2021-02-28,217,105,188,4,3,0,0
JD_11304977,2021-02-28,101,42,98,2,0,0,0
JD_11304970,2021-02-28,119,69,101,3,0,0,1
JD_11304957,2021-02-28,8,4,4,0,0,0,0
JD_11304956,2021-02-28,2,1,1,0,0,0,0
JD_11304955,2021-02-28,4,2,2,0,0,0,0
JD_11304954,2021-02-28,14,12,2,0,0,0,0
JD_11304952,2021-02-28,0,0,0,0,0,0,0
