JD_11529177,2021-02-28,16,12,6,0,0,0,0
JD_11529176,2021-02-28,23,14,14,0,0,0,0
JD_11529175,2021-02-28,6,4,3,0,0,0,0
JD_11529174,2021-02-28,8,7,4,0,0,0,0
JD_11529173,2021-02-28,2,0,2,0,0,0,0
JD_11529172,2021-02-28,0,0,0,0,0,0,0
JD_11529171,2021-02-28,4,2,4,0,0,0,0
JD_11529169,2021-02-28,1,0,1,0,0,0,0
JD_11529168,2021-02-28,0,0,0,0,0,0,0
JD_11529167,2021-02-28,1,1,1,0,0,0,0
JD_11529166,2021-02-28,0,0,0,0,0,0,0
JD_11529161,2021-02-28,18,3,15,0,0,0,0
JD_11529159,2021-02-28,34,9,31,0,2,0,0
JD_11529158,2021-02-28,17,3,14,0,0,0,0
JD_11529154,2021-02-28,7,3,6,0,1,0,0
JD_11529153,2021-02-28,18,8,18,0,0,0,0
JD_11529152,2021-02-28,4,1,4,0,0,0,0
JD_11529151,2021-02-28,0,0,0,0,0,0,0
JD_11529150,2021-02-28,0,0,0,0,0,0,0
JD_11529149,2021-02-28,5,2,3,0,0,0,0
JD_11529148,2021-02-28,3,1,3,0,0,0,0
JD_11529143,2021-02-28,0,0,0,0,0,0,0
JD_11529141,2021-02-28,0,0,0,0,0,0,0
JD_11529137,2021-02-28,0,0,0,0,0,0,0
JD_11529136,2021-02-28,1,0,1,0,0,0,0
JD_11529135,2021-02-28,1,1,0,0,0,0,0
JD_11529134,2021-02-28,4,2,4,0,0,0,0
JD_11529132,2021-02-28,7,7,1,0,0,0,0
JD_11529131,2021-02-28,20,15,16,0,0,0,0
JD_11529130,2021-02-28,11,3,10,0,0,0,0
JD_11529129,2021-02-28,0,0,0,0,0,0,0
JD_11529128,2021-02-28,1,1,0,0,0,0,0
JD_11529127,2021-02-28,37,13,32,1,2,0,0
JD_11529126,2021-02-28,1,0,1,0,0,0,0
JD_11529125,2021-02-28,7,5,6,0,0,0,0
JD_11529122,2021-02-28,27,24,5,0,0,0,0
JD_11529121,2021-02-28,7,6,2,0,0,0,0
JD_11529120,2021-02-28,8,8,3,0,0,0,0
JD_11529118,2021-02-28,15,10,8,0,0,0,0
JD_11529117,2021-02-28,16,13,3,0,0,0,0
JD_11529115,2021-02-28,3,3,1,0,0,0,0
JD_11529114,2021-02-28,2,2,1,0,0,0,0
JD_11529110,2021-02-28,47,38,13,0,0,0,0
JD_11529108,2021-02-28,12,11,4,0,0,0,0
JD_11529106,2021-02-28,2,2,0,0,0,0,0
JD_11529105,2021-02-28,0,0,0,0,0,0,0
JD_11529104,2021-02-28,37,27,19,0,0,0,0
JD_11529103,2021-02-28,14,10,11,0,0,0,0
JD_11529102,2021-02-28,32,24,21,0,0,0,1
JD_11529101,2021-02-28,3,2,3,0,0,0,0
JD_11529098,2021-02-28,19,10,16,0,0,0,0
JD_11529096,2021-02-28,6,6,2,0,0,0,0
JD_11529094,2021-02-28,2,1,2,0,0,0,0
JD_11529093,2021-02-28,11,2,8,1,1,0,0
JD_11529092,2021-02-28,2,0,2,0,0,0,0
JD_11529091,2021-02-28,55,0,55,0,0,0,0
JD_11529089,2021-02-28,0,0,0,0,0,0,0
JD_11529087,2021-02-28,0,0,0,0,0,0,0
JD_11529086,2021-02-28,48,29,39,0,0,0,0
JD_11529084,2021-02-28,16,2,15,0,0,0,0
JD_11529083,2021-02-28,0,0,0,0,0,0,0
JD_11529082,2021-02-28,5,3,4,0,0,0,0
JD_11529080,2021-02-28,4,2,3,0,0,0,0
JD_11529078,2021-02-28,0,0,0,0,0,0,0
JD_11529076,2021-02-28,9,4,5,0,1,0,0
JD_11529075,2021-02-28,3,0,3,0,0,0,0
JD_11529074,2021-02-28,3,2,1,0,0,0,0
JD_11529073,2021-02-28,0,0,0,0,0,0,0
JD_11529072,2021-02-28,26,23,24,0,0,0,0
JD_11529071,2021-02-28,10,1,9,0,0,0,0
