JD_12277476,2021-02-28,60,55,10,0,0,0,0
JD_12277475,2021-02-28,456,379,157,1,0,0,1
JD_12277474,2021-02-28,12,6,8,0,0,0,0
JD_12277473,2021-02-28,291,238,79,2,0,0,1
JD_12277472,2021-02-28,113,93,67,0,0,0,1
JD_12277471,2021-02-28,15,12,3,0,0,0,0
JD_12277470,2021-02-28,165,117,109,0,1,0,0
JD_12277319,2021-02-28,25,23,23,0,0,0,0
JD_12277317,2021-02-28,9,7,8,0,0,0,0
JD_12277316,2021-02-28,0,0,0,0,0,0,0
JD_12277315,2021-02-28,27,24,18,0,0,0,0
JD_12277314,2021-02-28,1,1,1,0,0,0,0
JD_12277313,2021-02-28,25,19,17,0,0,0,0
JD_12277312,2021-02-28,27,19,13,1,0,0,0
JD_12277311,2021-02-28,12,8,11,0,0,0,0
JD_12277310,2021-02-28,16,12,13,0,0,0,0
JD_12277309,2021-02-28,82,67,60,1,0,0,0
JD_12277308,2021-02-28,2,2,2,0,0,0,0
JD_12277307,2021-02-28,0,0,0,0,0,0,0
JD_12277306,2021-02-28,2,2,0,0,0,0,0
JD_12277305,2021-02-28,2,2,1,0,0,0,0
JD_12277304,2021-02-28,73,59,29,0,0,0,0
JD_12277303,2021-02-28,7,5,4,0,0,0,0
JD_12277302,2021-02-28,57,39,33,0,0,0,0
JD_12277301,2021-02-28,1130,761,937,1,2,3,4
JD_12277300,2021-02-28,7,7,5,0,0,0,0
JD_12277299,2021-02-28,8,4,6,1,0,0,0
JD_12277298,2021-02-28,3,3,2,0,0,0,0
JD_12277297,2021-02-28,18,17,6,0,0,0,0
JD_12277296,2021-02-28,208,166,65,0,1,0,0
JD_12277295,2021-02-28,3,3,1,0,0,0,0
JD_12277294,2021-02-28,8,8,6,0,0,0,0
JD_12277293,2021-02-28,10,9,7,0,0,0,1
JD_12277292,2021-02-28,12,8,12,0,0,0,0
JD_12277291,2021-02-28,8,7,6,0,0,0,0
JD_12277289,2021-02-28,45,38,45,0,0,0,0
JD_12277288,2021-02-28,7,7,2,0,0,0,0
JD_12277287,2021-02-28,31,24,24,0,0,0,0
JD_12277285,2021-02-28,1111,884,598,6,6,3,1
JD_12277283,2021-02-28,50,45,12,0,0,1,0
JD_12277282,2021-02-28,7,6,5,0,1,0,0
JD_12277281,2021-02-28,4,4,2,0,0,0,0
JD_12277280,2021-02-28,0,0,0,0,0,0,0
JD_12277279,2021-02-28,17,14,9,0,0,0,0
JD_12277277,2021-02-28,9,8,4,0,0,0,0
JD_12277275,2021-02-28,32,27,26,0,0,0,0
JD_12277273,2021-02-28,14,13,7,0,0,0,0
JD_12277272,2021-02-28,0,0,0,0,0,0,0
JD_12277271,2021-02-28,5,5,3,0,0,0,0
JD_12277269,2021-02-28,0,0,0,0,0,0,0
JD_12277268,2021-02-28,2,2,0,0,0,0,0
JD_12277267,2021-02-28,6,5,3,0,0,0,0
JD_12277266,2021-02-28,3,3,1,0,0,0,0
JD_12277265,2021-02-28,48,35,44,1,0,0,0
JD_12277264,2021-02-28,54,39,38,0,0,0,0
JD_12277263,2021-02-28,4,3,5,0,0,0,0
JD_12277262,2021-02-28,7,4,7,0,0,0,0
JD_12277261,2021-02-28,38,33,33,0,0,0,0
JD_12277260,2021-02-28,2,2,2,0,0,0,0
JD_12277259,2021-02-28,7,6,5,0,0,0,0
JD_12277257,2021-02-28,21,19,14,0,0,0,0
JD_12277255,2021-02-28,68,55,32,0,0,0,0
JD_12277253,2021-02-28,122,104,50,0,0,0,0
JD_12277251,2021-02-28,2,2,0,0,0,0,0
JD_12277249,2021-02-28,15,12,8,0,0,0,0
JD_12277247,2021-02-28,1,1,1,0,0,0,0
JD_12277246,2021-02-28,24,19,23,0,0,0,0
JD_12277245,2021-02-28,10,7,6,0,0,0,0
JD_12277243,2021-02-28,9,9,6,0,0,0,0
JD_12277242,2021-02-28,6,5,3,0,0,0,0
