JD_12530206,2021-02-28,155,129,54,0,0,1,1
JD_12530205,2021-02-28,68,57,11,0,0,0,0
JD_12530204,2021-02-28,4,4,0,0,0,0,0
JD_12530203,2021-02-28,115,101,14,0,0,0,0
JD_12530202,2021-02-28,20,18,2,0,0,0,0
JD_12530201,2021-02-28,2,2,0,0,0,0,0
JD_12530200,2021-02-28,47,40,7,0,0,0,0
JD_12530199,2021-02-28,2,2,0,0,0,0,0
JD_12530198,2021-02-28,20,19,2,0,0,0,0
JD_12530197,2021-02-28,34,30,4,0,0,0,0
JD_12530196,2021-02-28,9,8,1,0,0,0,0
JD_12530195,2021-02-28,4,4,0,0,0,0,0
JD_12530194,2021-02-28,927,805,126,1,1,0,1
JD_12530193,2021-02-28,9,7,2,0,0,0,0
JD_12530192,2021-02-28,0,0,0,0,0,0,0
JD_12530191,2021-02-28,4,4,0,0,0,0,0
JD_12530190,2021-02-28,0,0,0,0,0,0,0
JD_12530189,2021-02-28,2,1,1,0,0,0,0
JD_12530188,2021-02-28,32,28,4,0,0,0,0
JD_12530187,2021-02-28,1,1,0,0,0,0,0
JD_12530186,2021-02-28,239,215,25,0,0,0,0
JD_12530185,2021-02-28,2,1,1,0,0,0,0
JD_12530184,2021-02-28,7,5,2,0,0,0,0
JD_12530183,2021-02-28,3,3,0,0,0,0,0
JD_12530182,2021-02-28,65,53,12,0,1,0,0
JD_12530181,2021-02-28,22,18,4,0,0,0,0
JD_12530179,2021-02-28,5,5,0,0,0,0,0
JD_12530178,2021-02-28,19,17,2,0,0,0,0
JD_12530177,2021-02-28,213,189,24,0,0,1,0
JD_12530176,2021-02-28,0,0,0,0,0,0,0
JD_12530175,2021-02-28,3,3,0,0,0,0,0
JD_12530174,2021-02-28,5,5,0,0,0,0,0
JD_12530173,2021-02-28,2,2,0,0,0,0,0
JD_12530172,2021-02-28,0,0,0,0,0,0,0
JD_12530171,2021-02-28,2,2,0,0,0,0,0
JD_12530170,2021-02-28,61,49,12,0,0,0,0
JD_12530169,2021-02-28,8,7,1,0,0,0,0
JD_12530167,2021-02-28,4,4,0,0,0,0,0
JD_12530166,2021-02-28,261,221,41,0,0,0,0
JD_12530165,2021-02-28,0,0,0,0,0,0,0
JD_12530164,2021-02-28,360,295,77,3,0,0,0
JD_12530163,2021-02-28,4,4,0,0,0,0,0
JD_12530162,2021-02-28,279,240,44,0,0,1,0
JD_12530161,2021-02-28,4,4,0,0,0,0,0
JD_12530160,2021-02-28,451,364,89,0,0,0,0
JD_12530159,2021-02-28,0,0,0,0,0,0,0
JD_12530158,2021-02-28,87,70,19,0,0,0,0
JD_12529944,2021-02-28,6610,5773,826,2,9,3,16
JD_12529943,2021-02-28,2,1,1,0,0,0,0
JD_12529942,2021-02-28,570,486,84,0,0,0,0
JD_12529941,2021-02-28,926,778,148,0,0,1,2
JD_12529940,2021-02-28,306,252,57,1,0,0,0
JD_12529939,2021-02-28,0,0,0,0,0,0,0
JD_12529938,2021-02-28,2265,1811,550,5,0,7,2
JD_12529937,2021-02-28,1,1,0,0,0,0,0
JD_12529936,2021-02-28,30,26,4,0,0,0,0
JD_12529935,2021-02-28,8,7,1,0,0,0,0
JD_12529934,2021-02-28,62,51,14,2,0,0,0
JD_12529933,2021-02-28,894,825,68,1,0,0,1
JD_12529932,2021-02-28,1659,1367,303,2,1,1,7
JD_12529931,2021-02-28,2544,2151,389,2,2,2,1
JD_12529930,2021-02-28,1279,1021,257,1,1,1,3
JD_12529929,2021-02-28,72,55,15,2,0,0,1
JD_12529928,2021-02-28,505,405,97,1,2,0,1
JD_12529927,2021-02-28,21,16,4,1,0,0,1
JD_12529926,2021-02-28,0,0,0,0,0,0,0
JD_12529925,2021-02-28,308,243,65,0,0,0,2
JD_12529924,2021-02-28,2260,1969,288,1,2,1,4
JD_12529923,2021-02-28,458,376,81,1,0,0,2
JD_12529922,2021-02-28,2690,2356,333,1,0,11,4
