JD_11377264,2021-02-28,1,1,0,0,0,0,0
JD_11377262,2021-02-28,88,0,82,3,3,0,0
JD_11377260,2021-02-28,450,53,435,11,3,0,0
JD_11377258,2021-02-28,41426,11924,38051,629,252,13,36
JD_11377257,2021-02-28,384,0,367,13,4,0,0
JD_11377256,2021-02-28,4623,3332,3083,13,13,3,7
JD_11377255,2021-02-28,5,0,4,1,0,0,0
JD_11377254,2021-02-28,9,2,7,0,0,0,0
JD_11377253,2021-02-28,2,1,1,0,0,0,0
JD_11377252,2021-02-28,4175,2456,2920,16,13,0,12
JD_11377251,2021-02-28,190,140,118,1,0,0,0
JD_11377250,2021-02-28,129,89,80,0,1,0,0
JD_11377249,2021-02-28,2,0,2,0,0,0,0
JD_11377248,2021-02-28,32,4,30,1,1,0,0
JD_11377247,2021-02-28,177,130,119,0,0,1,0
JD_11377246,2021-02-28,54,35,35,0,1,0,0
JD_11377244,2021-02-28,5,4,3,0,0,0,0
JD_11377243,2021-02-28,61,45,27,0,0,0,0
JD_11377242,2021-02-28,26,11,20,1,0,0,0
JD_11377239,2021-02-28,86,63,42,1,0,0,0
JD_11377238,2021-02-28,0,0,0,0,0,0,0
JD_11377237,2021-02-28,24,14,14,0,0,0,1
JD_11377236,2021-02-28,485,263,435,3,2,1,2
JD_11377235,2021-02-28,7,5,6,0,0,0,0
JD_11377234,2021-02-28,16,11,11,0,0,0,0
JD_11377233,2021-02-28,8,4,7,0,0,0,0
JD_11377232,2021-02-28,11,5,7,0,0,0,0
JD_11377231,2021-02-28,5,2,3,0,0,0,0
JD_11377230,2021-02-28,26,20,20,0,0,0,0
JD_11377229,2021-02-28,22,16,10,0,0,0,0
JD_11377228,2021-02-28,141,103,93,1,0,0,0
JD_11377227,2021-02-28,42,8,32,2,0,0,0
JD_11377226,2021-02-28,36,0,36,0,0,0,0
JD_11377224,2021-02-28,15,4,14,0,0,0,0
JD_11377223,2021-02-28,100,0,98,2,0,0,0
JD_11377222,2021-02-28,2,0,2,0,0,0,0
JD_11377221,2021-02-28,5,3,4,0,0,0,0
JD_11377220,2021-02-28,5,1,5,0,0,0,0
JD_11377219,2021-02-28,8,2,7,0,0,0,0
JD_11377216,2021-02-28,5,2,5,0,0,0,0
JD_11377215,2021-02-28,3,3,2,0,0,0,0
JD_11377212,2021-02-28,0,0,0,0,0,0,0
JD_11377211,2021-02-28,6,4,5,0,0,0,0
JD_11377210,2021-02-28,3,2,2,0,0,0,0
JD_11377208,2021-02-28,8,4,8,0,0,0,0
JD_11377207,2021-02-28,4,0,4,0,0,0,0
JD_11377206,2021-02-28,1,1,1,0,0,0,0
JD_11377205,2021-02-28,97,77,61,3,0,1,0
JD_11377202,2021-02-28,8,6,4,0,0,0,0
JD_11377200,2021-02-28,9,3,9,0,0,0,0
JD_11377199,2021-02-28,2,0,2,0,0,0,0
JD_11377194,2021-02-28,6,0,5,0,1,0,0
JD_11377190,2021-02-28,127,0,118,4,5,0,0
JD_11377189,2021-02-28,55,13,52,2,0,0,0
JD_11377184,2021-02-28,153,0,143,6,4,0,0
JD_11377182,2021-02-28,38,0,36,2,0,0,0
JD_11377178,2021-02-28,111,0,107,2,2,0,0
JD_11377176,2021-02-28,284,0,273,9,2,0,0
JD_11377169,2021-02-28,226,128,175,1,1,1,0
JD_11377168,2021-02-28,7,1,7,0,0,0,0
JD_11377167,2021-02-28,142,33,140,2,0,0,0
JD_11377166,2021-02-28,124,0,123,1,0,0,0
JD_11377165,2021-02-28,131,3,125,4,2,0,0
JD_11377164,2021-02-28,42,1,41,0,1,0,0
JD_11377161,2021-02-28,15,7,9,0,0,0,0
JD_11377160,2021-02-28,242,144,240,2,0,0,0
JD_11377154,2021-02-28,33,20,24,0,0,0,1
JD_11377151,2021-02-28,71,47,46,0,0,0,0
JD_11377149,2021-02-28,134,101,90,0,1,1,1
JD_11377146,2021-02-28,18,15,4,0,0,0,0
