JD_11574159,2021-02-28,6,3,6,0,0,0,0
JD_11574158,2021-02-28,6,1,5,0,0,0,0
JD_11574157,2021-02-28,0,0,0,0,0,0,0
JD_11574156,2021-02-28,3,3,2,0,0,0,0
JD_11574155,2021-02-28,0,0,0,0,0,0,0
JD_11574154,2021-02-28,0,0,0,0,0,0,0
JD_11574153,2021-02-28,1,0,1,0,0,0,0
JD_11574152,2021-02-28,5,4,3,0,0,0,0
JD_11574151,2021-02-28,6,0,6,0,0,0,0
JD_11574150,2021-02-28,5,4,1,0,1,0,0
JD_11574149,2021-02-28,3,3,3,0,0,0,0
JD_11574148,2021-02-28,3,1,1,0,1,0,0
JD_11574146,2021-02-28,1,0,1,0,0,0,0
JD_11574145,2021-02-28,2,0,2,0,0,0,0
JD_11574144,2021-02-28,4,2,4,0,0,0,0
JD_11574143,2021-02-28,0,0,0,0,0,0,0
JD_11574141,2021-02-28,6,1,7,0,0,0,0
JD_11574140,2021-02-28,0,0,0,0,0,0,0
JD_11574139,2021-02-28,11,5,6,0,0,0,0
JD_11574137,2021-02-28,1,1,0,0,0,0,0
JD_11574135,2021-02-28,0,0,0,0,0,0,0
JD_11574134,2021-02-28,3,0,3,0,0,0,0
JD_11574133,2021-02-28,1,1,0,0,0,0,0
JD_11574127,2021-02-28,0,0,0,0,0,0,0
JD_11574125,2021-02-28,3,1,2,1,0,0,0
JD_11574123,2021-02-28,11,6,10,0,0,0,0
JD_11574122,2021-02-28,2,1,1,0,0,0,0
JD_11574120,2021-02-28,0,0,0,0,0,0,0
JD_11574119,2021-02-28,5,1,3,0,1,0,0
JD_11574118,2021-02-28,1531,706,1520,4,1,0,3
JD_11574117,2021-02-28,0,0,0,0,0,0,0
JD_11574116,2021-02-28,3,0,3,0,0,0,0
JD_11574115,2021-02-28,2,1,1,1,0,0,0
JD_11574113,2021-02-28,0,0,0,0,0,0,0
JD_11574112,2021-02-28,3,2,1,0,0,0,0
JD_11574111,2021-02-28,0,0,0,0,0,0,0
JD_11574109,2021-02-28,296,10,288,4,4,0,0
JD_11574108,2021-02-28,14,10,8,0,0,0,0
JD_11574107,2021-02-28,1,1,1,0,0,0,0
JD_11574106,2021-02-28,0,0,0,0,0,0,0
JD_11573715,2021-02-28,15,9,13,0,0,0,0
JD_11573712,2021-02-28,0,0,0,0,0,0,0
JD_11573711,2021-02-28,29,2,25,4,0,0,0
JD_11573709,2021-02-28,105,0,104,0,1,0,0
JD_11573708,2021-02-28,138,0,135,3,0,0,0
JD_11573707,2021-02-28,110,0,107,2,1,0,0
JD_11573706,2021-02-28,11,3,11,0,0,0,0
JD_11573705,2021-02-28,25,20,19,0,0,0,0
JD_11573704,2021-02-28,26,3,26,0,0,0,0
JD_11573702,2021-02-28,106,0,104,1,1,0,0
JD_11573700,2021-02-28,6,4,6,0,0,0,0
JD_11573699,2021-02-28,19,5,19,0,0,0,0
JD_11573698,2021-02-28,6,4,6,0,0,0,0
JD_11573697,2021-02-28,0,0,0,0,0,0,0
JD_11573694,2021-02-28,17,8,17,0,0,0,0
JD_11573693,2021-02-28,6,4,6,0,0,0,0
JD_11573686,2021-02-28,35,25,21,0,0,0,0
JD_11573679,2021-02-28,10,0,9,0,1,0,0
JD_11573673,2021-02-28,0,0,0,0,0,0,0
JD_11573672,2021-02-28,0,0,0,0,0,0,0
JD_11573671,2021-02-28,0,0,0,0,0,0,0
JD_11573668,2021-02-28,0,0,0,0,0,0,0
JD_11573667,2021-02-28,0,0,0,0,0,0,0
JD_11573665,2021-02-28,0,0,0,0,0,0,0
JD_11573663,2021-02-28,0,0,0,0,0,0,0
JD_11573661,2021-02-28,75,50,47,1,0,0,0
JD_11573657,2021-02-28,2,0,1,0,1,0,0
JD_11573655,2021-02-28,6,4,2,0,1,0,0
JD_11573654,2021-02-28,0,0,0,0,0,0,0
JD_11573653,2021-02-28,1,0,1,0,0,0,0
