JD_11460907,2021-02-28,0,0,0,0,0,0,0
JD_11460906,2021-02-28,0,0,0,0,0,0,0
JD_11460905,2021-02-28,6,4,3,0,0,0,0
JD_11460904,2021-02-28,0,0,0,0,0,0,0
JD_11460903,2021-02-28,0,0,0,0,0,0,0
JD_11460902,2021-02-28,29,14,27,0,0,0,0
JD_11460898,2021-02-28,66,47,27,1,1,0,2
JD_11460897,2021-02-28,3,1,2,0,0,0,0
JD_11460896,2021-02-28,13,1,12,0,0,0,0
JD_11460895,2021-02-28,280,124,224,5,0,0,1
JD_11460892,2021-02-28,0,0,0,0,0,0,0
JD_11460891,2021-02-28,0,0,0,0,0,0,0
JD_11460890,2021-02-28,0,0,0,0,0,0,0
JD_11460887,2021-02-28,0,0,0,0,0,0,0
JD_11460886,2021-02-28,16,6,13,0,0,0,0
JD_11460884,2021-02-28,28,19,19,0,0,0,0
JD_11460883,2021-02-28,3,2,1,0,0,0,0
JD_11460881,2021-02-28,167,0,166,0,1,0,0
JD_11460880,2021-02-28,211,26,209,2,0,0,2
JD_11460879,2021-02-28,5,4,2,0,0,0,0
JD_11460878,2021-02-28,154,14,151,2,1,0,1
JD_11460877,2021-02-28,3,2,2,0,0,0,0
JD_11460876,2021-02-28,5,1,5,0,0,0,0
JD_11460875,2021-02-28,51,42,13,1,0,0,0
JD_11460874,2021-02-28,23,19,8,0,0,0,0
JD_11460873,2021-02-28,1,1,0,0,0,0,0
JD_11460872,2021-02-28,3,3,1,0,0,0,0
JD_11460871,2021-02-28,0,0,0,0,0,0,0
JD_11460869,2021-02-28,3,2,1,0,0,0,0
JD_11460868,2021-02-28,37,29,16,0,0,0,0
JD_11460867,2021-02-28,0,0,0,0,0,0,0
JD_11460863,2021-02-28,0,0,0,0,0,0,0
JD_11460861,2021-02-28,5,3,2,0,0,0,0
JD_11460857,2021-02-28,3,3,3,0,0,0,0
JD_11460854,2021-02-28,9,3,9,0,0,0,0
JD_11460853,2021-02-28,0,0,0,0,0,0,0
JD_11460852,2021-02-28,12,9,8,0,0,0,0
JD_11460851,2021-02-28,13,9,5,0,0,0,0
JD_11460850,2021-02-28,37,13,36,0,0,0,0
JD_11460849,2021-02-28,163,119,93,3,1,0,0
JD_11460848,2021-02-28,3,2,1,0,0,0,0
JD_11460847,2021-02-28,0,0,0,0,0,0,0
JD_11460846,2021-02-28,56,38,32,0,1,0,0
JD_11460845,2021-02-28,4,3,3,0,0,0,0
JD_11460844,2021-02-28,4,2,3,0,0,0,0
JD_11460841,2021-02-28,17,10,15,0,0,0,0
JD_11460840,2021-02-28,2,2,2,0,0,0,0
JD_11460839,2021-02-28,0,0,0,0,0,0,0
JD_11460838,2021-02-28,0,0,0,0,0,0,0
JD_11460837,2021-02-28,165,109,96,2,0,0,1
JD_11460836,2021-02-28,36,5,33,3,0,0,0
JD_11460835,2021-02-28,24,2,20,2,0,0,0
JD_11460834,2021-02-28,8,0,8,0,0,0,0
JD_11460833,2021-02-28,172,9,168,3,1,0,1
JD_11460832,2021-02-28,35,2,35,0,0,0,0
JD_11460831,2021-02-28,26,3,25,0,0,0,0
JD_11460830,2021-02-28,66,0,64,1,1,0,0
JD_11460829,2021-02-28,6,1,5,0,0,0,0
JD_11460828,2021-02-28,6,2,6,0,0,0,0
JD_11460826,2021-02-28,36,20,34,1,0,0,0
JD_11460825,2021-02-28,14,4,13,0,0,0,0
JD_11460824,2021-02-28,35,21,26,0,0,0,0
JD_11460823,2021-02-28,10,2,9,0,0,0,0
JD_11460822,2021-02-28,4,3,3,0,0,0,0
JD_11460821,2021-02-28,3,3,3,0,0,0,0
JD_11460820,2021-02-28,9,3,8,0,0,0,0
JD_11460819,2021-02-28,1889,1306,998,11,7,2,2
JD_11460817,2021-02-28,34,0,34,0,0,0,0
JD_11460816,2021-02-28,0,0,0,0,0,0,0
JD_11460809,2021-02-28,179,0,176,2,1,0,0
