JD_12798294,2021-02-28,26,23,3,0,0,0,0
JD_12796065,2021-02-28,0,0,0,0,0,0,0
JD_12796064,2021-02-28,2,2,0,0,0,0,0
JD_12796060,2021-02-28,2,2,0,0,0,0,0
JD_12796057,2021-02-28,0,0,0,0,0,0,0
JD_12796055,2021-02-28,2,0,2,0,0,0,0
JD_12796053,2021-02-28,0,0,0,0,0,0,0
JD_12796052,2021-02-28,6,5,1,0,0,0,0
JD_12796046,2021-02-28,1,1,0,0,0,0,0
JD_12796045,2021-02-28,0,0,0,0,0,0,0
JD_12796044,2021-02-28,9,7,2,0,0,0,0
JD_12796043,2021-02-28,6,6,0,0,0,0,0
JD_12796042,2021-02-28,10,9,1,0,0,0,0
JD_12796041,2021-02-28,0,0,0,0,0,0,0
JD_12796040,2021-02-28,32,26,6,0,0,0,0
JD_12796039,2021-02-28,0,0,0,0,0,0,0
JD_12796038,2021-02-28,2369,1951,417,1,0,2,2
JD_12796037,2021-02-28,0,0,0,0,0,0,0
JD_12796036,2021-02-28,6,5,1,0,0,0,1
JD_12796034,2021-02-28,23,15,7,1,0,0,0
JD_12796027,2021-02-28,2,2,0,0,0,0,0
JD_12796022,2021-02-28,94,86,8,0,0,0,0
JD_12796021,2021-02-28,0,0,0,0,0,0,0
JD_12796020,2021-02-28,2,2,0,0,0,0,0
JD_12796018,2021-02-28,12,9,3,0,0,0,0
JD_12796017,2021-02-28,0,0,0,0,0,0,0
JD_12796016,2021-02-28,4,4,0,0,0,0,0
JD_12796014,2021-02-28,10,7,3,0,0,0,0
JD_12796013,2021-02-28,0,0,0,0,0,0,0
JD_12796011,2021-02-28,0,0,0,0,0,0,0
JD_12796009,2021-02-28,0,0,0,0,0,0,0
JD_12796008,2021-02-28,399,348,51,0,0,0,0
JD_12796006,2021-02-28,68,62,6,0,0,0,1
JD_12795880,2021-02-28,66,56,10,0,0,0,0
JD_12795879,2021-02-28,0,0,0,0,0,0,0
JD_12795878,2021-02-28,47,41,5,0,1,0,0
JD_12795877,2021-02-28,9,6,3,0,0,0,0
JD_12795876,2021-02-28,38,33,4,0,1,0,0
JD_12795874,2021-02-28,13,11,2,0,0,0,0
JD_12795872,2021-02-28,27,22,4,1,0,0,0
JD_12795871,2021-02-28,0,0,0,0,0,0,0
JD_12795870,2021-02-28,38,36,2,0,0,0,0
JD_12795869,2021-02-28,0,0,0,0,0,0,0
JD_12795868,2021-02-28,131,100,31,0,0,0,2
JD_12795867,2021-02-28,4,4,0,0,0,0,0
JD_12795866,2021-02-28,68,61,7,0,0,0,1
JD_12795864,2021-02-28,343,272,70,0,1,0,1
JD_12795863,2021-02-28,0,0,0,0,0,0,0
JD_12795862,2021-02-28,26,20,6,0,0,0,0
JD_12795859,2021-02-28,0,0,0,0,0,0,0
JD_12795854,2021-02-28,49,42,6,0,1,0,0
JD_12795851,2021-02-28,0,0,0,0,0,0,0
JD_12795841,2021-02-28,0,0,0,0,0,0,0
JD_12795840,2021-02-28,42,32,10,0,0,0,0
JD_12795837,2021-02-28,0,0,0,0,0,0,0
JD_12795834,2021-02-28,1,1,0,0,0,0,0
JD_12795833,2021-02-28,0,0,0,0,0,0,0
JD_12795824,2021-02-28,216,196,20,0,0,0,0
JD_12795822,2021-02-28,152,117,35,0,0,0,0
JD_12795818,2021-02-28,92,85,6,1,0,0,0
JD_12795817,2021-02-28,0,0,0,0,0,0,0
JD_12795816,2021-02-28,5,4,1,0,0,0,0
JD_12795814,2021-02-28,2,0,2,0,0,0,0
JD_12795813,2021-02-28,0,0,0,0,0,0,0
JD_12795812,2021-02-28,2,2,0,0,0,0,0
JD_12795810,2021-02-28,7557,6443,1091,5,18,49,15
JD_12795809,2021-02-28,0,0,0,0,0,0,0
JD_12795808,2021-02-28,2,2,0,0,0,0,0
JD_12795807,2021-02-28,0,0,0,0,0,0,0
JD_12795806,2021-02-28,5731,4769,946,11,5,8,22
