JD_11527063,2021-02-28,9,4,8,0,0,0,0
JD_11527060,2021-02-28,2,2,2,0,0,0,0
JD_11527058,2021-02-28,1,1,1,0,0,0,0
JD_11527057,2021-02-28,1,1,1,0,0,0,0
JD_11527056,2021-02-28,47,17,46,1,0,0,0
JD_11527055,2021-02-28,85,47,84,0,0,0,0
JD_11527053,2021-02-28,66,37,54,0,0,0,0
JD_11527052,2021-02-28,120,81,71,1,0,0,0
JD_11527051,2021-02-28,506,353,307,2,1,0,0
JD_11527050,2021-02-28,75,46,51,0,0,0,0
JD_11527049,2021-02-28,12,3,10,1,0,0,0
JD_11527048,2021-02-28,1,0,1,0,0,0,0
JD_11527047,2021-02-28,154,76,124,0,0,0,0
JD_11527046,2021-02-28,12,1,12,0,0,0,0
JD_11527045,2021-02-28,39,28,19,0,0,0,0
JD_11527044,2021-02-28,5,0,5,0,0,0,0
JD_11527043,2021-02-28,0,0,0,0,0,0,0
JD_11527042,2021-02-28,0,0,0,0,0,0,0
JD_11527041,2021-02-28,137,68,116,0,0,0,0
JD_11527040,2021-02-28,17,10,17,0,0,0,0
JD_11527039,2021-02-28,206,117,146,0,0,0,1
JD_11527038,2021-02-28,0,0,0,0,0,0,0
JD_11527037,2021-02-28,48,24,44,0,0,0,0
JD_11527036,2021-02-28,63,21,56,1,0,0,0
JD_11527035,2021-02-28,3,3,2,0,0,0,0
JD_11527034,2021-02-28,0,0,0,0,0,0,0
JD_11527033,2021-02-28,4,1,4,0,0,0,0
JD_11527032,2021-02-28,0,0,0,0,0,0,0
JD_11527031,2021-02-28,0,0,0,0,0,0,0
JD_11527029,2021-02-28,1,1,1,0,0,0,0
JD_11527028,2021-02-28,1,1,1,0,0,0,0
JD_11527023,2021-02-28,0,0,0,0,0,0,0
JD_11527022,2021-02-28,1,0,1,0,0,0,0
JD_11527021,2021-02-28,0,0,0,0,0,0,0
JD_11527020,2021-02-28,1,0,1,0,0,0,0
JD_11527019,2021-02-28,1,0,1,0,0,0,0
JD_11527018,2021-02-28,1,1,1,0,0,0,0
JD_11527017,2021-02-28,2,0,2,0,0,0,0
JD_11527013,2021-02-28,17,9,12,1,0,0,0
JD_11527011,2021-02-28,12,6,9,0,0,0,0
JD_11527010,2021-02-28,82,20,78,2,0,0,0
JD_11527009,2021-02-28,10,5,8,0,0,0,0
JD_11527006,2021-02-28,25,20,13,0,0,0,0
JD_11527002,2021-02-28,280,113,229,3,1,0,0
JD_11527000,2021-02-28,9,6,5,0,0,0,0
JD_11526999,2021-02-28,20,14,13,0,0,0,0
JD_11526990,2021-02-28,6,4,5,0,0,0,0
JD_11526985,2021-02-28,21,11,12,0,0,0,0
JD_11526984,2021-02-28,24,15,23,0,1,0,0
JD_11526983,2021-02-28,12,2,12,0,0,0,0
JD_11526976,2021-02-28,7,0,7,0,0,0,0
JD_11526974,2021-02-28,13,7,10,0,0,0,0
JD_11526972,2021-02-28,19,13,11,0,1,0,0
JD_11526970,2021-02-28,8,0,8,0,0,0,0
JD_11526969,2021-02-28,15,0,14,1,0,0,0
JD_11526963,2021-02-28,0,0,0,0,0,0,0
JD_11526962,2021-02-28,5,4,3,0,0,0,0
JD_11526960,2021-02-28,30,13,17,0,0,0,0
JD_11526958,2021-02-28,46,31,33,0,0,0,1
JD_11526957,2021-02-28,7,7,2,0,0,0,0
JD_11526956,2021-02-28,16,10,9,0,0,0,0
JD_11526955,2021-02-28,417,210,304,5,1,0,0
JD_11526954,2021-02-28,1,1,1,0,0,0,0
JD_11526953,2021-02-28,60,39,30,0,0,0,0
JD_11526952,2021-02-28,26,21,12,1,0,0,0
JD_11526951,2021-02-28,5,3,2,0,0,0,0
JD_11526950,2021-02-28,13,7,11,0,0,0,0
JD_11526949,2021-02-28,16,8,10,0,1,0,0
JD_11526948,2021-02-28,529,249,454,3,1,1,4
JD_11526947,2021-02-28,6,5,3,0,0,0,0
