JD_12367818,2021-02-28,334,271,104,0,4,1,0
JD_12367817,2021-02-28,44,36,36,0,0,0,0
JD_12367816,2021-02-28,386,336,133,0,0,0,0
JD_12367815,2021-02-28,97,85,96,0,0,0,0
JD_12367814,2021-02-28,1262,1031,432,2,5,2,3
JD_12367812,2021-02-28,21,17,6,0,0,0,0
JD_12367811,2021-02-28,40,31,20,0,0,0,0
JD_12367810,2021-02-28,631,491,399,0,2,2,3
JD_12367809,2021-02-28,71,64,15,0,0,0,0
JD_12367808,2021-02-28,10,9,5,0,0,0,0
JD_12367807,2021-02-28,2,2,0,0,0,0,0
JD_12367806,2021-02-28,179,144,91,0,0,0,1
JD_12367805,2021-02-28,65,59,16,0,0,0,0
JD_12367804,2021-02-28,114,93,26,0,1,0,1
JD_12367803,2021-02-28,0,0,0,0,0,0,0
JD_12367801,2021-02-28,69,52,37,0,0,0,0
JD_12367800,2021-02-28,530,453,436,1,0,0,2
JD_12367799,2021-02-28,12,11,6,0,0,0,0
JD_12367798,2021-02-28,99,80,22,0,0,0,0
JD_12367797,2021-02-28,28,21,14,0,0,0,0
JD_12367796,2021-02-28,131,102,44,0,2,0,0
JD_12367795,2021-02-28,99,84,33,0,0,0,0
JD_12367794,2021-02-28,477,388,172,0,2,1,1
JD_12367793,2021-02-28,421,339,198,1,1,1,1
JD_12367792,2021-02-28,25,22,11,0,0,0,0
JD_12367791,2021-02-28,113,94,45,0,0,1,0
JD_12367790,2021-02-28,102,85,83,0,0,0,0
JD_12367789,2021-02-28,15,11,9,0,0,0,0
JD_12367788,2021-02-28,829,704,272,2,1,0,2
JD_12367787,2021-02-28,107,92,36,1,0,0,0
JD_12367786,2021-02-28,27,19,10,0,0,0,1
JD_12367785,2021-02-28,500,395,230,0,0,1,2
JD_12367784,2021-02-28,41,32,11,0,0,0,0
JD_12367783,2021-02-28,7,5,2,0,0,0,0
JD_12367782,2021-02-28,275,228,86,0,0,0,1
JD_12367781,2021-02-28,12,11,2,0,0,0,0
JD_12367780,2021-02-28,34,29,14,1,0,0,1
JD_12367779,2021-02-28,14,10,6,0,0,0,0
JD_12367778,2021-02-28,76,68,56,0,0,0,0
JD_12367777,2021-02-28,201,157,176,0,1,0,0
JD_12367776,2021-02-28,21,18,15,0,0,0,0
JD_12367775,2021-02-28,3,2,2,0,0,0,0
JD_12367774,2021-02-28,111,85,65,0,0,0,0
JD_12367773,2021-02-28,7,6,3,0,0,0,0
JD_12367772,2021-02-28,6,4,3,0,0,0,0
JD_12367771,2021-02-28,19,15,6,0,0,0,0
JD_12367769,2021-02-28,1,1,1,0,0,0,0
JD_12367768,2021-02-28,56,45,24,0,1,0,0
JD_12367767,2021-02-28,45,35,27,0,0,1,0
JD_12367766,2021-02-28,69,58,28,0,0,0,0
JD_12367765,2021-02-28,295,266,81,1,0,0,0
JD_12367764,2021-02-28,99,72,36,0,0,2,1
JD_12367763,2021-02-28,9581,8001,3690,8,3,9,4
JD_12367762,2021-02-28,347,257,284,2,1,1,2
JD_12367761,2021-02-28,4976,4108,2028,3,1,4,4
JD_12367760,2021-02-28,6052,5015,1640,9,10,9,15
JD_12367759,2021-02-28,60,54,23,0,0,0,0
JD_12367758,2021-02-28,354,257,217,1,0,0,2
JD_12367757,2021-02-28,76,64,21,0,0,0,0
JD_12367756,2021-02-28,1281,1025,755,3,2,0,2
JD_12367755,2021-02-28,224,175,199,0,1,0,0
JD_12367754,2021-02-28,288,244,194,0,0,1,1
JD_12367753,2021-02-28,236,197,115,0,0,0,0
JD_12367752,2021-02-28,1035,874,758,1,1,1,0
JD_12367751,2021-02-28,458,352,203,1,0,0,2
JD_12367750,2021-02-28,384,326,170,0,0,1,4
JD_12367749,2021-02-28,119,104,33,0,0,0,1
JD_12367748,2021-02-28,3711,3000,1100,15,9,4,6
JD_12367747,2021-02-28,396,323,359,0,1,0,1
JD_12367746,2021-02-28,12398,10508,4131,33,33,19,17
