JD_12538314,2021-02-28,187,157,29,1,0,0,0
JD_12538313,2021-02-28,266,187,79,0,0,1,1
JD_12538312,2021-02-28,7,7,0,0,0,0,0
JD_12538311,2021-02-28,0,0,0,0,0,0,0
JD_12538310,2021-02-28,2,2,0,0,0,0,0
JD_12538309,2021-02-28,3,3,0,0,0,0,0
JD_12538308,2021-02-28,8,8,0,0,0,0,0
JD_12538307,2021-02-28,2,2,0,0,0,0,0
JD_12538306,2021-02-28,27,22,4,0,1,0,0
JD_12538305,2021-02-28,5,5,0,0,0,0,0
JD_12538304,2021-02-28,25,20,5,0,0,0,0
JD_12538303,2021-02-28,1,1,0,0,0,0,0
JD_12538302,2021-02-28,3,3,0,0,0,0,0
JD_12538301,2021-02-28,2,2,0,0,0,0,0
JD_12538300,2021-02-28,1,1,0,0,0,0,0
JD_12538299,2021-02-28,1,1,0,0,0,0,0
JD_12538298,2021-02-28,36,33,3,0,0,0,0
JD_12538297,2021-02-28,26,20,6,0,0,0,0
JD_12538296,2021-02-28,17,14,3,0,0,0,0
JD_12538294,2021-02-28,1,1,0,0,0,0,0
JD_12538293,2021-02-28,7,4,3,0,0,0,0
JD_12538292,2021-02-28,10,7,3,0,0,0,0
JD_12538291,2021-02-28,42,35,7,0,0,0,0
JD_12538290,2021-02-28,1,0,1,0,0,0,0
JD_12538289,2021-02-28,88,70,18,0,0,0,0
JD_12538288,2021-02-28,4,4,0,0,0,0,0
JD_12538286,2021-02-28,128,102,26,0,0,0,1
JD_12538285,2021-02-28,610,547,62,1,0,0,1
JD_12538284,2021-02-28,5,5,0,0,0,0,0
JD_12538283,2021-02-28,181,133,47,1,0,0,2
JD_12538282,2021-02-28,31,23,8,0,0,0,0
JD_12538281,2021-02-28,105,89,16,0,0,0,0
JD_12538280,2021-02-28,17,17,0,0,0,0,0
JD_12538279,2021-02-28,514,404,109,1,0,0,2
JD_12538278,2021-02-28,41,36,5,0,0,0,0
JD_12538277,2021-02-28,4,4,0,0,0,0,0
JD_12538276,2021-02-28,16,16,0,0,0,0,0
JD_12538275,2021-02-28,13,11,2,0,0,0,0
JD_12538274,2021-02-28,0,0,0,0,0,0,0
JD_12538273,2021-02-28,1289,1147,135,5,2,0,0
JD_12538272,2021-02-28,10,8,2,0,0,0,0
JD_12538271,2021-02-28,1944,1669,272,3,0,1,5
JD_12538270,2021-02-28,0,0,0,0,0,0,0
JD_12538269,2021-02-28,184,156,27,1,0,0,0
JD_12538268,2021-02-28,2,2,0,0,0,0,0
JD_12538267,2021-02-28,4,4,0,0,0,0,0
JD_12538266,2021-02-28,1,1,0,0,0,0,0
JD_12538265,2021-02-28,58,43,15,0,0,1,0
JD_12538264,2021-02-28,35,28,7,0,0,0,0
JD_12538263,2021-02-28,101,90,11,0,0,0,0
JD_12538262,2021-02-28,4,3,1,0,0,0,0
JD_12538261,2021-02-28,59,44,15,0,0,1,0
JD_12538260,2021-02-28,2,2,0,0,0,0,0
JD_12538259,2021-02-28,6,5,1,0,0,0,0
JD_12538258,2021-02-28,1,0,1,0,0,0,0
JD_12538257,2021-02-28,23,20,3,0,0,0,0
JD_12538256,2021-02-28,1,0,1,0,0,0,0
JD_12538255,2021-02-28,4,4,0,0,0,0,0
JD_12538254,2021-02-28,2,2,0,0,0,0,0
JD_12538253,2021-02-28,4,4,0,0,0,0,0
JD_12538252,2021-02-28,34,24,10,0,0,0,0
JD_12538250,2021-02-28,0,0,0,0,0,0,0
JD_12538249,2021-02-28,18,17,1,0,0,0,0
JD_12538248,2021-02-28,477,389,88,0,0,0,1
JD_12538247,2021-02-28,2,2,0,0,0,0,0
JD_12538246,2021-02-28,2,1,1,0,0,0,0
JD_12538245,2021-02-28,56,42,14,0,0,0,0
JD_12538169,2021-02-28,3,3,0,0,0,0,0
JD_12538168,2021-02-28,0,0,0,0,0,0,0
JD_12538167,2021-02-28,0,0,0,0,0,0,0
