JD_11476637,2021-02-28,22,17,7,0,1,0,0
JD_11476636,2021-02-28,3,1,2,0,0,0,0
JD_11476635,2021-02-28,3,3,1,0,0,0,0
JD_11476634,2021-02-28,972,570,915,2,0,1,5
JD_11476633,2021-02-28,100,62,61,1,0,0,0
JD_11476632,2021-02-28,32,26,7,0,0,0,0
JD_11476631,2021-02-28,47,34,22,1,0,0,0
JD_11476629,2021-02-28,2,2,1,0,0,0,0
JD_11476628,2021-02-28,17,12,9,0,0,0,0
JD_11476627,2021-02-28,139,106,86,3,1,0,1
JD_11476626,2021-02-28,53,33,29,1,0,0,0
JD_11476625,2021-02-28,28,17,16,0,0,0,0
JD_11476624,2021-02-28,40,25,26,0,0,0,0
JD_11476623,2021-02-28,67,51,45,0,1,0,0
JD_11476622,2021-02-28,22,13,14,1,0,0,0
JD_11476621,2021-02-28,20,15,12,0,0,0,0
JD_11476620,2021-02-28,5,4,2,0,0,0,0
JD_11476619,2021-02-28,39,25,26,0,0,0,0
JD_11476618,2021-02-28,0,0,0,0,0,0,0
JD_11476617,2021-02-28,91,65,48,0,0,0,0
JD_11476616,2021-02-28,67,51,32,0,0,0,0
JD_11476615,2021-02-28,99,68,54,0,0,0,0
JD_11476614,2021-02-28,26,21,10,0,0,0,0
JD_11476613,2021-02-28,26,21,16,0,0,0,0
JD_11476612,2021-02-28,16,6,16,0,0,0,0
JD_11476611,2021-02-28,34,28,16,0,0,0,0
JD_11476610,2021-02-28,63,51,32,0,0,0,0
JD_11476609,2021-02-28,52,45,20,1,1,0,0
JD_11476608,2021-02-28,167,0,162,5,0,0,0
JD_11476606,2021-02-28,442,0,430,8,4,0,0
JD_11476605,2021-02-28,147,0,143,4,0,0,0
JD_11476604,2021-02-28,29,24,9,0,0,0,0
JD_11476603,2021-02-28,0,0,0,0,0,0,0
JD_11476602,2021-02-28,0,0,0,0,0,0,0
JD_11476601,2021-02-28,76,0,72,3,1,0,0
JD_11476600,2021-02-28,25,22,9,0,0,0,0
JD_11476599,2021-02-28,132,0,131,0,1,0,0
JD_11476598,2021-02-28,75,49,41,0,0,0,0
JD_11476597,2021-02-28,13,10,3,0,0,0,0
JD_11476596,2021-02-28,161,58,135,6,0,0,1
JD_11476595,2021-02-28,4,3,1,0,0,0,0
JD_11476594,2021-02-28,6,4,3,1,0,0,0
JD_11476593,2021-02-28,6,6,6,0,0,0,0
JD_11476592,2021-02-28,9,6,5,0,0,0,0
JD_11476591,2021-02-28,744,445,578,2,0,1,4
JD_11476590,2021-02-28,70,46,35,2,0,0,0
JD_11476588,2021-02-28,44,36,19,0,0,0,0
JD_11476587,2021-02-28,203,150,183,0,0,0,0
JD_11476586,2021-02-28,2841,2146,1541,7,5,1,9
JD_11476585,2021-02-28,95,79,57,0,0,0,1
JD_11476584,2021-02-28,256,193,139,0,0,0,1
JD_11476583,2021-02-28,21,16,12,0,0,0,0
JD_11476582,2021-02-28,28,0,27,1,0,0,0
JD_11476581,2021-02-28,3155,2336,1743,13,10,0,6
JD_11476580,2021-02-28,88,58,54,2,0,0,1
JD_11476578,2021-02-28,28,21,8,1,0,0,0
JD_11476577,2021-02-28,7,2,6,0,0,0,0
JD_11476576,2021-02-28,39,36,15,1,0,0,0
JD_11476575,2021-02-28,54,35,33,1,1,0,0
JD_11476571,2021-02-28,671,452,319,8,2,0,0
JD_11476570,2021-02-28,795,688,133,0,1,1,0
JD_11476568,2021-02-28,1443,1234,276,4,0,0,2
JD_11476567,2021-02-28,843,728,151,1,0,0,0
JD_11476566,2021-02-28,1045,981,86,2,0,0,1
JD_11476565,2021-02-28,10692,7609,4592,28,9,3,6
JD_11476564,2021-02-28,981,839,219,0,0,0,0
JD_11476562,2021-02-28,191,156,44,2,0,0,0
JD_11476561,2021-02-28,184,163,42,0,0,0,1
JD_11476560,2021-02-28,407,374,71,1,0,0,2
JD_11476558,2021-02-28,683,597,102,1,0,0,0
