JD_12641444,2021-02-28,811,683,127,1,0,1,0
JD_12641443,2021-02-28,3,3,0,0,0,0,0
JD_12641442,2021-02-28,1,1,0,0,0,0,0
JD_12641441,2021-02-28,7,4,3,0,0,0,0
JD_12641440,2021-02-28,4322,3440,868,9,5,3,14
JD_12641439,2021-02-28,18,12,6,0,0,1,0
JD_12641438,2021-02-28,330,300,29,0,1,0,2
JD_12641437,2021-02-28,18,13,5,0,0,0,0
JD_12641436,2021-02-28,9,9,0,0,0,0,0
JD_12641435,2021-02-28,2,1,1,0,0,0,0
JD_12641434,2021-02-28,20,17,3,0,0,0,0
JD_12641433,2021-02-28,0,0,0,0,0,0,0
JD_12641432,2021-02-28,1915,1622,292,0,1,2,3
JD_12641431,2021-02-28,4296,3732,560,3,1,1,3
JD_12641430,2021-02-28,10,10,0,0,0,0,0
JD_12641429,2021-02-28,3901,3433,467,1,0,2,5
JD_12641428,2021-02-28,3,3,0,0,0,0,0
JD_12641427,2021-02-28,7403,6347,1046,8,2,3,4
JD_12641426,2021-02-28,812,646,164,1,1,0,1
JD_12641425,2021-02-28,10941,9412,1521,4,4,2,11
JD_12641423,2021-02-28,3499,3059,435,5,0,2,1
JD_12641420,2021-02-28,1039,930,109,0,0,1,1
JD_12641419,2021-02-28,3,2,1,0,0,0,0
JD_12641418,2021-02-28,665,586,79,0,0,1,1
JD_12641417,2021-02-28,7,5,2,0,0,0,0
JD_12641416,2021-02-28,2,2,0,0,0,0,0
JD_12641415,2021-02-28,24,22,2,0,0,0,0
JD_12641414,2021-02-28,0,0,0,0,0,0,0
JD_12641413,2021-02-28,72,60,12,0,0,0,0
JD_12641412,2021-02-28,45,38,7,0,0,0,0
JD_12641411,2021-02-28,16,14,2,0,0,0,0
JD_12641410,2021-02-28,0,0,0,0,0,0,0
JD_12641409,2021-02-28,12,10,2,0,0,0,0
JD_12641408,2021-02-28,0,0,0,0,0,0,0
JD_12641407,2021-02-28,290,230,60,0,0,0,0
JD_12641406,2021-02-28,748,639,109,0,0,0,0
JD_12641405,2021-02-28,40,28,12,0,0,0,0
JD_12641404,2021-02-28,281,234,46,1,0,0,0
JD_12641402,2021-02-28,184,118,66,0,0,1,0
JD_12641400,2021-02-28,26,20,6,0,0,0,0
JD_12641398,2021-02-28,743,662,80,1,0,1,0
JD_12641396,2021-02-28,650,589,61,0,0,0,1
JD_12641395,2021-02-28,21,16,5,0,0,0,0
JD_12641394,2021-02-28,5578,4921,652,3,2,3,5
JD_12641393,2021-02-28,82,73,9,0,0,0,0
JD_12641392,2021-02-28,889,807,82,0,0,1,0
JD_12641391,2021-02-28,19,15,4,0,0,0,0
JD_12641390,2021-02-28,1,1,0,0,0,0,0
JD_12641389,2021-02-28,216,176,40,0,0,0,0
JD_12641388,2021-02-28,599,499,99,0,1,0,0
JD_12641387,2021-02-28,10767,9637,1119,8,3,6,6
JD_12641386,2021-02-28,319,272,46,1,0,0,0
JD_12641385,2021-02-28,199,174,25,0,0,0,0
JD_12641384,2021-02-28,14,12,2,0,0,0,0
JD_12641383,2021-02-28,193,165,28,0,0,0,0
JD_12641382,2021-02-28,118,71,46,1,0,0,0
JD_12641381,2021-02-28,4427,3817,596,6,8,2,5
JD_12641380,2021-02-28,0,0,0,0,0,0,0
JD_12641379,2021-02-28,86,71,14,0,1,0,0
JD_12641378,2021-02-28,84,73,11,0,0,0,0
JD_12641377,2021-02-28,2578,2271,302,5,0,2,2
JD_12641376,2021-02-28,7,6,1,0,0,0,0
JD_12641375,2021-02-28,542,469,73,0,0,2,0
JD_12641374,2021-02-28,5,5,0,0,0,0,0
JD_12641373,2021-02-28,49,41,8,0,0,0,0
JD_12641372,2021-02-28,11,10,1,0,0,0,0
JD_12641371,2021-02-28,35,26,9,0,0,0,0
JD_12641370,2021-02-28,6,4,2,0,0,0,0
JD_12641369,2021-02-28,1,1,0,0,0,0,0
JD_12641368,2021-02-28,8,6,2,0,0,0,0
