JD_11626969,2021-02-28,53,35,45,1,0,0,1
JD_11626968,2021-02-28,3,3,0,0,0,0,0
JD_11626966,2021-02-28,0,0,0,0,0,0,0
JD_11626964,2021-02-28,10,6,10,0,0,0,0
JD_11626963,2021-02-28,5,5,1,0,0,0,0
JD_11626962,2021-02-28,8,5,3,0,0,0,0
JD_11626961,2021-02-28,0,0,0,0,0,0,0
JD_11626959,2021-02-28,24,15,23,0,0,0,0
JD_11626950,2021-02-28,88,37,56,1,1,0,0
JD_11626947,2021-02-28,29,13,19,0,0,0,0
JD_11626943,2021-02-28,41,27,40,0,0,0,0
JD_11626941,2021-02-28,129,88,63,1,0,0,0
JD_11626938,2021-02-28,21,13,15,0,0,0,0
JD_11626937,2021-02-28,29,11,24,0,0,0,1
JD_11626936,2021-02-28,68,49,31,1,0,0,1
JD_11626935,2021-02-28,2,2,0,0,0,0,0
JD_11626934,2021-02-28,8,7,5,0,0,0,0
JD_11626933,2021-02-28,24,18,12,0,0,0,0
JD_11626932,2021-02-28,93,67,30,2,1,0,0
JD_11626931,2021-02-28,31,20,25,1,0,0,1
JD_11626929,2021-02-28,11,8,5,0,0,0,0
JD_11626928,2021-02-28,2,2,1,0,0,0,0
JD_11626927,2021-02-28,2,2,1,0,0,0,0
JD_11626926,2021-02-28,1,1,0,0,0,0,0
JD_11626925,2021-02-28,1215,892,737,1,0,1,4
JD_11626920,2021-02-28,126,107,21,0,0,0,0
JD_11626919,2021-02-28,56,48,9,0,0,0,0
JD_11626918,2021-02-28,93,77,16,1,0,1,0
JD_11626917,2021-02-28,55,40,15,0,0,0,0
JD_11626916,2021-02-28,250,208,42,0,0,0,0
JD_11626911,2021-02-28,7,2,5,0,0,0,0
JD_11626910,2021-02-28,12,7,11,0,0,0,0
JD_11626909,2021-02-28,11,9,7,0,0,0,0
JD_11626908,2021-02-28,10,6,7,0,0,0,0
JD_11626907,2021-02-28,1,1,0,0,0,0,0
JD_11626906,2021-02-28,13,11,11,0,0,0,0
JD_11626905,2021-02-28,9,6,3,0,0,0,0
JD_11626904,2021-02-28,5,3,4,0,1,0,0
JD_11626899,2021-02-28,5,4,5,0,0,0,0
JD_11626898,2021-02-28,8,0,8,0,0,0,0
JD_11626638,2021-02-28,1,1,1,0,0,0,0
JD_11626637,2021-02-28,6,4,5,0,0,0,0
JD_11626636,2021-02-28,3,3,3,0,0,0,0
JD_11626635,2021-02-28,8,2,8,0,0,0,0
JD_11626634,2021-02-28,10,6,7,0,0,0,0
JD_11626633,2021-02-28,5,2,5,0,0,0,0
JD_11626632,2021-02-28,3,2,3,0,0,0,0
JD_11626631,2021-02-28,8,2,7,1,0,0,0
JD_11626630,2021-02-28,5,3,5,0,0,0,0
JD_11626629,2021-02-28,2,2,1,0,0,0,0
JD_11626628,2021-02-28,17,12,6,0,1,0,1
JD_11626627,2021-02-28,15,7,10,0,0,0,0
JD_11626626,2021-02-28,0,0,0,0,0,0,0
JD_11626625,2021-02-28,0,0,0,0,0,0,0
JD_11626624,2021-02-28,0,0,0,0,0,0,0
JD_11626623,2021-02-28,0,0,0,0,0,0,0
JD_11626622,2021-02-28,10,8,5,0,0,0,0
JD_11626621,2021-02-28,3,1,3,0,0,0,0
JD_11626620,2021-02-28,8,5,6,0,0,0,0
JD_11626618,2021-02-28,6,3,5,0,0,0,0
JD_11626617,2021-02-28,0,0,0,0,0,0,0
JD_11626616,2021-02-28,41,34,23,0,0,0,0
JD_11626615,2021-02-28,28,18,19,0,0,0,1
JD_11626614,2021-02-28,30,20,19,1,1,0,0
JD_11626613,2021-02-28,31,24,5,1,1,0,0
JD_11626612,2021-02-28,4,1,3,0,0,0,0
JD_11626611,2021-02-28,14,13,2,0,0,0,0
JD_11626610,2021-02-28,4,4,0,0,0,0,0
JD_11626606,2021-02-28,12,11,8,0,0,0,0
JD_11626604,2021-02-28,1,0,1,0,0,0,0
