JD_12220483,2021-02-28,233,178,132,1,0,0,0
JD_12220482,2021-02-28,15,9,10,0,0,0,0
JD_12220481,2021-02-28,595,469,407,1,0,1,0
JD_12220480,2021-02-28,6,4,2,0,0,0,0
JD_12220479,2021-02-28,10,8,7,0,0,0,0
JD_12220478,2021-02-28,33,32,10,0,0,0,0
JD_12220477,2021-02-28,108,80,69,0,0,0,2
JD_12220475,2021-02-28,4460,3665,1065,6,4,4,12
JD_12220473,2021-02-28,200,139,116,0,0,0,0
JD_12220472,2021-02-28,2,1,2,0,0,0,0
JD_12220471,2021-02-28,12,9,8,0,0,0,0
JD_12220470,2021-02-28,1,1,0,0,0,0,0
JD_12220469,2021-02-28,3,3,0,0,0,0,0
JD_12220468,2021-02-28,0,0,0,0,0,0,0
JD_12220467,2021-02-28,212,165,153,0,0,0,1
JD_12220465,2021-02-28,3,2,2,0,0,0,0
JD_12220464,2021-02-28,20,15,9,0,0,0,0
JD_12220463,2021-02-28,24,21,18,0,0,0,0
JD_12220462,2021-02-28,9,6,9,0,0,0,0
JD_12220461,2021-02-28,32,24,16,0,0,0,0
JD_12220460,2021-02-28,0,0,0,0,0,0,0
JD_12220459,2021-02-28,149,132,67,0,0,0,0
JD_12220458,2021-02-28,0,0,0,0,0,0,0
JD_12220457,2021-02-28,50,34,37,0,0,0,0
JD_12220456,2021-02-28,0,0,0,0,0,0,0
JD_12220455,2021-02-28,56,49,31,0,0,0,0
JD_12220454,2021-02-28,559,338,556,0,0,0,2
JD_12220453,2021-02-28,46,45,25,0,0,0,0
JD_12220452,2021-02-28,192,143,172,0,0,0,0
JD_12220375,2021-02-28,4446,3478,3027,0,2,11,2
JD_12220374,2021-02-28,38,32,18,0,0,0,0
JD_12220373,2021-02-28,815,632,688,5,4,2,1
JD_12220372,2021-02-28,64,54,35,0,0,0,0
JD_12220371,2021-02-28,226,176,67,0,0,1,1
JD_12220370,2021-02-28,7,6,1,0,0,0,0
JD_12220369,2021-02-28,138,101,81,0,0,0,0
JD_12220368,2021-02-28,33,30,18,1,0,0,0
JD_12220367,2021-02-28,2331,1873,2326,2,2,2,9
JD_12220366,2021-02-28,4,4,2,0,0,0,0
JD_12220365,2021-02-28,13,10,6,0,0,0,0
JD_12220364,2021-02-28,9,6,5,0,0,0,0
JD_12220363,2021-02-28,425,280,233,1,0,0,3
JD_12220362,2021-02-28,212,173,175,1,0,0,1
JD_12220361,2021-02-28,39,29,29,0,0,0,0
JD_12220359,2021-02-28,755,616,265,0,0,1,3
JD_12220357,2021-02-28,1397,1118,1068,3,4,1,1
JD_12220355,2021-02-28,118,98,62,0,0,0,0
JD_12220354,2021-02-28,30,23,11,0,0,0,0
JD_12220353,2021-02-28,7,5,5,0,0,0,0
JD_12220352,2021-02-28,23401,19609,19783,51,31,25,50
JD_12220351,2021-02-28,285,198,181,1,1,0,0
JD_12220350,2021-02-28,35,25,10,0,0,0,0
JD_12220349,2021-02-28,38,29,24,0,0,1,0
JD_12220348,2021-02-28,48,35,30,0,1,0,0
JD_12220347,2021-02-28,23,21,15,0,0,0,0
JD_12220346,2021-02-28,30,19,24,0,0,0,0
JD_12220345,2021-02-28,73,61,62,0,0,0,0
JD_12220344,2021-02-28,242,200,118,0,0,0,1
JD_12220343,2021-02-28,59,35,40,0,0,0,0
JD_12220342,2021-02-28,325,273,175,0,0,0,0
JD_12220341,2021-02-28,38,26,31,0,0,0,0
JD_12220340,2021-02-28,4,2,3,0,0,0,0
JD_12220339,2021-02-28,3,2,3,0,0,0,0
JD_12220338,2021-02-28,10,5,5,0,0,0,0
JD_12220337,2021-02-28,313,262,273,0,1,1,1
JD_12220336,2021-02-28,2,2,0,0,0,0,0
JD_12220335,2021-02-28,79,70,56,0,0,0,0
JD_12220334,2021-02-28,429,319,276,4,0,0,0
JD_12220333,2021-02-28,11,9,8,0,0,0,0
JD_12220332,2021-02-28,134,93,82,1,0,0,1
