JD_11363722,2021-02-28,46,24,44,0,0,0,0
JD_11363721,2021-02-28,7,6,3,0,0,0,0
JD_11363720,2021-02-28,3860,2226,2890,17,10,0,13
JD_11363719,2021-02-28,202,149,110,1,0,0,0
JD_11363718,2021-02-28,35,17,21,1,0,0,0
JD_11363717,2021-02-28,4826,3542,2240,16,5,2,11
JD_11363716,2021-02-28,44,37,15,0,0,0,0
JD_11363715,2021-02-28,75,60,45,1,0,0,0
JD_11363714,2021-02-28,59,40,37,1,0,1,0
JD_11363713,2021-02-28,310,0,300,7,3,0,0
JD_11363712,2021-02-28,7,3,4,0,0,0,0
JD_11363711,2021-02-28,42,27,22,1,0,0,0
JD_11363710,2021-02-28,5,5,1,0,0,0,0
JD_11363709,2021-02-28,11,0,10,0,1,0,0
JD_11363708,2021-02-28,58,52,15,0,0,0,0
JD_11363707,2021-02-28,58,37,30,0,0,0,0
JD_11363706,2021-02-28,680,357,595,8,3,0,3
JD_11363705,2021-02-28,37,22,35,0,0,0,0
JD_11363703,2021-02-28,35,21,34,0,0,0,0
JD_11363702,2021-02-28,33,21,31,0,0,0,0
JD_11363699,2021-02-28,36,23,33,0,0,0,0
JD_11363698,2021-02-28,33,21,30,0,0,0,0
JD_11363695,2021-02-28,4385,2684,2781,17,6,3,3
JD_11363689,2021-02-28,3883,2655,2213,8,3,3,7
JD_11363687,2021-02-28,392,104,359,3,1,1,1
JD_11363686,2021-02-28,353,71,350,3,0,0,1
JD_11363685,2021-02-28,6,2,6,0,0,0,0
JD_11363684,2021-02-28,4,1,4,0,0,0,0
JD_11363683,2021-02-28,9,4,7,1,0,0,0
JD_11363682,2021-02-28,3,2,3,0,0,0,0
JD_11363681,2021-02-28,3,2,3,0,0,0,0
JD_11363674,2021-02-28,8,3,8,0,0,0,0
JD_11363669,2021-02-28,416,258,264,2,0,1,0
JD_11363667,2021-02-28,41,32,21,0,0,0,0
JD_11363633,2021-02-28,3,0,2,1,0,0,0
JD_11363630,2021-02-28,1,0,1,0,0,0,0
JD_11363629,2021-02-28,22,19,9,0,0,0,0
JD_11363628,2021-02-28,0,0,0,0,0,0,0
JD_11363627,2021-02-28,43,17,36,2,0,0,1
JD_11363625,2021-02-28,0,0,0,0,0,0,0
JD_11363622,2021-02-28,15,9,10,0,0,0,0
JD_11363621,2021-02-28,22,14,10,0,1,0,0
JD_11363620,2021-02-28,18,13,9,0,0,0,0
JD_11363619,2021-02-28,9,7,3,0,0,0,0
JD_11363618,2021-02-28,2,1,1,0,0,0,0
JD_11363617,2021-02-28,4,3,3,1,0,0,0
JD_11363616,2021-02-28,0,0,0,0,0,0,0
JD_11363615,2021-02-28,7,6,3,0,0,0,0
JD_11363614,2021-02-28,1189,812,751,9,0,0,1
JD_11363610,2021-02-28,579,49,566,9,4,0,2
JD_11363609,2021-02-28,10199,6875,6228,32,10,6,14
JD_11363607,2021-02-28,69,46,67,0,0,0,0
JD_11363605,2021-02-28,1,0,1,0,0,0,0
JD_11363601,2021-02-28,9,8,3,0,0,0,0
JD_11363590,2021-02-28,8799,5763,6291,24,12,7,16
JD_11363584,2021-02-28,5,0,4,1,0,0,0
JD_11363578,2021-02-28,21,15,21,0,0,0,0
JD_11363570,2021-02-28,9,0,9,0,0,0,0
JD_11363536,2021-02-28,1059,15,1037,19,3,0,1
JD_11363528,2021-02-28,2,2,0,0,0,0,0
JD_11363524,2021-02-28,2,1,2,0,0,0,0
JD_11363522,2021-02-28,466,269,416,0,0,0,1
JD_11363515,2021-02-28,5,2,5,0,0,0,0
JD_11363513,2021-02-28,21,13,9,0,0,0,0
JD_11363511,2021-02-28,1,0,1,0,0,0,0
JD_11363509,2021-02-28,0,0,0,0,0,0,0
JD_11363497,2021-02-28,122,0,117,4,1,0,0
JD_11363471,2021-02-28,0,0,0,0,0,0,0
JD_11363460,2021-02-28,3,2,1,0,0,0,0
JD_11363457,2021-02-28,1,1,0,0,0,0,0
