JD_11583102,2021-02-28,22,17,9,0,1,0,0
JD_11583101,2021-02-28,62,32,42,0,1,0,0
JD_11583099,2021-02-28,9,6,7,0,0,0,0
JD_11583098,2021-02-28,21,14,14,0,0,0,0
JD_11583097,2021-02-28,174,70,139,1,3,0,1
JD_11583096,2021-02-28,13,10,3,0,0,0,0
JD_11583095,2021-02-28,8,2,7,1,0,0,0
JD_11583094,2021-02-28,19,10,9,0,0,0,0
JD_11583093,2021-02-28,18,10,15,1,0,0,0
JD_11583092,2021-02-28,5,4,5,0,0,0,0
JD_11583091,2021-02-28,6,3,6,0,0,0,0
JD_11583090,2021-02-28,5,4,5,0,0,0,0
JD_11583089,2021-02-28,11,8,4,0,0,0,0
JD_11583088,2021-02-28,2,1,1,0,0,0,0
JD_11583087,2021-02-28,52,33,40,0,0,0,0
JD_11583086,2021-02-28,13,12,8,0,0,0,0
JD_11583085,2021-02-28,23,12,16,0,0,0,0
JD_11583084,2021-02-28,5,3,4,0,0,0,0
JD_11583083,2021-02-28,38,12,34,1,0,0,0
JD_11583082,2021-02-28,67,39,44,2,1,1,1
JD_11583081,2021-02-28,198,104,154,2,2,0,0
JD_11583080,2021-02-28,78,18,75,0,0,0,0
JD_11583079,2021-02-28,10,6,6,0,1,0,0
JD_11583078,2021-02-28,6,5,4,0,0,0,0
JD_11583077,2021-02-28,5,4,3,1,0,0,0
JD_11583076,2021-02-28,16,11,12,2,0,0,0
JD_11583075,2021-02-28,3,3,2,0,0,0,0
JD_11583074,2021-02-28,3,2,3,0,0,0,0
JD_11583073,2021-02-28,16,3,13,0,0,0,0
JD_11583072,2021-02-28,6,5,6,0,0,0,0
JD_11583071,2021-02-28,8,0,7,1,0,0,0
JD_11583069,2021-02-28,2,1,1,0,1,0,0
JD_11583068,2021-02-28,4,1,4,0,0,0,0
JD_11583059,2021-02-28,4,0,4,0,0,0,0
JD_11583030,2021-02-28,4551,3335,2677,6,4,0,4
JD_11583028,2021-02-28,8,0,7,1,0,0,0
JD_11583027,2021-02-28,6,2,5,0,0,0,0
JD_11583026,2021-02-28,4041,2948,2571,5,1,1,5
JD_11583025,2021-02-28,1067,755,642,1,1,0,1
JD_11583024,2021-02-28,7,0,7,0,0,0,0
JD_11582740,2021-02-28,1,1,0,0,0,0,0
JD_11582735,2021-02-28,291,0,281,8,2,0,0
JD_11582734,2021-02-28,22,20,7,0,0,0,0
JD_11582733,2021-02-28,2,2,1,0,0,0,0
JD_11582731,2021-02-28,15,14,7,0,0,0,0
JD_11582730,2021-02-28,16,4,13,0,0,0,0
JD_11582727,2021-02-28,2,0,2,0,0,0,0
JD_11582726,2021-02-28,103,70,60,0,0,0,0
JD_11582725,2021-02-28,10,8,2,0,0,0,0
JD_11582724,2021-02-28,33,24,21,0,0,0,0
JD_11582723,2021-02-28,9,6,4,0,0,0,0
JD_11582722,2021-02-28,13,10,4,0,0,0,0
JD_11582721,2021-02-28,61,38,39,1,0,0,0
JD_11582720,2021-02-28,100,62,57,0,0,0,0
JD_11582719,2021-02-28,151,85,103,0,0,0,0
JD_11582718,2021-02-28,303,146,220,2,1,0,3
JD_11582717,2021-02-28,463,274,337,3,3,0,1
JD_11582716,2021-02-28,3,3,0,0,0,0,0
JD_11582715,2021-02-28,4,4,2,0,0,0,0
JD_11582714,2021-02-28,39,17,23,0,0,0,0
JD_11582713,2021-02-28,443,188,354,6,3,0,2
JD_11582712,2021-02-28,10,4,9,0,1,0,0
JD_11582711,2021-02-28,147,112,138,2,0,0,1
JD_11582710,2021-02-28,6,4,3,1,0,0,0
JD_11582709,2021-02-28,883,402,747,4,5,1,3
JD_11582708,2021-02-28,13,8,12,0,0,0,0
JD_11582707,2021-02-28,3,0,3,0,0,0,0
JD_11582706,2021-02-28,1,0,1,0,0,0,0
JD_11582705,2021-02-28,28,6,25,0,0,0,0
JD_11582704,2021-02-28,15,8,8,0,1,0,0
