JD_11368860,2021-02-28,10,8,6,0,0,0,0
JD_11368859,2021-02-28,18,2,17,0,0,0,0
JD_11368858,2021-02-28,8,5,4,0,0,0,0
JD_11368856,2021-02-28,0,0,0,0,0,0,0
JD_11368854,2021-02-28,0,0,0,0,0,0,0
JD_11368852,2021-02-28,1,0,1,0,0,0,0
JD_11368850,2021-02-28,0,0,0,0,0,0,0
JD_11368849,2021-02-28,0,0,0,0,0,0,0
JD_11368848,2021-02-28,5,4,2,0,0,0,0
JD_11368845,2021-02-28,0,0,0,0,0,0,0
JD_11368840,2021-02-28,8,6,4,0,0,0,0
JD_11368839,2021-02-28,19,0,19,0,0,0,0
JD_11368837,2021-02-28,5,2,5,0,0,0,0
JD_11368836,2021-02-28,0,0,0,0,0,0,0
JD_11368833,2021-02-28,0,0,0,0,0,0,0
JD_11368832,2021-02-28,0,0,0,0,0,0,0
JD_11368831,2021-02-28,3,3,1,0,0,0,0
JD_11368830,2021-02-28,0,0,0,0,0,0,0
JD_11368827,2021-02-28,1,1,1,0,0,0,0
JD_11368825,2021-02-28,2,0,2,0,0,0,0
JD_11368823,2021-02-28,3,2,1,0,0,0,0
JD_11368822,2021-02-28,0,0,0,0,0,0,0
JD_11368821,2021-02-28,5,2,5,0,0,0,1
JD_11368820,2021-02-28,0,0,0,0,0,0,0
JD_11368819,2021-02-28,1,1,1,0,0,0,0
JD_11368818,2021-02-28,1,1,0,0,0,0,0
JD_11368817,2021-02-28,0,0,0,0,0,0,0
JD_11368816,2021-02-28,0,0,0,0,0,0,0
JD_11368815,2021-02-28,0,0,0,0,0,0,0
JD_11368814,2021-02-28,0,0,0,0,0,0,0
JD_11368813,2021-02-28,0,0,0,0,0,0,0
JD_11368812,2021-02-28,0,0,0,0,0,0,0
JD_11368811,2021-02-28,0,0,0,0,0,0,0
JD_11368810,2021-02-28,2,1,2,0,0,0,0
JD_11368809,2021-02-28,0,0,0,0,0,0,0
JD_11368803,2021-02-28,1,1,0,0,0,0,0
JD_11368802,2021-02-28,1,1,1,0,0,0,0
JD_11368800,2021-02-28,1,0,1,0,0,0,0
JD_11368795,2021-02-28,0,0,0,0,0,0,0
JD_11368793,2021-02-28,1,1,1,0,0,0,0
JD_11368791,2021-02-28,0,0,0,0,0,0,0
JD_11368790,2021-02-28,2,1,1,0,0,0,0
JD_11368789,2021-02-28,0,0,0,0,0,0,0
JD_11368788,2021-02-28,1,1,1,0,0,0,0
JD_11368786,2021-02-28,14,0,13,1,0,0,0
JD_11368785,2021-02-28,0,0,0,0,0,0,0
JD_11368783,2021-02-28,4,0,4,0,0,0,0
JD_11368782,2021-02-28,6,0,5,1,0,0,0
JD_11368780,2021-02-28,5,0,5,0,0,0,0
JD_11368779,2021-02-28,0,0,0,0,0,0,0
JD_11368778,2021-02-28,8,0,8,0,0,0,0
JD_11368773,2021-02-28,0,0,0,0,0,0,0
JD_11368771,2021-02-28,0,0,0,0,0,0,0
JD_11368770,2021-02-28,1,1,0,0,0,0,0
JD_11368768,2021-02-28,0,0,0,0,0,0,0
JD_11368767,2021-02-28,86,45,51,0,0,0,0
JD_11368766,2021-02-28,0,0,0,0,0,0,0
JD_11368765,2021-02-28,0,0,0,0,0,0,0
JD_11368764,2021-02-28,0,0,0,0,0,0,0
JD_11368763,2021-02-28,1,1,0,0,0,0,0
JD_11368762,2021-02-28,0,0,0,0,0,0,0
JD_11368759,2021-02-28,0,0,0,0,0,0,0
JD_11368758,2021-02-28,0,0,0,0,0,0,0
JD_11368757,2021-02-28,0,0,0,0,0,0,0
JD_11368756,2021-02-28,0,0,0,0,0,0,0
JD_11368754,2021-02-28,0,0,0,0,0,0,0
JD_11368753,2021-02-28,0,0,0,0,0,0,0
JD_11368749,2021-02-28,8,5,5,0,0,0,0
JD_11368748,2021-02-28,3,1,2,0,0,0,0
JD_11368747,2021-02-28,1,1,1,0,0,0,0
