JD_12345703,2021-02-28,6,4,2,0,0,0,1
JD_12345702,2021-02-28,24124,19538,14043,27,11,19,40
JD_12345701,2021-02-28,1,0,1,0,0,0,0
JD_12345700,2021-02-28,59,48,19,0,0,0,1
JD_12345699,2021-02-28,3,2,1,0,0,0,0
JD_12345698,2021-02-28,147,119,63,1,0,0,0
JD_12345697,2021-02-28,151,128,62,0,1,0,2
JD_12345696,2021-02-28,32,28,12,0,0,0,0
JD_12345695,2021-02-28,31,25,11,0,0,0,0
JD_12345694,2021-02-28,15,13,5,0,0,0,0
JD_12345693,2021-02-28,17,15,7,0,0,0,0
JD_12345692,2021-02-28,4,4,3,0,0,0,0
JD_12345691,2021-02-28,73,55,52,0,0,0,0
JD_12345690,2021-02-28,6,6,2,0,0,0,0
JD_12345689,2021-02-28,354,214,237,0,2,0,1
JD_12345688,2021-02-28,13,11,7,0,0,0,0
JD_12345687,2021-02-28,71,54,60,0,0,0,0
JD_12345686,2021-02-28,1,1,0,0,0,0,0
JD_12345685,2021-02-28,17,13,5,0,0,0,1
JD_12345684,2021-02-28,69,56,42,0,0,0,0
JD_12345683,2021-02-28,430,341,222,2,0,1,1
JD_12345682,2021-02-28,18,14,7,0,0,0,0
JD_12345681,2021-02-28,49,37,21,0,0,0,0
JD_12345680,2021-02-28,5,4,1,0,0,0,0
JD_12345679,2021-02-28,13,10,4,0,0,0,0
JD_12345678,2021-02-28,16,13,9,0,0,0,0
JD_12345677,2021-02-28,53,42,18,0,0,0,0
JD_12345676,2021-02-28,3044,2350,2136,2,3,7,6
JD_12345675,2021-02-28,0,0,0,0,0,0,0
JD_12345674,2021-02-28,0,0,0,0,0,0,0
JD_12345673,2021-02-28,113,88,96,0,0,0,0
JD_12345672,2021-02-28,0,0,0,0,0,0,0
JD_12345671,2021-02-28,101,84,51,0,0,0,0
JD_12345670,2021-02-28,68,59,38,0,0,0,1
JD_12345669,2021-02-28,43,33,16,0,0,0,0
JD_12345668,2021-02-28,451,383,133,1,2,0,3
JD_12345667,2021-02-28,1257,1050,1196,1,1,1,3
JD_12345666,2021-02-28,5,4,4,0,0,0,0
JD_12345665,2021-02-28,857,721,757,2,0,1,2
JD_12345664,2021-02-28,23,15,12,0,0,0,0
JD_12345663,2021-02-28,262,207,249,0,3,0,1
JD_12345662,2021-02-28,98,80,72,0,0,0,0
JD_12345661,2021-02-28,259,203,195,2,0,0,0
JD_12345660,2021-02-28,32,30,18,0,0,0,0
JD_12345659,2021-02-28,51,41,41,0,0,0,0
JD_12345658,2021-02-28,335,262,228,0,0,0,1
JD_12345657,2021-02-28,365,298,278,5,1,0,1
JD_12345656,2021-02-28,3035,2574,1204,10,4,0,1
JD_12345655,2021-02-28,232,174,215,2,1,1,1
JD_12345653,2021-02-28,729,614,654,2,1,1,0
JD_12345652,2021-02-28,150,122,102,1,0,0,2
JD_12345651,2021-02-28,363,293,307,2,0,0,0
JD_12345650,2021-02-28,139,110,115,1,0,0,0
JD_12345649,2021-02-28,0,0,0,0,0,0,0
JD_12345648,2021-02-28,826,679,828,1,0,2,1
JD_12345647,2021-02-28,0,0,0,0,0,0,0
JD_12345343,2021-02-28,169,144,72,0,0,0,0
JD_12345342,2021-02-28,83,80,31,0,0,0,0
JD_12345341,2021-02-28,27,16,18,0,0,0,0
JD_12345340,2021-02-28,8,8,4,0,0,0,0
JD_12345338,2021-02-28,4,4,1,0,0,0,0
JD_12345336,2021-02-28,4,4,1,0,0,0,0
JD_12345335,2021-02-28,485,418,130,1,0,0,0
JD_12345334,2021-02-28,7,7,1,0,0,0,0
JD_12345333,2021-02-28,726,609,693,0,2,0,1
JD_12345332,2021-02-28,44,40,24,0,0,0,0
JD_12345331,2021-02-28,5,3,2,0,0,0,0
JD_12345330,2021-02-28,215,175,127,0,0,0,1
JD_12345329,2021-02-28,283,231,124,1,0,0,0
JD_12345328,2021-02-28,9,9,3,0,0,0,0
