JD_11419471,2021-02-28,242,0,235,4,3,0,0
JD_11419470,2021-02-28,51,28,50,1,0,0,0
JD_11419468,2021-02-28,132,103,51,0,0,0,0
JD_11419459,2021-02-28,279,48,271,4,0,1,0
JD_11419436,2021-02-28,165,75,163,2,0,0,0
JD_11419435,2021-02-28,341,163,335,1,1,1,1
JD_11419425,2021-02-28,84,36,78,5,0,0,0
JD_11419419,2021-02-28,208,147,96,0,0,0,0
JD_11419418,2021-02-28,1666,1010,1502,11,5,0,3
JD_11419414,2021-02-28,325,178,324,0,0,0,0
JD_11419412,2021-02-28,973,760,370,1,2,1,0
JD_11419410,2021-02-28,288,220,134,1,0,0,0
JD_11419409,2021-02-28,102,50,73,1,0,0,0
JD_11419407,2021-02-28,295,139,264,1,1,0,1
JD_11419400,2021-02-28,91,50,61,2,0,0,0
JD_11419399,2021-02-28,1059,657,951,5,2,2,1
JD_11419398,2021-02-28,2640,1909,1778,5,5,1,2
JD_11419395,2021-02-28,16,9,6,1,0,0,0
JD_11419394,2021-02-28,3,2,1,0,0,0,0
JD_11419391,2021-02-28,53,36,18,0,0,0,0
JD_11419390,2021-02-28,2,1,2,0,0,0,0
JD_11419389,2021-02-28,1742,1038,1720,18,4,3,4
JD_11419388,2021-02-28,1,1,0,0,0,0,0
JD_11419387,2021-02-28,8,1,8,0,0,0,0
JD_11419386,2021-02-28,0,0,0,0,0,0,0
JD_11419385,2021-02-28,5,1,5,0,0,0,0
JD_11419382,2021-02-28,0,0,0,0,0,0,0
JD_11419381,2021-02-28,0,0,0,0,0,0,0
JD_11419380,2021-02-28,1,1,1,0,0,0,0
JD_11419379,2021-02-28,9,7,4,0,0,0,0
JD_11419378,2021-02-28,0,0,0,0,0,0,0
JD_11419377,2021-02-28,2,1,2,0,0,0,0
JD_11419376,2021-02-28,0,0,0,0,0,0,0
JD_11419375,2021-02-28,15,12,8,0,0,0,0
JD_11419373,2021-02-28,4,1,3,0,0,0,0
JD_11419372,2021-02-28,0,0,0,0,0,0,0
JD_11419369,2021-02-28,1,0,1,0,0,0,0
JD_11419367,2021-02-28,3,0,2,1,0,0,0
JD_11419366,2021-02-28,0,0,0,0,0,0,0
JD_11419365,2021-02-28,0,0,0,0,0,0,0
JD_11419364,2021-02-28,1,0,1,0,0,0,0
JD_11419363,2021-02-28,0,0,0,0,0,0,0
JD_11419362,2021-02-28,5,3,5,0,0,0,0
JD_11419360,2021-02-28,24,16,16,0,0,0,0
JD_11419359,2021-02-28,6,2,6,0,0,0,0
JD_11419358,2021-02-28,0,0,0,0,0,0,0
JD_11419357,2021-02-28,14,10,8,0,0,0,0
JD_11419356,2021-02-28,0,0,0,0,0,0,0
JD_11419354,2021-02-28,0,0,0,0,0,0,0
JD_11419353,2021-02-28,0,0,0,0,0,0,0
JD_11419352,2021-02-28,35,16,29,1,0,0,0
JD_11419349,2021-02-28,8,5,7,0,0,0,0
JD_11419347,2021-02-28,0,0,0,0,0,0,0
JD_11419346,2021-02-28,2,1,1,0,0,0,0
JD_11419345,2021-02-28,1,1,0,0,0,0,0
JD_11419344,2021-02-28,3,1,3,0,0,0,0
JD_11419342,2021-02-28,0,0,0,0,0,0,0
JD_11419340,2021-02-28,3,1,3,0,0,0,0
JD_11419339,2021-02-28,6,0,6,0,0,0,0
JD_11419338,2021-02-28,6,4,4,0,0,0,0
JD_11419336,2021-02-28,0,0,0,0,0,0,0
JD_11419335,2021-02-28,0,0,0,0,0,0,0
JD_11419334,2021-02-28,1,1,1,0,0,0,0
JD_11419333,2021-02-28,1,1,1,0,0,0,0
JD_11419332,2021-02-28,1,1,1,0,0,0,0
JD_11419331,2021-02-28,1,1,0,0,0,0,0
JD_11419329,2021-02-28,1,1,1,0,0,0,0
JD_11419328,2021-02-28,6,5,2,0,0,0,0
JD_11419327,2021-02-28,1,1,1,0,0,0,0
JD_11419326,2021-02-28,180,83,137,1,1,0,1
