JD_11536405,2021-02-28,3,3,2,0,0,0,0
JD_11536404,2021-02-28,2,2,0,0,0,0,0
JD_11536403,2021-02-28,6,1,5,1,0,0,0
JD_11536397,2021-02-28,1,1,0,0,0,0,0
JD_11536396,2021-02-28,0,0,0,0,0,0,0
JD_11536395,2021-02-28,0,0,0,0,0,0,0
JD_11536394,2021-02-28,0,0,0,0,0,0,0
JD_11536392,2021-02-28,0,0,0,0,0,0,0
JD_11536390,2021-02-28,2,0,2,0,0,0,0
JD_11536388,2021-02-28,271,191,178,1,4,1,0
JD_11536387,2021-02-28,88,69,66,0,0,0,0
JD_11536385,2021-02-28,1,1,0,0,0,0,0
JD_11536384,2021-02-28,10,1,9,0,0,0,0
JD_11536383,2021-02-28,6,1,5,0,0,0,0
JD_11536382,2021-02-28,11,4,8,0,0,0,0
JD_11536381,2021-02-28,0,0,0,0,0,0,0
JD_11536380,2021-02-28,14,8,9,1,0,0,0
JD_11536379,2021-02-28,1,1,0,0,0,0,0
JD_11536377,2021-02-28,5,4,2,0,0,0,0
JD_11536376,2021-02-28,11,9,5,0,0,0,0
JD_11536375,2021-02-28,38,25,22,0,0,0,0
JD_11536374,2021-02-28,26,22,14,0,0,0,0
JD_11536373,2021-02-28,17,15,8,1,0,0,0
JD_11536372,2021-02-28,226,0,213,12,1,0,2
JD_11536370,2021-02-28,11,2,10,0,0,0,0
JD_11536369,2021-02-28,21,17,12,0,1,0,0
JD_11536368,2021-02-28,30,25,16,0,0,0,0
JD_11536367,2021-02-28,2342,1546,1975,14,6,2,5
JD_11536360,2021-02-28,2,1,2,0,0,0,0
JD_11536357,2021-02-28,25,7,24,1,0,0,0
JD_11536356,2021-02-28,6,6,6,0,0,0,0
JD_11536355,2021-02-28,12,11,7,0,0,0,0
JD_11536353,2021-02-28,0,0,0,0,0,0,0
JD_11536352,2021-02-28,101,65,65,0,0,0,0
JD_11536351,2021-02-28,0,0,0,0,0,0,0
JD_11536350,2021-02-28,13,8,7,0,1,0,0
JD_11536349,2021-02-28,29,22,16,0,0,0,1
JD_11536348,2021-02-28,0,0,0,0,0,0,0
JD_11536345,2021-02-28,10,3,10,0,0,0,0
JD_11536344,2021-02-28,1,0,0,1,0,0,0
JD_11536343,2021-02-28,42,8,36,1,1,0,0
JD_11536342,2021-02-28,10,0,10,0,0,0,0
JD_11536340,2021-02-28,1,1,1,0,0,0,0
JD_11536337,2021-02-28,0,0,0,0,0,0,0
JD_11536335,2021-02-28,6,1,5,0,0,0,0
JD_11536332,2021-02-28,0,0,0,0,0,0,0
JD_11536331,2021-02-28,0,0,0,0,0,0,0
JD_11536330,2021-02-28,0,0,0,0,0,0,0
JD_11536329,2021-02-28,9,3,8,0,0,0,0
JD_11536328,2021-02-28,0,0,0,0,0,0,0
JD_11536327,2021-02-28,0,0,0,0,0,0,0
JD_11536326,2021-02-28,0,0,0,0,0,0,0
JD_11536325,2021-02-28,0,0,0,0,0,0,0
JD_11536324,2021-02-28,0,0,0,0,0,0,0
JD_11536323,2021-02-28,9,1,9,0,0,0,0
JD_11536322,2021-02-28,20,16,19,0,0,0,0
JD_11536321,2021-02-28,0,0,0,0,0,0,0
JD_11536315,2021-02-28,1,1,0,0,0,0,0
JD_11536313,2021-02-28,0,0,0,0,0,0,0
JD_11536311,2021-02-28,19,14,19,0,0,0,0
JD_11536310,2021-02-28,19050,13597,11029,58,23,11,35
JD_11536309,2021-02-28,0,0,0,0,0,0,0
JD_11536308,2021-02-28,21,9,21,0,0,0,0
JD_11536307,2021-02-28,220,170,147,2,0,0,1
JD_11536306,2021-02-28,25,10,25,0,0,0,0
JD_11536303,2021-02-28,3,3,1,0,0,0,0
JD_11536301,2021-02-28,0,0,0,0,0,0,0
JD_11536300,2021-02-28,1,0,1,0,0,0,0
JD_11536299,2021-02-28,82,57,79,2,0,0,0
JD_11536298,2021-02-28,3,3,1,0,0,0,0
