JD_11555652,2021-02-28,0,0,0,0,0,0,0
JD_11555651,2021-02-28,4,3,1,0,0,0,0
JD_11555650,2021-02-28,2,1,2,0,0,0,0
JD_11555649,2021-02-28,21,12,20,0,0,0,0
JD_11555647,2021-02-28,4,1,3,0,0,0,0
JD_11555646,2021-02-28,0,0,0,0,0,0,0
JD_11555645,2021-02-28,91,53,68,1,0,0,0
JD_11555643,2021-02-28,252,204,170,1,0,0,0
JD_11555642,2021-02-28,5,3,3,0,0,0,0
JD_11555641,2021-02-28,102,62,85,0,0,0,0
JD_11555640,2021-02-28,1941,1306,1192,5,6,1,13
JD_11555637,2021-02-28,0,0,0,0,0,0,0
JD_11555635,2021-02-28,1,1,0,0,0,0,0
JD_11555634,2021-02-28,1,1,1,0,0,0,0
JD_11555631,2021-02-28,20,14,6,0,0,0,0
JD_11555630,2021-02-28,6,2,4,0,0,0,0
JD_11555629,2021-02-28,15,9,10,1,0,0,0
JD_11555627,2021-02-28,0,0,0,0,0,0,0
JD_11555626,2021-02-28,3,3,2,0,0,0,0
JD_11555625,2021-02-28,0,0,0,0,0,0,0
JD_11555624,2021-02-28,35,28,11,0,0,0,0
JD_11555623,2021-02-28,4,2,4,0,0,0,0
JD_11555622,2021-02-28,17,13,11,0,0,0,0
JD_11555621,2021-02-28,2,1,1,0,0,0,0
JD_11555344,2021-02-28,6,5,5,0,0,0,0
JD_11555343,2021-02-28,2,2,0,0,0,0,0
JD_11555342,2021-02-28,0,0,0,0,0,0,0
JD_11555341,2021-02-28,0,0,0,0,0,0,0
JD_11555340,2021-02-28,2,1,2,0,0,0,0
JD_11555339,2021-02-28,4,2,4,0,0,0,0
JD_11555338,2021-02-28,1,1,0,0,0,0,0
JD_11555337,2021-02-28,5,2,5,0,0,0,0
JD_11555336,2021-02-28,2,1,2,0,0,0,0
JD_11555335,2021-02-28,14,8,8,0,0,0,0
JD_11555334,2021-02-28,1,1,0,0,0,0,0
JD_11555333,2021-02-28,4,1,4,0,0,0,0
JD_11555332,2021-02-28,97,60,84,0,0,1,0
JD_11555328,2021-02-28,2,0,2,0,0,0,0
JD_11555327,2021-02-28,5,3,4,0,0,0,0
JD_11555326,2021-02-28,79,44,47,1,0,0,0
JD_11555325,2021-02-28,26,12,24,0,0,0,0
JD_11555324,2021-02-28,6,0,6,0,0,0,0
JD_11555323,2021-02-28,11,8,7,0,0,0,0
JD_11555322,2021-02-28,16,11,12,0,0,0,0
JD_11555320,2021-02-28,0,0,0,0,0,0,0
JD_11555319,2021-02-28,0,0,0,0,0,0,0
JD_11555318,2021-02-28,1,1,0,0,0,0,0
JD_11555317,2021-02-28,0,0,0,0,0,0,0
JD_11555316,2021-02-28,3,0,3,0,0,0,0
JD_11555315,2021-02-28,0,0,0,0,0,0,0
JD_11555314,2021-02-28,135,5,131,2,0,0,0
JD_11555313,2021-02-28,1,1,1,0,0,0,0
JD_11555312,2021-02-28,0,0,0,0,0,0,0
JD_11555310,2021-02-28,11,5,10,0,0,0,0
