JD_11354344,2021-02-28,2858,2177,1763,4,2,3,8
JD_11354343,2021-02-28,342,181,287,8,2,0,1
JD_11354342,2021-02-28,76,17,70,3,0,0,0
JD_11354341,2021-02-28,22,14,15,0,0,0,0
JD_11354340,2021-02-28,9,4,5,0,0,0,0
JD_11354339,2021-02-28,36,27,21,1,0,0,0
JD_11354337,2021-02-28,117,40,112,5,0,0,0
JD_11354334,2021-02-28,4,1,3,0,0,0,0
JD_11354333,2021-02-28,40,6,34,0,0,0,0
JD_11354332,2021-02-28,0,0,0,0,0,0,0
JD_11354331,2021-02-28,0,0,0,0,0,0,0
JD_11354328,2021-02-28,4,3,3,0,0,0,0
JD_11354327,2021-02-28,35,18,34,0,0,0,0
JD_11354326,2021-02-28,387,276,247,1,1,1,1
JD_11354325,2021-02-28,0,0,0,0,0,0,0
JD_11354324,2021-02-28,4,0,4,0,0,0,0
JD_11354323,2021-02-28,2,0,1,0,1,0,0
JD_11354322,2021-02-28,661,473,382,0,5,0,1
JD_11354321,2021-02-28,24,2,20,1,1,0,0
JD_11354320,2021-02-28,5,1,4,1,0,0,0
JD_11354319,2021-02-28,0,0,0,0,0,0,0
JD_11354317,2021-02-28,446,187,424,8,3,0,4
JD_11354316,2021-02-28,185,0,179,4,2,0,0
JD_11354315,2021-02-28,20,11,11,1,0,0,0
JD_11354314,2021-02-28,111,30,108,2,0,0,1
JD_11354312,2021-02-28,75,0,71,3,1,0,0
JD_11354310,2021-02-28,9,5,8,0,0,0,0
JD_11354309,2021-02-28,55,0,51,2,2,0,0
JD_11354308,2021-02-28,54,0,50,2,2,0,0
JD_11354307,2021-02-28,89,0,85,3,1,0,0
JD_11354306,2021-02-28,62,28,45,0,0,0,0
JD_11354305,2021-02-28,57,25,42,0,0,0,0
JD_11354304,2021-02-28,52,22,36,1,1,0,0
JD_11354303,2021-02-28,96,57,69,0,1,0,0
JD_11354302,2021-02-28,232,143,139,3,0,0,0
JD_11354301,2021-02-28,98,58,65,0,0,0,1
JD_11354299,2021-02-28,55,21,42,1,1,0,1
JD_11354298,2021-02-28,0,0,0,0,0,0,0
JD_11354296,2021-02-28,3,2,2,0,0,0,0
JD_11354295,2021-02-28,0,0,0,0,0,0,0
JD_11354294,2021-02-28,1,0,1,0,0,0,0
JD_11354286,2021-02-28,2,1,1,0,0,0,0
JD_11354280,2021-02-28,42,24,20,0,0,0,0
JD_11354272,2021-02-28,37,14,23,0,0,0,0
JD_11354271,2021-02-28,5,2,3,0,0,0,1
JD_11354270,2021-02-28,7,4,6,0,0,0,0
JD_11354268,2021-02-28,0,0,0,0,0,0,0
JD_11354267,2021-02-28,0,0,0,0,0,0,0
JD_11354265,2021-02-28,42,31,28,1,1,0,0
JD_11354262,2021-02-28,5,5,1,0,0,0,0
JD_11354260,2021-02-28,0,0,0,0,0,0,0
JD_11354259,2021-02-28,6,5,5,0,0,0,0
JD_11354258,2021-02-28,86,26,82,1,0,0,0
JD_11354257,2021-02-28,1,0,1,0,0,0,0
JD_11354256,2021-02-28,3,2,2,0,0,0,0
JD_11354248,2021-02-28,3,3,1,0,0,0,0
JD_11354240,2021-02-28,7,5,6,0,0,0,0
JD_11354235,2021-02-28,5,4,1,0,0,0,0
JD_11354234,2021-02-28,2,2,1,0,0,0,0
JD_11354230,2021-02-28,0,0,0,0,0,0,0
JD_11354228,2021-02-28,7,6,5,0,0,0,0
JD_11354227,2021-02-28,119,56,116,0,1,0,0
JD_11354226,2021-02-28,66,34,43,1,0,0,0
JD_11354225,2021-02-28,5,1,4,0,0,0,0
JD_11354223,2021-02-28,0,0,0,0,0,0,0
JD_11354222,2021-02-28,0,0,0,0,0,0,0
JD_11354221,2021-02-28,366,240,185,5,2,0,1
JD_11354220,2021-02-28,0,0,0,0,0,0,0
JD_11354218,2021-02-28,0,0,0,0,0,0,0
JD_11354217,2021-02-28,2,2,1,0,0,0,0
