JD_12461235,2021-02-28,60,53,36,0,0,0,0
JD_12461234,2021-02-28,22,19,3,0,0,0,0
JD_12461233,2021-02-28,112,101,19,0,0,0,0
JD_12461232,2021-02-28,1788,1491,390,1,1,2,2
JD_12461231,2021-02-28,67,57,10,0,0,0,1
JD_12461230,2021-02-28,10,8,5,0,0,0,0
JD_12461229,2021-02-28,64,54,10,0,0,0,2
JD_12461228,2021-02-28,227,170,69,1,0,2,0
JD_12461227,2021-02-28,5,3,2,0,0,0,0
JD_12461226,2021-02-28,104,80,26,0,0,1,0
JD_12461225,2021-02-28,1,1,0,0,0,0,0
JD_12461224,2021-02-28,118,97,31,0,0,0,0
JD_12461223,2021-02-28,1,0,1,0,0,0,0
JD_12461222,2021-02-28,38,28,22,0,0,0,0
JD_12461221,2021-02-28,3,2,1,0,0,0,0
JD_12461220,2021-02-28,296,256,55,3,0,2,0
JD_12461219,2021-02-28,1,0,1,0,0,0,0
JD_12461218,2021-02-28,3,3,0,0,0,0,0
JD_12461217,2021-02-28,1250,1089,167,2,0,2,1
JD_12461216,2021-02-28,13,12,2,0,0,0,0
JD_12461215,2021-02-28,4,4,0,0,0,0,0
JD_12461214,2021-02-28,774,655,152,0,0,1,0
JD_12461213,2021-02-28,5,4,1,0,0,0,0
JD_12461212,2021-02-28,6383,5249,2288,2,2,10,9
JD_12461211,2021-02-28,109,90,22,1,0,0,0
JD_12461209,2021-02-28,33,29,6,0,0,0,0
JD_12461208,2021-02-28,93,76,23,0,0,0,0
JD_12461207,2021-02-28,16,13,3,0,0,0,0
JD_12461206,2021-02-28,1402,1155,259,4,0,2,6
JD_12461133,2021-02-28,35,27,9,0,0,0,0
JD_12461132,2021-02-28,283,241,95,2,0,0,0
JD_12461131,2021-02-28,7,5,2,0,0,0,0
JD_12461130,2021-02-28,94,78,33,1,0,0,1
JD_12461129,2021-02-28,1,1,0,0,0,0,0
JD_12461127,2021-02-28,32,21,11,0,0,0,0
JD_12461126,2021-02-28,4,4,0,0,0,0,0
JD_12461125,2021-02-28,7,6,1,0,0,0,0
JD_12461124,2021-02-28,14,13,1,0,0,0,0
JD_12461123,2021-02-28,4,4,0,0,0,0,0
JD_12461121,2021-02-28,8,6,2,0,0,0,0
JD_12461120,2021-02-28,10,9,2,0,0,0,0
JD_12461119,2021-02-28,4,4,0,0,0,0,0
JD_12461118,2021-02-28,0,0,0,0,0,0,0
JD_12461117,2021-02-28,108,86,27,0,0,0,1
JD_12461116,2021-02-28,11,8,3,0,0,0,0
JD_12461115,2021-02-28,3,1,3,0,0,0,0
JD_12461114,2021-02-28,28,24,4,0,0,0,0
JD_12461113,2021-02-28,2,2,0,0,0,0,0
JD_12461112,2021-02-28,4,2,3,0,0,0,0
JD_12461110,2021-02-28,1,1,1,0,0,0,0
JD_12461109,2021-02-28,27,22,4,1,0,0,0
JD_12461108,2021-02-28,14,10,14,0,0,0,0
JD_12461107,2021-02-28,2,2,1,0,0,0,0
JD_12461106,2021-02-28,33,25,21,0,0,0,0
JD_12461105,2021-02-28,7,5,3,0,0,0,0
JD_12461104,2021-02-28,4,4,0,0,0,0,0
JD_12461103,2021-02-28,16,11,6,0,0,0,0
JD_12461102,2021-02-28,6,5,2,0,0,0,0
JD_12461101,2021-02-28,6,5,1,0,0,0,0
JD_12461100,2021-02-28,0,0,0,0,0,0,0
JD_12461099,2021-02-28,4,3,1,0,0,0,0
JD_12461098,2021-02-28,0,0,0,0,0,0,0
JD_12461097,2021-02-28,2,1,1,0,0,0,0
JD_12461095,2021-02-28,2,2,1,0,0,0,0
JD_12461094,2021-02-28,16,9,9,1,0,0,0
JD_12461093,2021-02-28,1,0,1,0,0,0,0
JD_12461092,2021-02-28,1,1,0,0,0,0,0
JD_12461091,2021-02-28,6,4,5,0,0,0,0
JD_12461090,2021-02-28,14,13,9,0,0,0,0
JD_12461089,2021-02-28,7,5,2,0,0,0,0
