JD_12584395,2021-02-28,0,0,0,0,0,0,0
JD_12584394,2021-02-28,24,17,7,0,0,0,1
JD_12584393,2021-02-28,51,39,12,0,0,0,0
JD_12584392,2021-02-28,665,594,71,0,0,0,0
JD_12584391,2021-02-28,54,48,6,0,0,0,1
JD_12584390,2021-02-28,241,213,27,0,1,0,1
JD_12584389,2021-02-28,3,3,0,0,0,0,0
JD_12584387,2021-02-28,3,3,0,0,0,0,0
JD_12584385,2021-02-28,22,18,3,1,0,0,0
JD_12584384,2021-02-28,0,0,0,0,0,0,0
JD_12584383,2021-02-28,16,10,6,0,0,0,0
JD_12584382,2021-02-28,0,0,0,0,0,0,0
JD_12584381,2021-02-28,0,0,0,0,0,0,0
JD_12584380,2021-02-28,0,0,0,0,0,0,0
JD_12584379,2021-02-28,28,21,6,1,0,0,1
JD_12584378,2021-02-28,0,0,0,0,0,0,0
JD_12584377,2021-02-28,2,2,0,0,0,0,0
JD_12584376,2021-02-28,5,5,0,0,0,0,0
JD_12584375,2021-02-28,1,1,0,0,0,0,0
JD_12584374,2021-02-28,18,16,2,0,0,0,0
JD_12584373,2021-02-28,3,2,1,0,0,0,0
JD_12584372,2021-02-28,4,4,0,0,0,0,0
JD_12584371,2021-02-28,5,3,2,0,0,0,0
JD_12584370,2021-02-28,15,13,2,0,0,0,1
JD_12584369,2021-02-28,2,2,0,0,0,0,0
JD_12584368,2021-02-28,1,1,0,0,0,0,0
JD_12584367,2021-02-28,4,3,1,0,0,0,0
JD_12584366,2021-02-28,4,4,0,0,0,0,0
JD_12584365,2021-02-28,0,0,0,0,0,0,0
JD_12584364,2021-02-28,2,2,0,0,0,0,0
JD_12584363,2021-02-28,17,11,6,0,0,0,0
JD_12584362,2021-02-28,7,6,1,0,0,0,0
JD_12584361,2021-02-28,11,8,3,0,0,0,0
JD_12584360,2021-02-28,46,41,5,0,0,0,0
JD_12584359,2021-02-28,53,48,5,0,0,0,0
JD_12584358,2021-02-28,50,43,7,0,0,0,0
JD_12584357,2021-02-28,33,29,4,0,0,0,0
JD_12584356,2021-02-28,21,18,3,0,0,0,0
JD_12584355,2021-02-28,481,409,68,4,0,0,1
JD_12584354,2021-02-28,2,2,0,0,0,0,0
JD_12584353,2021-02-28,103,74,29,0,0,0,0
JD_12584352,2021-02-28,1,0,1,0,0,0,0
JD_12584351,2021-02-28,148,114,34,0,0,0,1
JD_12584350,2021-02-28,16,14,2,0,0,0,0
JD_12584348,2021-02-28,1,1,0,0,0,0,0
JD_12584275,2021-02-28,77,66,11,0,0,0,2
JD_12584274,2021-02-28,10,8,2,0,0,0,0
JD_12584273,2021-02-28,53,47,6,0,0,0,0
JD_12584272,2021-02-28,264,211,51,0,2,0,1
JD_12584271,2021-02-28,742,631,109,2,0,0,0
JD_12584270,2021-02-28,3195,2651,537,4,3,2,9
JD_12584269,2021-02-28,1042,844,188,6,4,1,2
JD_12584268,2021-02-28,25,22,3,0,0,0,0
JD_12584267,2021-02-28,1248,1018,226,3,1,0,0
JD_12584266,2021-02-28,27,24,3,0,0,0,0
JD_12584265,2021-02-28,272,236,36,0,0,0,1
JD_12584264,2021-02-28,352,307,44,1,0,1,0
JD_12584263,2021-02-28,58,50,8,0,0,0,0
JD_12584262,2021-02-28,1,0,1,0,0,0,0
JD_12584261,2021-02-28,1482,1257,223,1,1,2,1
JD_12584260,2021-02-28,12,10,2,0,0,0,0
JD_12584259,2021-02-28,121,104,17,0,0,0,0
JD_12584258,2021-02-28,1133,916,217,0,0,1,1
JD_12584257,2021-02-28,739,650,89,0,0,1,2
JD_12584256,2021-02-28,111,89,21,1,0,0,1
JD_12584255,2021-02-28,4593,3989,593,9,2,2,5
JD_12584254,2021-02-28,51,45,5,1,0,0,0
JD_12584253,2021-02-28,0,0,0,0,0,0,0
JD_12584252,2021-02-28,14,12,2,0,0,0,0
JD_12584251,2021-02-28,83,68,15,0,0,1,0
