JD_12599522,2021-02-28,1181,925,250,3,3,0,2
JD_12599521,2021-02-28,0,0,0,0,0,0,0
JD_12599520,2021-02-28,28,25,3,0,0,0,0
JD_12599519,2021-02-28,0,0,0,0,0,0,0
JD_12599518,2021-02-28,1134,943,188,1,2,2,1
JD_12599517,2021-02-28,3,3,0,0,0,0,0
JD_12599516,2021-02-28,267,221,46,0,0,0,1
JD_12599515,2021-02-28,247,202,45,0,0,0,0
JD_12599514,2021-02-28,356,299,57,0,0,0,0
JD_12599513,2021-02-28,10,8,2,0,0,0,0
JD_12599512,2021-02-28,424,322,99,2,1,0,0
JD_12599511,2021-02-28,4,4,0,0,0,0,0
JD_12599510,2021-02-28,222,166,55,0,1,1,2
JD_12599509,2021-02-28,5,4,1,0,0,0,0
JD_12599508,2021-02-28,542,450,91,1,0,0,0
JD_12599507,2021-02-28,0,0,0,0,0,0,0
JD_12599506,2021-02-28,305,247,58,0,0,0,1
JD_12599505,2021-02-28,0,0,0,0,0,0,0
JD_12599504,2021-02-28,288,224,64,0,0,1,1
JD_12599503,2021-02-28,20,14,6,0,0,0,0
JD_12599502,2021-02-28,196,152,41,3,0,0,0
JD_12599501,2021-02-28,2115,1813,299,2,1,2,5
JD_12599500,2021-02-28,325,268,55,2,0,0,0
JD_12599499,2021-02-28,108,87,21,0,0,0,0
JD_12599498,2021-02-28,173,145,28,0,0,0,0
JD_12599497,2021-02-28,28,23,5,0,0,0,0
JD_12599496,2021-02-28,323,244,79,0,0,0,1
JD_12599495,2021-02-28,28,26,2,0,0,0,0
JD_12599494,2021-02-28,251,207,43,0,1,0,1
JD_12599493,2021-02-28,23,18,5,0,0,0,0
JD_12599492,2021-02-28,89,66,23,0,0,0,1
JD_12599491,2021-02-28,16,14,2,0,0,0,0
JD_12599490,2021-02-28,501,410,91,0,0,0,1
JD_12599489,2021-02-28,21,19,2,0,0,0,0
JD_12599488,2021-02-28,308,234,72,1,1,1,0
JD_12599487,2021-02-28,3,1,2,0,0,0,0
JD_12599413,2021-02-28,42,41,1,0,0,0,0
JD_12599412,2021-02-28,49,44,5,0,0,0,0
JD_12599411,2021-02-28,25,21,4,0,0,0,0
JD_12599410,2021-02-28,153,131,22,0,0,0,0
JD_12599409,2021-02-28,43,40,3,0,0,0,0
JD_12599408,2021-02-28,0,0,0,0,0,0,0
JD_12599407,2021-02-28,87,77,10,0,0,0,0
JD_12599406,2021-02-28,870,752,117,0,1,1,5
JD_12599405,2021-02-28,119,101,17,1,0,0,0
JD_12599340,2021-02-28,6905,5627,1255,10,13,7,17
JD_12599339,2021-02-28,12,10,2,0,0,0,0
JD_12599338,2021-02-28,5101,4096,1002,0,3,5,13
JD_12599337,2021-02-28,7,6,1,0,0,0,0
JD_12599336,2021-02-28,1010,865,145,0,0,0,3
JD_12599335,2021-02-28,3,3,0,0,0,0,0
JD_12599334,2021-02-28,131,107,23,1,0,0,1
JD_12599333,2021-02-28,1,1,0,0,0,0,0
JD_12599332,2021-02-28,1827,1511,314,1,1,0,3
JD_12599331,2021-02-28,8,7,1,0,0,0,0
JD_12599330,2021-02-28,377,293,84,0,0,0,4
JD_12599329,2021-02-28,7,6,1,0,0,0,0
JD_12599328,2021-02-28,2689,2224,464,1,0,1,2
JD_12599327,2021-02-28,1,1,0,0,0,0,0
JD_12599326,2021-02-28,324,270,53,1,0,0,1
JD_12599325,2021-02-28,6,5,1,0,0,0,0
JD_12599324,2021-02-28,6,5,1,0,0,0,0
JD_12599323,2021-02-28,13,12,1,0,0,0,0
JD_12599322,2021-02-28,31,23,8,0,0,0,1
JD_12599321,2021-02-28,5,3,2,0,0,0,0
JD_12599320,2021-02-28,242,199,43,0,0,0,1
JD_12599319,2021-02-28,17,16,1,0,0,0,0
JD_12599318,2021-02-28,712,568,140,2,2,1,1
JD_12599317,2021-02-28,19,17,2,0,0,0,0
JD_12599316,2021-02-28,836,670,164,2,0,1,4
