JD_11340123,2021-02-28,4,3,4,0,0,0,0
JD_11340122,2021-02-28,2,1,2,0,0,0,0
JD_11340120,2021-02-28,108,5,106,1,0,0,0
JD_11340119,2021-02-28,278,1,264,8,6,1,0
JD_11340117,2021-02-28,131,0,130,1,0,0,0
JD_11340114,2021-02-28,2,1,1,0,0,0,0
JD_11340112,2021-02-28,4809,3372,3183,12,2,3,8
JD_11340109,2021-02-28,1671,887,1621,4,2,1,1
JD_11340108,2021-02-28,248,0,246,1,1,0,0
JD_11340107,2021-02-28,327,150,266,3,2,2,0
JD_11340102,2021-02-28,140,103,53,0,0,0,0
JD_11340101,2021-02-28,153,114,58,0,0,0,1
JD_11340099,2021-02-28,132,96,60,0,0,1,0
JD_11340098,2021-02-28,218,166,64,0,0,0,1
JD_11340092,2021-02-28,205,140,204,1,0,0,0
JD_11340091,2021-02-28,372,247,313,1,0,0,0
JD_11340090,2021-02-28,195,144,114,0,0,1,1
JD_11340089,2021-02-28,193,154,97,0,0,0,1
JD_11340088,2021-02-28,310,241,191,1,0,0,3
JD_11340087,2021-02-28,174,119,115,1,0,0,2
JD_11340086,2021-02-28,163,120,119,0,0,0,1
JD_11340085,2021-02-28,133,98,93,0,0,0,0
JD_11340084,2021-02-28,171,126,98,0,0,0,1
JD_11340083,2021-02-28,222,158,142,0,0,0,1
JD_11340082,2021-02-28,176,134,134,1,0,0,0
JD_11340079,2021-02-28,0,0,0,0,0,0,0
JD_11340078,2021-02-28,0,0,0,0,0,0,0
JD_11340076,2021-02-28,8,7,5,0,0,0,0
JD_11340075,2021-02-28,6,3,2,1,0,0,0
JD_11340074,2021-02-28,0,0,0,0,0,0,0
JD_11340073,2021-02-28,0,0,0,0,0,0,0
JD_11340072,2021-02-28,0,0,0,0,0,0,0
JD_11340071,2021-02-28,2,2,0,0,0,0,0
JD_11340070,2021-02-28,90,47,80,0,0,0,0
JD_11340069,2021-02-28,15,5,10,0,1,0,0
JD_11340068,2021-02-28,35,5,30,3,1,0,0
JD_11340067,2021-02-28,2096,0,2066,20,10,0,0
JD_11340066,2021-02-28,9,3,6,1,0,0,0
JD_11340065,2021-02-28,28,8,20,1,0,0,0
JD_11340064,2021-02-28,10,3,10,0,0,0,0
JD_11340063,2021-02-28,25,12,16,0,0,0,0
JD_11340062,2021-02-28,9,3,8,0,0,0,0
JD_11340061,2021-02-28,38,29,29,0,0,0,0
JD_11340060,2021-02-28,25,12,17,1,2,0,0
JD_11340059,2021-02-28,83,68,15,1,0,1,0
JD_11340058,2021-02-28,10,5,6,1,0,0,0
JD_11340057,2021-02-28,21,0,20,1,0,0,0
JD_11340056,2021-02-28,5,1,5,0,0,0,0
JD_11340055,2021-02-28,6,1,6,0,0,0,0
JD_11340054,2021-02-28,8,2,8,0,0,0,0
JD_11340053,2021-02-28,7,0,7,0,0,0,0
JD_11340052,2021-02-28,0,0,0,0,0,0,0
JD_11340042,2021-02-28,134,91,91,0,0,1,0
JD_11340041,2021-02-28,0,0,0,0,0,0,0
JD_11340038,2021-02-28,0,0,0,0,0,0,0
JD_11340036,2021-02-28,42,28,23,0,0,0,0
JD_11340035,2021-02-28,7,1,7,0,0,0,0
JD_11340034,2021-02-28,6,1,5,0,0,0,0
JD_11340032,2021-02-28,0,0,0,0,0,0,0
JD_11340031,2021-02-28,8,6,7,0,0,0,0
JD_11340030,2021-02-28,53,16,45,1,1,0,0
JD_11340029,2021-02-28,145,57,122,3,1,0,1
JD_11340027,2021-02-28,11,3,9,0,0,0,0
JD_11340026,2021-02-28,6,3,4,0,0,0,0
JD_11340025,2021-02-28,32,13,26,0,0,0,0
JD_11340019,2021-02-28,30,12,24,0,0,0,0
JD_11340018,2021-02-28,37,13,34,0,0,0,0
JD_11340017,2021-02-28,0,0,0,0,0,0,0
JD_11340010,2021-02-28,70,13,63,0,0,0,0
JD_11340009,2021-02-28,173,17,158,2,0,0,0
