JD_12091964,2021-02-28,161,98,161,0,0,0,1
JD_12091962,2021-02-28,17,10,11,0,0,0,0
JD_12091960,2021-02-28,3,3,2,0,0,0,0
JD_12091959,2021-02-28,42,39,35,0,0,0,0
JD_12091958,2021-02-28,4080,3121,2769,9,5,6,5
JD_12091957,2021-02-28,13,6,13,0,0,0,0
JD_12091956,2021-02-28,3163,2352,1656,2,3,6,2
JD_12091955,2021-02-28,773,561,469,1,2,0,6
JD_12091954,2021-02-28,390,300,283,0,0,0,0
JD_12091953,2021-02-28,427,345,334,1,0,1,1
JD_12091952,2021-02-28,132,105,56,0,1,0,0
JD_12091950,2021-02-28,44,34,42,0,0,0,0
JD_12091948,2021-02-28,45,35,28,0,0,0,0
JD_12091947,2021-02-28,311,247,208,0,1,0,0
JD_12091946,2021-02-28,789,637,783,2,3,2,6
JD_12091944,2021-02-28,4,2,4,0,0,0,0
JD_12091943,2021-02-28,116,84,92,2,0,0,0
JD_12091942,2021-02-28,74,57,46,0,0,0,0
JD_12091941,2021-02-28,214,164,191,0,0,0,0
JD_12091940,2021-02-28,167,134,98,0,1,0,1
JD_12091938,2021-02-28,452,379,226,1,0,0,2
JD_12091937,2021-02-28,70,46,63,0,0,0,0
JD_12091936,2021-02-28,144,43,136,6,1,0,0
JD_12091934,2021-02-28,35,29,21,0,0,1,0
JD_12091933,2021-02-28,129,100,120,1,0,0,0
JD_12091932,2021-02-28,24,21,14,0,0,0,0
JD_12091931,2021-02-28,148,107,108,0,1,0,1
JD_12091930,2021-02-28,0,0,0,0,0,0,0
JD_12090808,2021-02-28,33,26,15,0,0,0,0
JD_12090807,2021-02-28,2,2,0,0,0,0,0
JD_12090806,2021-02-28,8,3,8,0,0,0,0
JD_12090805,2021-02-28,6,6,6,0,0,0,0
JD_12090804,2021-02-28,786,625,462,0,0,0,0
JD_12090803,2021-02-28,37,30,20,0,0,0,0
JD_12090801,2021-02-28,33,24,32,0,1,0,0
JD_12090800,2021-02-28,3,3,1,0,0,0,0
JD_12090798,2021-02-28,240,193,137,0,0,0,0
JD_12090796,2021-02-28,8,6,4,0,0,0,0
JD_12090795,2021-02-28,1,1,0,0,0,0,0
JD_12090794,2021-02-28,22,17,9,1,0,0,0
JD_12090792,2021-02-28,2,1,2,0,0,0,0
JD_12090791,2021-02-28,2,2,2,0,0,0,0
JD_12090790,2021-02-28,2617,494,2599,12,6,1,25
JD_12090789,2021-02-28,13,6,13,0,0,0,0
JD_12090788,2021-02-28,14,6,14,0,0,0,0
JD_12090786,2021-02-28,6,0,6,0,0,0,0
JD_12090784,2021-02-28,10,3,10,0,0,0,0
JD_12090783,2021-02-28,176,146,64,0,0,0,0
JD_12090782,2021-02-28,0,0,0,0,0,0,0
JD_12090781,2021-02-28,166,126,148,0,1,1,0
JD_12090780,2021-02-28,18,10,18,0,0,0,0
JD_12090779,2021-02-28,7,5,2,0,0,0,0
JD_12090778,2021-02-28,2,1,2,0,0,0,0
JD_12090777,2021-02-28,11,10,4,0,0,0,0
JD_12090775,2021-02-28,5,4,2,0,0,0,0
JD_12090774,2021-02-28,13,10,13,0,0,0,0
JD_12090773,2021-02-28,44,30,43,0,1,0,0
JD_12090772,2021-02-28,1,1,0,0,0,0,0
JD_12090771,2021-02-28,4,4,3,0,0,0,0
JD_12090770,2021-02-28,1063,872,475,0,2,1,1
JD_12090769,2021-02-28,0,0,0,0,0,0,0
JD_12090768,2021-02-28,96,78,48,1,0,1,0
JD_12090766,2021-02-28,92,65,55,0,0,0,1
JD_12090765,2021-02-28,2,2,2,0,0,0,0
JD_12090764,2021-02-28,25,19,15,0,1,0,0
JD_12090763,2021-02-28,54,40,26,1,0,0,0
JD_12090762,2021-02-28,27,16,20,1,0,0,0
JD_12090761,2021-02-28,20,17,7,0,0,0,0
JD_12090760,2021-02-28,12,10,10,0,0,0,0
JD_12090759,2021-02-28,60,50,27,0,0,0,1
