JD_11483201,2021-02-28,3,3,1,0,0,0,0
JD_11483200,2021-02-28,5,4,3,0,0,0,0
JD_11483199,2021-02-28,3,1,2,0,0,0,0
JD_11483196,2021-02-28,3,1,2,0,0,0,0
JD_11483195,2021-02-28,4,2,2,0,0,0,0
JD_11483194,2021-02-28,13,9,11,0,0,0,0
JD_11483193,2021-02-28,5,0,5,0,0,0,0
JD_11483192,2021-02-28,147,106,140,2,0,1,1
JD_11483191,2021-02-28,0,0,0,0,0,0,0
JD_11483190,2021-02-28,661,537,169,0,0,0,1
JD_11483188,2021-02-28,121,97,25,0,0,1,0
JD_11483186,2021-02-28,204,173,31,0,0,0,0
JD_11483185,2021-02-28,178,155,23,0,0,0,0
JD_11483184,2021-02-28,308,250,59,0,0,0,0
JD_11483183,2021-02-28,122,100,22,0,0,0,0
JD_11483182,2021-02-28,2,0,2,0,0,0,0
JD_11483181,2021-02-28,1,1,1,0,0,0,0
JD_11483175,2021-02-28,33,27,9,0,0,0,0
JD_11483173,2021-02-28,33,31,4,0,0,0,0
JD_11483172,2021-02-28,24,20,4,0,0,0,0
JD_11483171,2021-02-28,0,0,0,0,0,0,0
JD_11483170,2021-02-28,0,0,0,0,0,0,0
JD_11483169,2021-02-28,0,0,0,0,0,0,0
JD_11483168,2021-02-28,5,1,5,0,0,0,0
JD_11483167,2021-02-28,0,0,0,0,0,0,0
JD_11483164,2021-02-28,42,26,37,0,0,0,0
JD_11483163,2021-02-28,2,1,1,0,0,0,0
JD_11483162,2021-02-28,0,0,0,0,0,0,0
JD_11483161,2021-02-28,0,0,0,0,0,0,0
JD_11483160,2021-02-28,0,0,0,0,0,0,0
JD_11483159,2021-02-28,23,21,4,0,0,0,0
JD_11483158,2021-02-28,0,0,0,0,0,0,0
JD_11483157,2021-02-28,1,1,1,0,0,0,0
JD_11483156,2021-02-28,9,7,7,0,0,0,0
JD_11483155,2021-02-28,1,1,0,0,0,0,0
JD_11483154,2021-02-28,0,0,0,0,0,0,0
JD_11483153,2021-02-28,0,0,0,0,0,0,0
JD_11483150,2021-02-28,0,0,0,0,0,0,0
JD_11483149,2021-02-28,0,0,0,0,0,0,0
JD_11483148,2021-02-28,0,0,0,0,0,0,0
JD_11483146,2021-02-28,0,0,0,0,0,0,0
JD_11483145,2021-02-28,1,1,1,0,0,0,0
JD_11483144,2021-02-28,0,0,0,0,0,0,0
JD_11483143,2021-02-28,118,72,63,0,0,0,0
JD_11483141,2021-02-28,0,0,0,0,0,0,0
JD_11483140,2021-02-28,0,0,0,0,0,0,0
JD_11483139,2021-02-28,16,2,16,0,0,0,0
JD_11483138,2021-02-28,114,58,88,3,0,0,1
JD_11483137,2021-02-28,3,1,2,0,0,0,0
JD_11483136,2021-02-28,8,4,7,1,0,0,0
JD_11483134,2021-02-28,4,3,2,0,0,0,0
JD_11483133,2021-02-28,18,2,17,0,0,0,0
JD_11483129,2021-02-28,1,1,1,0,0,0,0
JD_11483126,2021-02-28,30,21,17,0,0,0,0
JD_11483125,2021-02-28,80,58,48,0,0,0,0
JD_11483124,2021-02-28,1,1,0,0,0,0,0
JD_11483123,2021-02-28,0,0,0,0,0,0,0
JD_11483122,2021-02-28,25,13,17,0,0,0,0
JD_11483120,2021-02-28,295,214,162,1,1,0,3
JD_11483119,2021-02-28,3,2,2,0,0,0,0
JD_11483118,2021-02-28,1,1,1,0,0,0,0
JD_11483116,2021-02-28,1,1,1,0,0,0,0
JD_11483115,2021-02-28,1,0,1,0,0,0,0
JD_11483114,2021-02-28,3,2,3,0,0,0,0
JD_11483113,2021-02-28,3,2,1,0,0,0,0
JD_11483111,2021-02-28,10,7,6,0,0,0,0
JD_11483110,2021-02-28,68,45,55,0,0,0,0
JD_11483107,2021-02-28,82,47,73,0,1,0,2
JD_11483106,2021-02-28,54,39,26,0,0,0,0
JD_11483104,2021-02-28,49,29,48,0,0,0,0
