JD_11944082,2021-02-28,34,27,15,0,0,0,0
JD_11944081,2021-02-28,1943,1261,1939,1,3,1,4
JD_11944080,2021-02-28,40,25,27,1,0,0,0
JD_11944078,2021-02-28,9,6,8,0,0,0,0
JD_11944077,2021-02-28,72,47,71,1,0,0,0
JD_11944076,2021-02-28,4,4,2,0,0,0,0
JD_11944074,2021-02-28,21,17,11,0,0,0,0
JD_11944073,2021-02-28,6,5,5,0,0,0,0
JD_11944072,2021-02-28,1,1,1,0,0,0,0
JD_11944071,2021-02-28,10,6,7,0,0,0,0
JD_11944070,2021-02-28,4080,3341,1065,7,4,3,9
JD_11944069,2021-02-28,0,0,0,0,0,0,0
JD_11944068,2021-02-28,626,417,404,1,0,1,8
JD_11944067,2021-02-28,17,0,16,0,1,0,0
JD_11944066,2021-02-28,1379,999,862,3,1,2,5
JD_11944065,2021-02-28,0,0,0,0,0,0,0
JD_11944064,2021-02-28,315,204,314,1,0,0,2
JD_11944063,2021-02-28,5076,4189,2535,3,4,1,6
JD_11944062,2021-02-28,84,63,55,0,0,0,0
JD_11944061,2021-02-28,458,264,350,2,0,0,0
JD_11944060,2021-02-28,55,45,16,0,0,0,0
JD_11944059,2021-02-28,50,34,32,0,0,0,0
JD_11944058,2021-02-28,56,42,14,1,0,0,0
JD_11944057,2021-02-28,69,25,66,1,0,0,0
JD_11944056,2021-02-28,521,361,321,2,0,0,0
JD_11944055,2021-02-28,4026,1982,3430,29,15,1,10
JD_11944054,2021-02-28,25,18,18,0,0,0,0
JD_11944053,2021-02-28,85,63,68,0,0,0,0
JD_11944052,2021-02-28,45,34,36,0,0,0,0
JD_11944051,2021-02-28,0,0,0,0,0,0,0
JD_11944050,2021-02-28,102,67,99,1,0,0,0
JD_11944049,2021-02-28,108,65,48,0,1,1,2
JD_11944048,2021-02-28,4302,3558,1851,3,4,2,3
JD_11944046,2021-02-28,269,179,189,0,0,0,4
JD_11944045,2021-02-28,267,172,152,1,2,0,2
JD_11944044,2021-02-28,31,4,31,0,0,0,0
JD_11944043,2021-02-28,60,39,42,0,0,0,0
JD_11944042,2021-02-28,1817,1276,987,9,2,1,3
JD_11944041,2021-02-28,67,46,42,0,0,0,0
JD_11944040,2021-02-28,58,43,38,0,0,0,0
