JD_12046458,2021-02-28,87,28,84,1,2,0,0
JD_12046456,2021-02-28,24,16,21,0,0,0,0
JD_12046454,2021-02-28,21,17,16,0,0,0,0
JD_12046453,2021-02-28,23,15,23,0,0,0,0
JD_12046452,2021-02-28,15,8,14,0,0,0,1
JD_12046451,2021-02-28,0,0,0,0,0,0,0
JD_12046450,2021-02-28,29,21,22,0,0,0,0
JD_12046449,2021-02-28,0,0,0,0,0,0,0
JD_12046447,2021-02-28,74,59,41,0,0,0,0
JD_12046446,2021-02-28,1,0,1,0,0,0,0
JD_12046445,2021-02-28,461,388,168,0,0,1,2
JD_12046444,2021-02-28,19,13,19,0,0,0,0
JD_12046443,2021-02-28,651,509,249,3,1,2,4
JD_12046442,2021-02-28,2799,2230,2057,3,4,6,9
JD_12046441,2021-02-28,198,162,95,2,0,0,0
JD_12046440,2021-02-28,47,41,26,0,0,0,0
JD_12046439,2021-02-28,352,280,154,3,1,0,5
JD_12046438,2021-02-28,49,27,47,2,0,0,0
JD_12046437,2021-02-28,7,6,5,0,0,0,0
JD_12046436,2021-02-28,33,22,22,0,1,0,0
JD_12046435,2021-02-28,22,19,9,0,0,0,0
JD_12046434,2021-02-28,8,7,8,0,0,0,0
JD_12046433,2021-02-28,8,8,1,0,0,0,0
JD_12046432,2021-02-28,61,41,48,1,0,0,0
JD_12046431,2021-02-28,59,50,30,0,0,0,0
JD_12046430,2021-02-28,4,2,4,0,0,0,0
JD_12046429,2021-02-28,1025,798,664,1,1,3,3
JD_12046428,2021-02-28,5511,3892,4465,25,11,4,14
JD_12046427,2021-02-28,28,21,18,0,0,0,1
JD_12046426,2021-02-28,46,21,46,0,0,0,0
JD_12046425,2021-02-28,12,9,10,0,0,0,0
JD_12046424,2021-02-28,7,4,6,0,0,0,0
JD_12046423,2021-02-28,69,57,31,1,0,0,0
JD_12046422,2021-02-28,40,28,27,0,0,0,0
JD_12046421,2021-02-28,4,2,2,0,0,0,0
JD_12046420,2021-02-28,84,58,40,0,1,0,0
JD_12046419,2021-02-28,166,135,79,0,2,0,1
JD_12046418,2021-02-28,129,101,78,0,0,1,0
JD_12046417,2021-02-28,31,23,15,0,0,0,0
JD_12046416,2021-02-28,2,0,2,0,0,0,0
JD_12046415,2021-02-28,9,7,4,0,0,0,0
JD_12046414,2021-02-28,15,1,15,0,0,0,0
JD_12046413,2021-02-28,150,70,144,0,1,0,0
JD_12046412,2021-02-28,54,44,38,0,0,0,0
JD_12046411,2021-02-28,12,6,7,0,0,0,0
JD_12046410,2021-02-28,24,18,13,0,0,0,0
JD_12046409,2021-02-28,31,25,21,0,0,0,0
JD_12046408,2021-02-28,25,10,24,0,0,0,1
JD_12046407,2021-02-28,1,0,1,0,0,0,0
JD_12046406,2021-02-28,171,120,164,1,1,1,0
JD_12046405,2021-02-28,0,0,0,0,0,0,0
JD_12046404,2021-02-28,3,3,1,0,0,0,0
JD_12046403,2021-02-28,407,309,269,0,0,0,0
JD_12046402,2021-02-28,3,2,2,0,0,0,0
JD_12046401,2021-02-28,0,0,0,0,0,0,0
JD_12046400,2021-02-28,3974,2156,3448,14,13,5,25
JD_12046399,2021-02-28,7926,6239,4503,3,4,17,11
JD_12046398,2021-02-28,61,44,47,0,0,0,1
JD_12046396,2021-02-28,37,25,21,0,0,0,0
JD_12046395,2021-02-28,30,20,18,0,0,0,0
JD_12046394,2021-02-28,28,23,16,0,0,0,1
JD_12046393,2021-02-28,8,6,7,0,0,0,0
JD_12046392,2021-02-28,2,2,0,0,0,0,0
JD_12046391,2021-02-28,45,34,29,0,0,0,0
JD_12046390,2021-02-28,5463,4676,3551,11,11,0,7
JD_12046389,2021-02-28,8,8,6,0,0,0,0
JD_12046387,2021-02-28,12,9,8,0,0,0,0
JD_12046386,2021-02-28,13,5,13,0,0,0,0
JD_12046385,2021-02-28,9,8,8,0,0,0,0
JD_12046384,2021-02-28,13,10,10,0,1,0,0
