JD_11538533,2021-02-28,5,5,1,0,0,0,0
JD_11538531,2021-02-28,2,2,1,0,0,0,0
JD_11538530,2021-02-28,1,0,1,0,0,0,0
JD_11538528,2021-02-28,7,5,3,1,0,0,0
JD_11538527,2021-02-28,8,4,4,0,0,0,0
JD_11538526,2021-02-28,71,13,69,2,0,0,0
JD_11538525,2021-02-28,3959,2034,3656,21,11,4,9
JD_11538524,2021-02-28,6,3,3,1,0,0,0
JD_11538522,2021-02-28,14,8,8,0,0,0,0
JD_11538521,2021-02-28,271,74,235,2,3,0,2
JD_11538518,2021-02-28,3,1,3,0,0,0,0
JD_11538517,2021-02-28,3,1,3,0,0,0,0
JD_11538516,2021-02-28,22,16,9,1,0,0,0
JD_11538515,2021-02-28,5,1,4,1,0,0,0
JD_11538514,2021-02-28,21,17,12,0,0,0,0
JD_11538513,2021-02-28,0,0,0,0,0,0,0
JD_11538511,2021-02-28,215,147,94,0,1,0,0
JD_11538509,2021-02-28,56,44,36,1,0,0,0
JD_11538508,2021-02-28,576,277,397,5,2,2,2
JD_11538507,2021-02-28,124,82,86,0,1,0,0
JD_11538506,2021-02-28,30,27,8,0,0,0,0
JD_11538505,2021-02-28,1,1,1,0,0,0,0
JD_11538504,2021-02-28,11,5,9,1,1,0,0
JD_11538503,2021-02-28,4,3,2,0,0,0,0
JD_11538502,2021-02-28,7,4,6,0,0,0,0
JD_11538501,2021-02-28,92,0,89,2,1,0,1
JD_11538500,2021-02-28,594,454,137,3,3,0,4
JD_11538499,2021-02-28,4,3,2,0,0,0,0
JD_11538498,2021-02-28,4,1,3,0,0,0,0
JD_11538497,2021-02-28,2,2,2,0,0,0,0
JD_11538495,2021-02-28,38,19,33,0,1,0,0
JD_11538494,2021-02-28,86,44,61,2,0,0,0
JD_11538493,2021-02-28,92,37,65,3,1,0,0
JD_11538490,2021-02-28,11,1,10,0,0,0,0
JD_11538489,2021-02-28,1,0,1,0,0,0,0
JD_11538485,2021-02-28,0,0,0,0,0,0,0
JD_11538484,2021-02-28,0,0,0,0,0,0,0
JD_11538483,2021-02-28,2,1,2,0,0,0,0
JD_11538482,2021-02-28,3,0,3,0,0,0,0
JD_11538481,2021-02-28,1,1,0,0,0,0,0
JD_11538480,2021-02-28,1,1,1,0,0,0,0
JD_11538478,2021-02-28,38,13,36,1,0,0,0
JD_11538477,2021-02-28,4,2,3,0,0,0,0
JD_11538476,2021-02-28,181,95,164,2,0,0,3
JD_11538475,2021-02-28,374,16,364,5,2,0,0
JD_11538472,2021-02-28,26,5,25,1,0,0,0
JD_11538471,2021-02-28,179,31,171,2,0,0,0
JD_11538469,2021-02-28,184,30,157,6,1,0,0
JD_11538467,2021-02-28,198,12,189,5,4,0,0
JD_11538466,2021-02-28,3,2,2,0,0,0,0
JD_11538465,2021-02-28,6,2,6,0,0,0,0
JD_11538463,2021-02-28,21,17,11,0,0,0,0
JD_11538461,2021-02-28,2,2,2,0,0,0,0
JD_11538460,2021-02-28,5,4,4,0,0,0,0
JD_11538459,2021-02-28,9,0,9,0,0,0,0
JD_11538455,2021-02-28,0,0,0,0,0,0,0
JD_11538454,2021-02-28,0,0,0,0,0,0,0
JD_11538453,2021-02-28,14,5,12,0,0,0,0
JD_11538452,2021-02-28,8,7,2,0,0,0,0
JD_11538450,2021-02-28,2,0,2,0,0,0,0
JD_11538448,2021-02-28,21,13,10,0,0,0,0
JD_11538447,2021-02-28,6,0,6,0,0,0,0
JD_11538445,2021-02-28,28,7,28,0,0,0,0
JD_11538444,2021-02-28,1,1,0,0,0,0,0
JD_11538443,2021-02-28,1,0,1,0,0,0,0
JD_11538442,2021-02-28,11,2,11,0,0,0,0
JD_11538441,2021-02-28,5,1,5,0,0,0,0
JD_11538440,2021-02-28,0,0,0,0,0,0,0
JD_11538438,2021-02-28,10,3,10,0,0,0,0
JD_11538437,2021-02-28,41,23,31,0,0,0,0
