JD_11394808,2021-02-28,66,52,38,0,0,0,0
JD_11394807,2021-02-28,60,42,38,0,1,0,0
JD_11394806,2021-02-28,765,513,474,4,1,1,2
JD_11394804,2021-02-28,49,32,27,1,0,0,0
JD_11394802,2021-02-28,3,2,3,0,0,0,0
JD_11394801,2021-02-28,134,66,133,1,0,1,2
JD_11394800,2021-02-28,5,1,4,0,0,0,0
JD_11394799,2021-02-28,8,7,4,0,0,0,0
JD_11394797,2021-02-28,176,125,173,1,1,0,1
JD_11394796,2021-02-28,8,7,2,0,0,1,0
JD_11394795,2021-02-28,1,1,0,0,0,0,0
JD_11394794,2021-02-28,4,2,2,0,0,1,0
JD_11394793,2021-02-28,0,0,0,0,0,0,0
JD_11394792,2021-02-28,0,0,0,0,0,0,0
JD_11394790,2021-02-28,7,5,6,0,0,0,0
JD_11394789,2021-02-28,14,10,6,0,0,0,0
JD_11394786,2021-02-28,9,5,6,0,0,0,0
JD_11394785,2021-02-28,1,0,1,0,0,0,0
JD_11394784,2021-02-28,23,13,18,0,0,0,0
JD_11394783,2021-02-28,27,10,20,0,0,0,0
JD_11394782,2021-02-28,11,3,9,0,1,0,0
JD_11394780,2021-02-28,2287,2001,380,6,3,0,1
JD_11394779,2021-02-28,7,6,4,0,0,0,0
JD_11394778,2021-02-28,40,0,38,2,0,0,0
JD_11394775,2021-02-28,296,109,291,2,2,1,1
JD_11394774,2021-02-28,245,6,240,5,0,0,0
JD_11394773,2021-02-28,27,0,27,0,0,0,1
JD_11394772,2021-02-28,20,3,19,0,0,0,0
JD_11394771,2021-02-28,4336,3484,2102,6,4,4,7
JD_11394770,2021-02-28,10,0,10,0,0,0,0
JD_11394769,2021-02-28,54,42,18,0,0,0,0
JD_11394766,2021-02-28,5,0,4,1,0,0,0
JD_11394765,2021-02-28,3,0,2,1,0,0,0
JD_11394764,2021-02-28,510,423,172,1,0,0,0
JD_11394762,2021-02-28,28,19,19,1,0,0,0
JD_11394761,2021-02-28,1,0,1,0,0,0,0
JD_11394760,2021-02-28,3,3,2,0,0,0,0
JD_11394759,2021-02-28,2,1,2,0,0,0,0
JD_11394758,2021-02-28,5,4,3,0,0,0,0
JD_11394757,2021-02-28,11,6,5,1,0,0,0
JD_11394756,2021-02-28,2,2,1,0,0,0,0
JD_11394755,2021-02-28,74,20,58,1,3,0,0
JD_11394754,2021-02-28,110,74,70,1,0,0,0
JD_11394753,2021-02-28,1,1,0,0,0,0,0
JD_11394752,2021-02-28,39,22,35,1,0,0,1
JD_11394751,2021-02-28,5,3,2,0,0,0,0
JD_11394750,2021-02-28,0,0,0,0,0,0,0
JD_11394749,2021-02-28,152,1,140,8,3,0,0
JD_11394748,2021-02-28,937,504,824,6,1,0,2
JD_11394747,2021-02-28,609,201,601,6,2,0,0
JD_11394746,2021-02-28,10,7,6,0,0,0,0
JD_11394745,2021-02-28,3,1,3,0,0,0,0
JD_11394743,2021-02-28,152,109,98,3,1,0,2
JD_11394741,2021-02-28,0,0,0,0,0,0,0
JD_11394738,2021-02-28,22,17,17,0,0,0,0
JD_11394737,2021-02-28,3,1,2,0,0,0,0
JD_11394736,2021-02-28,11,9,6,0,0,0,0
JD_11394734,2021-02-28,0,0,0,0,0,0,0
JD_11394733,2021-02-28,10,7,7,1,0,0,0
JD_11394732,2021-02-28,20,11,12,0,0,0,0
JD_11394730,2021-02-28,15,10,8,0,0,0,0
JD_11394729,2021-02-28,11,6,8,0,0,0,0
JD_11394728,2021-02-28,15,12,7,0,0,0,0
JD_11394727,2021-02-28,0,0,0,0,0,0,0
JD_11394726,2021-02-28,2,1,1,0,0,0,0
JD_11394725,2021-02-28,0,0,0,0,0,0,0
JD_11394724,2021-02-28,1,0,1,0,0,0,0
JD_11394723,2021-02-28,6,3,3,0,0,0,0
JD_11394721,2021-02-28,0,0,0,0,0,0,0
JD_11394719,2021-02-28,0,0,0,0,0,0,0
