JD_11493356,2021-02-28,51,41,20,0,0,0,0
JD_11493355,2021-02-28,30,14,23,2,0,0,0
JD_11493354,2021-02-28,186,126,143,1,0,0,0
JD_11493353,2021-02-28,247,128,151,2,1,0,0
JD_11493352,2021-02-28,4642,2594,3548,28,8,2,11
JD_11493351,2021-02-28,85,0,84,1,0,0,1
JD_11493350,2021-02-28,464,355,207,2,0,0,1
JD_11493347,2021-02-28,370,286,196,0,0,0,0
JD_11493346,2021-02-28,465,334,240,0,0,0,1
JD_11493344,2021-02-28,362,281,163,0,0,0,0
JD_11493343,2021-02-28,289,202,151,0,0,0,0
JD_11493342,2021-02-28,323,242,157,0,1,0,0
JD_11493341,2021-02-28,1614,1214,636,5,2,0,2
JD_11493340,2021-02-28,56,10,53,1,0,0,0
JD_11493332,2021-02-28,72,19,72,0,0,0,0
JD_11493331,2021-02-28,100,12,97,2,1,0,0
JD_11493330,2021-02-28,25,1,25,0,0,0,0
JD_11493324,2021-02-28,80,12,80,0,0,0,0
JD_11493323,2021-02-28,102,18,102,0,0,0,0
JD_11493322,2021-02-28,56,9,55,0,1,0,0
JD_11493321,2021-02-28,71,4,71,0,0,0,0
JD_11493315,2021-02-28,10,1,8,1,0,0,0
JD_11493312,2021-02-28,14,2,14,0,0,0,0
JD_11493311,2021-02-28,8,1,8,0,0,0,0
JD_11493310,2021-02-28,10,2,9,0,0,0,0
JD_11493308,2021-02-28,7,1,6,0,0,0,0
JD_11493307,2021-02-28,15,4,13,0,0,0,0
JD_11493306,2021-02-28,13,3,12,0,0,0,0
JD_11493305,2021-02-28,19,8,18,0,0,0,0
JD_11493304,2021-02-28,13,5,10,0,0,0,0
JD_11493301,2021-02-28,92,25,91,1,0,0,0
JD_11493300,2021-02-28,59,5,58,1,0,0,0
JD_11493298,2021-02-28,5,3,3,0,0,0,0
JD_11493295,2021-02-28,373,0,367,4,2,0,0
JD_11493294,2021-02-28,57,23,57,0,0,0,0
JD_11493290,2021-02-28,7934,5835,3503,18,13,10,12
JD_11493286,2021-02-28,15866,12513,7590,26,13,25,28
JD_11493284,2021-02-28,6302,4949,2166,11,7,7,7
JD_11493282,2021-02-28,15,6,15,0,0,0,0
JD_11493281,2021-02-28,23,13,17,0,0,0,0
JD_11493280,2021-02-28,25,11,19,1,0,0,1
JD_11493279,2021-02-28,0,0,0,0,0,0,0
JD_11493277,2021-02-28,236,105,232,0,0,0,0
JD_11493275,2021-02-28,9,7,4,0,1,0,0
JD_11493274,2021-02-28,120,55,92,6,1,0,0
JD_11493273,2021-02-28,166,139,83,0,0,0,0
JD_11493272,2021-02-28,3,2,3,0,0,0,0
JD_11493271,2021-02-28,120,64,83,2,1,1,0
JD_11493270,2021-02-28,9,5,6,0,0,0,0
JD_11493269,2021-02-28,0,0,0,0,0,0,0
JD_11493267,2021-02-28,9,2,8,0,0,0,0
JD_11493266,2021-02-28,14,8,14,0,0,0,0
JD_11493265,2021-02-28,17,6,15,0,0,0,1
JD_11493262,2021-02-28,364,146,274,1,1,0,0
JD_11493261,2021-02-28,41,5,38,2,1,0,0
JD_11493259,2021-02-28,40,22,30,1,0,0,0
JD_11493258,2021-02-28,16,4,12,0,0,0,0
JD_11493257,2021-02-28,582,35,568,10,0,0,1
JD_11493255,2021-02-28,12,6,9,0,0,0,0
JD_11493253,2021-02-28,688,312,667,7,6,0,3
JD_11493252,2021-02-28,43,14,39,1,0,0,0
JD_11493251,2021-02-28,2,2,0,0,0,0,0
JD_11493250,2021-02-28,9,6,5,0,0,0,0
JD_11493249,2021-02-28,0,0,0,0,0,0,0
JD_11493248,2021-02-28,3,3,2,0,0,0,0
JD_11493247,2021-02-28,5,4,1,0,0,0,0
JD_11493246,2021-02-28,20,16,9,0,0,0,0
JD_11493245,2021-02-28,3,2,2,0,0,0,0
JD_11493243,2021-02-28,7,0,7,0,0,0,0
JD_11493242,2021-02-28,8,0,8,0,0,0,0
