JD_11435048,2021-02-28,67,40,44,0,0,0,0
JD_11435047,2021-02-28,76,46,46,0,0,0,0
JD_11435046,2021-02-28,123,74,83,0,0,1,1
JD_11435045,2021-02-28,4,2,2,0,0,0,0
JD_11435044,2021-02-28,3,2,2,0,0,0,0
JD_11435043,2021-02-28,201,145,151,0,0,0,0
JD_11435042,2021-02-28,131,87,77,1,0,0,0
JD_11435041,2021-02-28,7,4,5,2,0,0,0
JD_11435040,2021-02-28,6,3,4,0,0,0,0
JD_11435039,2021-02-28,507,224,497,3,1,0,1
JD_11435038,2021-02-28,992,34,969,13,10,0,3
JD_11435036,2021-02-28,8,3,7,0,0,0,0
JD_11435035,2021-02-28,14,8,14,0,0,0,0
JD_11435034,2021-02-28,11,6,6,0,0,0,0
JD_11435033,2021-02-28,10,5,9,1,0,0,0
JD_11435031,2021-02-28,23,10,20,0,0,0,0
JD_11435030,2021-02-28,36,31,7,0,0,0,0
JD_11435029,2021-02-28,47,39,17,0,0,0,0
JD_11435028,2021-02-28,36,33,14,0,0,0,0
JD_11435027,2021-02-28,17,13,7,0,0,0,0
JD_11435026,2021-02-28,9,4,7,0,0,0,0
JD_11435024,2021-02-28,25,5,25,0,0,0,2
JD_11435023,2021-02-28,38,17,24,1,1,0,0
JD_11435022,2021-02-28,39,31,17,0,0,0,0
JD_11435021,2021-02-28,29,24,8,0,0,0,0
JD_11435019,2021-02-28,61,23,53,0,1,0,0
JD_11435018,2021-02-28,527,320,384,5,3,0,0
JD_11435017,2021-02-28,15,6,9,0,0,0,0
JD_11435016,2021-02-28,190,156,99,0,0,0,0
JD_11435015,2021-02-28,10,6,9,0,0,0,0
JD_11435009,2021-02-28,7,4,5,0,0,0,0
JD_11435002,2021-02-28,8253,2175,7693,53,18,7,17
JD_11435001,2021-02-28,25,8,19,0,0,0,1
JD_11434996,2021-02-28,10,0,10,0,0,0,0
JD_11434994,2021-02-28,1,0,1,0,0,0,0
JD_11434993,2021-02-28,5017,702,4890,85,31,1,5
JD_11434992,2021-02-28,2,2,2,0,0,0,0
JD_11434991,2021-02-28,4,2,2,0,0,0,0
JD_11434990,2021-02-28,1,1,0,0,0,0,0
JD_11434989,2021-02-28,1,1,1,0,0,0,0
JD_11434988,2021-02-28,1,1,0,0,0,0,0
JD_11434985,2021-02-28,0,0,0,0,0,0,0
JD_11434984,2021-02-28,2,1,1,0,0,0,0
JD_11434982,2021-02-28,2,1,2,0,0,0,0
JD_11434981,2021-02-28,4,2,3,0,0,0,0
JD_11434980,2021-02-28,2,0,2,0,0,0,0
JD_11434978,2021-02-28,18,0,16,1,1,0,0
JD_11434976,2021-02-28,209,151,116,0,0,0,0
JD_11434975,2021-02-28,43,24,32,0,0,0,0
JD_11434974,2021-02-28,24,11,18,1,0,0,0
JD_11434971,2021-02-28,151,96,75,0,0,0,1
JD_11434970,2021-02-28,27,19,15,0,0,0,0
JD_11434969,2021-02-28,6,0,6,0,0,0,0
JD_11434967,2021-02-28,7,4,4,0,0,0,0
JD_11434965,2021-02-28,109,64,103,0,0,0,0
JD_11434964,2021-02-28,17,12,9,2,0,0,0
JD_11434963,2021-02-28,4,3,1,0,0,0,0
JD_11434962,2021-02-28,153,105,76,0,0,0,1
JD_11434961,2021-02-28,10,5,4,1,1,0,0
JD_11434960,2021-02-28,56,32,27,1,0,0,1
JD_11434959,2021-02-28,7,3,4,0,0,0,0
JD_11434957,2021-02-28,7,5,4,0,0,0,0
JD_11434956,2021-02-28,4,1,3,1,0,0,0
JD_11434955,2021-02-28,59,24,42,1,0,0,0
JD_11434954,2021-02-28,6,0,4,1,1,0,0
JD_11434953,2021-02-28,3,0,3,0,0,0,0
JD_11434952,2021-02-28,41,24,29,0,0,0,0
JD_11434950,2021-02-28,8,2,8,0,0,0,0
JD_11434949,2021-02-28,5,3,5,0,0,0,0
JD_11434948,2021-02-28,210,170,77,0,0,0,0
