JD_11296619,2021-02-28,12,0,11,1,0,0,0
JD_11296618,2021-02-28,16,8,16,0,0,0,0
JD_11296617,2021-02-28,33,0,32,1,0,0,0
JD_11296616,2021-02-28,23,3,22,1,0,0,0
JD_11296614,2021-02-28,11,4,7,0,1,0,0
JD_11296613,2021-02-28,627,191,508,10,3,0,2
JD_11296612,2021-02-28,38,25,19,0,1,0,0
JD_11296610,2021-02-28,0,0,0,0,0,0,0
JD_11296607,2021-02-28,0,0,0,0,0,0,0
JD_11296606,2021-02-28,2,0,2,0,0,0,0
JD_11296605,2021-02-28,0,0,0,0,0,0,0
JD_11296604,2021-02-28,0,0,0,0,0,0,0
JD_11296602,2021-02-28,1,1,1,0,0,0,0
JD_11296597,2021-02-28,0,0,0,0,0,0,0
JD_11296596,2021-02-28,2,1,2,0,0,0,0
JD_11296593,2021-02-28,113,81,48,2,0,0,0
JD_11296592,2021-02-28,62,25,60,2,0,0,0
JD_11296591,2021-02-28,20,12,9,0,0,0,0
JD_11296590,2021-02-28,109,67,49,0,0,0,1
JD_11296589,2021-02-28,57,22,38,0,0,0,0
JD_11296588,2021-02-28,75,29,49,2,0,0,0
JD_11296587,2021-02-28,20,12,12,0,0,0,0
JD_11296585,2021-02-28,60,23,40,0,0,0,1
JD_11296584,2021-02-28,37,15,23,1,0,0,0
JD_11296583,2021-02-28,47,33,23,0,0,0,0
JD_11296582,2021-02-28,30,18,17,0,1,0,1
JD_11296581,2021-02-28,224,10,220,1,1,0,1
JD_11296580,2021-02-28,5,2,4,1,0,0,0
JD_11296579,2021-02-28,24,16,10,1,1,0,0
JD_11296578,2021-02-28,9,5,7,0,1,0,0
JD_11296577,2021-02-28,4,1,3,0,0,0,0
JD_11296576,2021-02-28,7,3,7,0,0,0,0
JD_11296575,2021-02-28,3,3,2,0,0,0,0
JD_11296574,2021-02-28,2,1,1,0,0,0,0
JD_11296572,2021-02-28,3,3,1,0,0,0,0
JD_11296571,2021-02-28,6,3,4,0,0,0,0
JD_11296570,2021-02-28,111,72,70,1,0,0,0
JD_11296569,2021-02-28,2077,1518,2016,6,7,1,3
JD_11296568,2021-02-28,27,13,27,0,0,0,0
JD_11296567,2021-02-28,28,12,28,0,0,0,0
JD_11296566,2021-02-28,2,1,2,0,0,0,0
JD_11296565,2021-02-28,319,252,124,0,0,1,1
JD_11296564,2021-02-28,178,143,58,0,0,0,0
JD_11296563,2021-02-28,68,49,23,1,0,0,0
JD_11296562,2021-02-28,86,67,31,0,0,0,0
JD_11296561,2021-02-28,114,88,50,0,0,0,0
JD_11296560,2021-02-28,152,123,51,0,0,0,0
JD_11296559,2021-02-28,38,26,24,0,0,0,0
JD_11296558,2021-02-28,102,80,36,0,0,0,0
JD_11296557,2021-02-28,287,232,86,0,0,1,0
JD_11296556,2021-02-28,297,134,225,2,0,0,1
JD_11296555,2021-02-28,125,76,76,0,0,0,2
JD_11296554,2021-02-28,188,95,168,1,1,0,1
JD_11296553,2021-02-28,39,7,37,1,0,0,0
JD_11296552,2021-02-28,6,4,4,0,0,0,0
JD_11296551,2021-02-28,1,1,1,0,0,0,0
JD_11296550,2021-02-28,91,61,70,0,0,0,0
JD_11296549,2021-02-28,654,413,521,5,1,1,2
JD_11296548,2021-02-28,26,18,15,0,0,0,0
JD_11296547,2021-02-28,122,76,85,1,0,0,0
JD_11296546,2021-02-28,1022,608,811,9,6,1,2
JD_11296545,2021-02-28,72,8,63,1,0,0,0
JD_11296544,2021-02-28,64,0,63,1,0,0,0
JD_11296543,2021-02-28,12129,8788,8935,49,23,5,21
JD_11296542,2021-02-28,2658,1940,1614,7,4,3,3
JD_11296539,2021-02-28,79,0,77,2,0,0,0
JD_11296527,2021-02-28,34,0,33,1,0,0,0
JD_11296525,2021-02-28,12,0,11,1,0,0,0
JD_11296523,2021-02-28,50,8,50,0,0,0,0
JD_11296522,2021-02-28,96,33,94,2,0,0,0
