JD_11752808,2021-02-28,166,99,114,1,1,0,0
JD_11752807,2021-02-28,23,14,14,0,0,0,0
JD_11752806,2021-02-28,188,101,119,1,0,0,1
JD_11752805,2021-02-28,945,722,653,2,2,0,3
JD_11752804,2021-02-28,61,40,24,0,0,0,0
JD_11752803,2021-02-28,9,8,7,0,0,0,0
JD_11752802,2021-02-28,16,12,9,0,0,0,0
JD_11752801,2021-02-28,224,164,128,0,1,0,0
JD_11752800,2021-02-28,5,3,2,0,0,0,0
JD_11752799,2021-02-28,435,329,159,1,0,0,1
JD_11752798,2021-02-28,5600,3863,3108,23,9,4,14
JD_11752797,2021-02-28,11,2,9,0,2,0,0
JD_11752796,2021-02-28,120,73,106,2,0,0,0
JD_11752795,2021-02-28,292,62,271,6,2,0,0
JD_11752794,2021-02-28,52,24,28,0,0,0,0
JD_11752793,2021-02-28,67,47,35,0,0,0,0
JD_11752792,2021-02-28,0,0,0,0,0,0,0
JD_11752791,2021-02-28,94,41,92,0,0,0,0
JD_11752790,2021-02-28,4,2,4,0,0,0,0
JD_11752789,2021-02-28,172,114,118,1,0,0,0
JD_11752788,2021-02-28,33,20,24,0,0,0,0
JD_11752787,2021-02-28,67,44,64,1,1,0,0
JD_11752786,2021-02-28,30,13,23,2,1,0,0
JD_11752785,2021-02-28,111,56,102,0,0,0,0
JD_11752784,2021-02-28,36,16,31,0,0,1,0
JD_11752783,2021-02-28,43,22,41,1,1,0,0
JD_11752254,2021-02-28,1,1,0,0,0,0,0
JD_11752253,2021-02-28,3,2,1,0,0,0,0
JD_11752252,2021-02-28,2,1,2,0,0,0,0
JD_11752251,2021-02-28,4,0,4,0,0,0,0
JD_11752250,2021-02-28,0,0,0,0,0,0,0
JD_11752249,2021-02-28,1256,920,710,2,1,3,3
JD_11752248,2021-02-28,5,4,1,0,0,0,0
JD_11752247,2021-02-28,4,2,2,0,0,0,0
JD_11752245,2021-02-28,132,58,106,1,0,0,1
JD_11752244,2021-02-28,2,2,0,0,0,0,0
JD_11752243,2021-02-28,0,0,0,0,0,0,0
JD_11752242,2021-02-28,27,7,20,0,1,0,0
JD_11752241,2021-02-28,1871,891,1535,9,7,2,9
JD_11752240,2021-02-28,10,5,5,1,2,0,0
JD_11752239,2021-02-28,0,0,0,0,0,0,0
JD_11752238,2021-02-28,8,6,6,0,0,0,0
JD_11752236,2021-02-28,28,20,16,0,0,0,0
JD_11752235,2021-02-28,9,6,9,0,0,0,0
JD_11752234,2021-02-28,5,2,4,0,0,0,0
JD_11752233,2021-02-28,15,12,10,0,0,0,0
JD_11752232,2021-02-28,10,4,7,0,0,0,0
JD_11752231,2021-02-28,99,77,52,0,0,0,0
JD_11752230,2021-02-28,1,0,1,0,0,0,0
JD_11752229,2021-02-28,184,90,161,1,0,0,0
JD_11752228,2021-02-28,27,18,15,0,1,0,0
JD_11752227,2021-02-28,1,1,0,0,0,0,0
JD_11752226,2021-02-28,4,3,1,0,0,0,0
JD_11752225,2021-02-28,63,47,42,0,0,0,0
JD_11752224,2021-02-28,0,0,0,0,0,0,0
JD_11752223,2021-02-28,12,11,5,0,0,0,0
JD_11752222,2021-02-28,9,7,4,0,0,0,0
JD_11752221,2021-02-28,18,12,15,0,0,0,0
JD_11752220,2021-02-28,18,11,15,0,0,0,0
JD_11752219,2021-02-28,9,7,8,0,0,0,0
JD_11752218,2021-02-28,3,2,2,0,0,0,0
JD_11752217,2021-02-28,34,23,27,0,1,0,0
JD_11752216,2021-02-28,38,27,29,0,0,0,0
JD_11752215,2021-02-28,62,12,60,0,0,0,0
JD_11752214,2021-02-28,11,9,3,0,0,0,0
JD_11752213,2021-02-28,162,114,138,0,1,0,0
JD_11752212,2021-02-28,24,18,17,0,0,0,0
JD_11752211,2021-02-28,62,50,29,1,0,0,0
JD_11752210,2021-02-28,7,4,5,0,0,0,0
JD_11752209,2021-02-28,49,33,40,0,0,0,0
