JD_11334410,2021-02-28,4,4,2,0,0,0,0
JD_11334409,2021-02-28,5,4,5,0,0,0,0
JD_11334408,2021-02-28,0,0,0,0,0,0,0
JD_11334407,2021-02-28,9,1,8,1,0,0,0
JD_11334406,2021-02-28,4,1,3,0,0,0,0
JD_11334405,2021-02-28,10,5,7,0,0,0,0
JD_11334404,2021-02-28,5,4,2,0,0,0,0
JD_11334402,2021-02-28,0,0,0,0,0,0,0
JD_11334400,2021-02-28,76,62,34,0,0,0,1
JD_11334399,2021-02-28,28,21,10,0,0,0,1
JD_11334398,2021-02-28,0,0,0,0,0,0,0
JD_11334384,2021-02-28,605,444,382,2,0,1,1
JD_11334383,2021-02-28,127,73,86,1,0,0,0
JD_11334381,2021-02-28,7,1,6,0,0,0,0
JD_11334377,2021-02-28,73,0,68,3,2,0,0
JD_11334351,2021-02-28,6,3,4,0,0,0,0
JD_11334345,2021-02-28,14,10,6,0,0,0,0
JD_11334338,2021-02-28,68,17,60,0,1,0,1
JD_11334337,2021-02-28,141,13,135,2,0,0,0
JD_11334336,2021-02-28,249,0,239,10,0,0,0
JD_11334335,2021-02-28,87,13,78,0,0,0,0
JD_11334332,2021-02-28,220,65,208,5,1,0,0
JD_11334327,2021-02-28,33,26,19,0,0,0,0
JD_11334325,2021-02-28,1172,802,778,7,5,1,4
JD_11334324,2021-02-28,11,1,10,1,0,0,0
JD_11334322,2021-02-28,4,1,4,0,0,0,0
JD_11334321,2021-02-28,4,3,2,0,0,0,0
JD_11334320,2021-02-28,5,2,5,0,0,0,0
JD_11334318,2021-02-28,5,1,5,0,0,0,0
JD_11334317,2021-02-28,4,1,3,0,0,0,0
JD_11334316,2021-02-28,13,8,8,0,0,0,0
JD_11334315,2021-02-28,6,2,4,0,0,0,0
JD_11334313,2021-02-28,223,73,186,5,0,0,1
JD_11334312,2021-02-28,498,358,356,3,0,0,1
JD_11334311,2021-02-28,225,16,220,5,0,0,1
JD_11334310,2021-02-28,432,288,278,4,0,0,1
JD_11334308,2021-02-28,169,105,121,1,0,0,2
JD_11334306,2021-02-28,259,13,257,2,0,0,0
JD_11334305,2021-02-28,0,0,0,0,0,0,0
JD_11334304,2021-02-28,6,2,6,0,0,0,0
JD_11334303,2021-02-28,9,5,4,0,0,0,0
JD_11334302,2021-02-28,520,241,275,3,1,0,2
JD_11334301,2021-02-28,11,1,10,0,1,0,0
JD_11334299,2021-02-28,9,3,9,0,0,0,0
JD_11334297,2021-02-28,0,0,0,0,0,0,0
JD_11334296,2021-02-28,5,5,0,0,0,0,0
JD_11334295,2021-02-28,1,1,1,0,0,0,0
JD_11334294,2021-02-28,22,15,10,0,1,0,0
JD_11334293,2021-02-28,0,0,0,0,0,0,0
JD_11334291,2021-02-28,71,50,56,1,0,0,0
JD_11334290,2021-02-28,15,8,12,0,0,0,0
JD_11334289,2021-02-28,12,7,10,0,0,0,0
JD_11334288,2021-02-28,72,13,70,1,1,0,0
JD_11334287,2021-02-28,88,67,46,0,0,0,1
JD_11334286,2021-02-28,1,0,1,0,0,0,0
JD_11334285,2021-02-28,6,0,6,0,0,0,0
JD_11334284,2021-02-28,29,1,29,0,0,0,0
JD_11334283,2021-02-28,2,0,2,0,0,0,0
JD_11334282,2021-02-28,1,0,1,0,0,0,0
JD_11334281,2021-02-28,57,15,56,1,0,0,0
JD_11334280,2021-02-28,12,7,4,2,0,0,0
JD_11334279,2021-02-28,13,10,7,0,0,0,0
JD_11334278,2021-02-28,18,13,7,0,0,0,0
JD_11334277,2021-02-28,71,32,52,0,0,0,0
JD_11334276,2021-02-28,49,39,18,0,0,0,0
JD_11334275,2021-02-28,67,29,67,0,0,0,1
JD_11334274,2021-02-28,146,104,63,0,0,0,1
JD_11334273,2021-02-28,32,19,20,1,0,0,0
JD_11334272,2021-02-28,6,3,4,0,0,0,0
JD_11334271,2021-02-28,609,405,323,2,0,1,1
