JD_11337721,2021-02-28,33,9,28,2,0,0,0
JD_11337720,2021-02-28,244,161,148,1,1,1,0
JD_11337719,2021-02-28,20,7,16,0,0,0,0
JD_11337718,2021-02-28,626,401,433,4,2,1,1
JD_11337717,2021-02-28,5,2,4,0,0,0,0
JD_11337716,2021-02-28,41,30,24,0,0,0,0
JD_11337715,2021-02-28,4,1,3,0,0,0,0
JD_11337714,2021-02-28,14,8,12,0,0,0,0
JD_11337713,2021-02-28,21,18,16,0,0,0,0
JD_11337712,2021-02-28,9,5,7,0,0,0,0
JD_11337711,2021-02-28,0,0,0,0,0,0,0
JD_11337710,2021-02-28,8,6,3,0,0,0,0
JD_11337709,2021-02-28,255,148,233,0,1,0,1
JD_11337708,2021-02-28,6,3,5,0,0,0,0
JD_11337707,2021-02-28,24,15,23,0,0,0,0
JD_11337706,2021-02-28,30,24,14,0,0,0,0
JD_11337705,2021-02-28,4,1,4,0,0,0,0
JD_11337704,2021-02-28,3,2,2,0,0,0,0
JD_11337703,2021-02-28,9,7,8,0,0,0,0
JD_11337701,2021-02-28,7,4,7,0,0,0,0
JD_11337700,2021-02-28,0,0,0,0,0,0,0
JD_11337699,2021-02-28,6,3,5,0,0,0,0
JD_11337698,2021-02-28,96,71,47,0,1,0,0
JD_11337697,2021-02-28,22,14,14,0,0,0,0
JD_11337696,2021-02-28,2,0,2,0,0,0,0
JD_11337695,2021-02-28,9,4,8,0,0,0,0
JD_11337694,2021-02-28,95,62,59,0,2,0,1
JD_11337692,2021-02-28,16,12,7,1,0,0,0
JD_11337691,2021-02-28,23,13,18,0,0,0,0
JD_11337690,2021-02-28,0,0,0,0,0,0,0
JD_11337689,2021-02-28,8,0,7,1,0,0,0
JD_11337688,2021-02-28,3,0,2,1,0,0,0
JD_11337687,2021-02-28,4,1,2,1,0,0,0
JD_11337686,2021-02-28,1,0,1,0,0,0,0
JD_11337685,2021-02-28,4,2,2,0,0,0,0
JD_11337683,2021-02-28,74,54,39,1,0,1,0
JD_11337682,2021-02-28,8,0,8,0,0,0,0
JD_11337681,2021-02-28,5,3,5,0,0,0,0
JD_11337680,2021-02-28,4,0,3,1,0,0,0
JD_11337679,2021-02-28,6,6,1,0,0,0,0
JD_11337678,2021-02-28,7,6,5,0,0,0,0
JD_11337677,2021-02-28,51,41,30,0,1,0,0
JD_11337676,2021-02-28,13,11,8,0,0,0,0
JD_11337675,2021-02-28,96,60,82,0,0,0,0
JD_11337674,2021-02-28,11,3,11,0,0,0,0
JD_11337673,2021-02-28,1,0,1,0,0,0,0
JD_11337672,2021-02-28,48,35,27,0,0,0,0
JD_11337669,2021-02-28,1,1,1,0,0,0,0
JD_11337668,2021-02-28,1,1,0,0,0,0,0
JD_11337667,2021-02-28,13,9,4,0,1,0,0
JD_11337666,2021-02-28,39,27,24,0,0,0,1
JD_11337665,2021-02-28,47,30,27,0,0,0,0
JD_11337663,2021-02-28,99,33,96,3,0,0,1
JD_11337662,2021-02-28,150,84,110,0,0,0,0
JD_11337660,2021-02-28,298,171,178,1,2,1,2
JD_11337659,2021-02-28,9,6,7,0,0,0,0
JD_11337658,2021-02-28,324,190,214,1,1,0,0
JD_11337657,2021-02-28,26,0,26,0,0,0,0
JD_11337656,2021-02-28,22,0,22,0,0,0,0
JD_11337653,2021-02-28,36,27,18,1,0,0,0
JD_11337652,2021-02-28,26,2,26,0,0,0,1
JD_11337651,2021-02-28,30,1,30,0,0,0,1
JD_11337649,2021-02-28,15,3,11,1,0,0,0
JD_11337647,2021-02-28,1966,1471,880,12,5,1,5
JD_11337646,2021-02-28,2111,1573,953,12,7,1,7
JD_11337645,2021-02-28,3044,185,3009,27,8,0,12
JD_11337642,2021-02-28,3585,2820,1628,14,7,3,6
JD_11337640,2021-02-28,0,0,0,0,0,0,0
JD_11337638,2021-02-28,10,8,7,0,0,0,0
JD_11337637,2021-02-28,10,6,7,0,0,0,0
