JD_11488632,2021-02-28,0,0,0,0,0,0,0
JD_11488631,2021-02-28,0,0,0,0,0,0,0
JD_11488629,2021-02-28,0,0,0,0,0,0,0
JD_11488628,2021-02-28,0,0,0,0,0,0,0
JD_11488627,2021-02-28,0,0,0,0,0,0,0
JD_11488625,2021-02-28,0,0,0,0,0,0,0
JD_11488622,2021-02-28,0,0,0,0,0,0,0
JD_11488621,2021-02-28,0,0,0,0,0,0,0
JD_11488614,2021-02-28,60,10,49,1,0,0,0
JD_11488610,2021-02-28,2,1,1,1,0,0,0
JD_11488607,2021-02-28,24,12,17,0,0,0,0
JD_11488606,2021-02-28,12,7,7,0,1,0,0
JD_11488605,2021-02-28,18,12,14,0,0,0,0
JD_11488604,2021-02-28,1,1,0,0,0,0,0
JD_11488603,2021-02-28,130,80,83,2,0,0,0
JD_11488602,2021-02-28,8,3,6,1,0,0,0
JD_11488601,2021-02-28,12,5,8,0,0,0,0
JD_11488600,2021-02-28,9,5,8,1,0,0,0
JD_11488597,2021-02-28,5,4,2,0,0,0,0
JD_11488596,2021-02-28,13,9,12,0,0,0,0
JD_11488595,2021-02-28,35,21,23,2,0,0,0
JD_11488594,2021-02-28,5,2,3,0,0,0,0
JD_11488593,2021-02-28,13,8,4,1,0,0,0
JD_11488592,2021-02-28,0,0,0,0,0,0,0
JD_11488581,2021-02-28,6,3,5,0,0,0,0
JD_11488580,2021-02-28,0,0,0,0,0,0,0
JD_11488578,2021-02-28,11,9,4,0,0,0,0
JD_11488576,2021-02-28,0,0,0,0,0,0,0
JD_11488575,2021-02-28,10,9,8,0,0,0,0
JD_11488574,2021-02-28,0,0,0,0,0,0,0
JD_11488573,2021-02-28,46,34,19,1,0,0,0
JD_11488572,2021-02-28,15,13,9,0,0,0,0
JD_11488571,2021-02-28,9,8,4,0,0,0,0
JD_11488570,2021-02-28,14,11,5,0,1,0,0
JD_11488569,2021-02-28,0,0,0,0,0,0,0
JD_11488568,2021-02-28,0,0,0,0,0,0,0
JD_11488567,2021-02-28,0,0,0,0,0,0,0
JD_11488564,2021-02-28,2,1,1,0,0,0,0
JD_11488563,2021-02-28,1,0,1,0,0,0,0
JD_11488560,2021-02-28,6,3,4,0,0,0,0
JD_11488558,2021-02-28,2,1,2,0,0,0,0
JD_11488557,2021-02-28,0,0,0,0,0,0,0
JD_11488556,2021-02-28,0,0,0,0,0,0,0
JD_11488555,2021-02-28,2,2,1,0,0,0,0
JD_11488554,2021-02-28,1,1,1,0,0,0,0
JD_11488553,2021-02-28,2,1,2,0,0,0,0
JD_11488552,2021-02-28,0,0,0,0,0,0,0
JD_11488550,2021-02-28,0,0,0,0,0,0,0
JD_11488549,2021-02-28,2,1,1,0,0,0,0
JD_11488548,2021-02-28,2,1,1,0,0,0,0
JD_11488545,2021-02-28,13,8,11,0,0,0,0
JD_11488540,2021-02-28,4419,2799,3273,14,7,2,8
JD_11488538,2021-02-28,126,0,121,5,0,0,0
JD_11488537,2021-02-28,15,6,14,1,0,0,0
JD_11488536,2021-02-28,23,11,21,1,0,0,1
JD_11488532,2021-02-28,34,12,32,0,1,0,0
JD_11488510,2021-02-28,43,22,43,0,0,0,1
JD_11488508,2021-02-28,87,46,58,2,1,0,2
JD_11488507,2021-02-28,25,14,16,0,0,0,0
JD_11488506,2021-02-28,9,7,7,0,0,0,0
JD_11488504,2021-02-28,82,58,49,0,0,0,0
JD_11488503,2021-02-28,31,16,31,0,0,0,0
JD_11488502,2021-02-28,7,4,7,0,0,0,0
JD_11488472,2021-02-28,35,18,32,0,0,0,0
JD_11488471,2021-02-28,25,18,12,0,0,0,0
JD_11488469,2021-02-28,149,105,78,0,0,0,0
JD_11488468,2021-02-28,59,34,42,0,1,0,0
JD_11488466,2021-02-28,27,15,16,0,1,0,0
JD_11488465,2021-02-28,24,9,18,0,1,0,0
JD_11488464,2021-02-28,68,48,43,0,1,0,0
