JD_12735508,2021-02-28,1525,1304,215,2,4,1,1
JD_12734824,2021-02-28,14,13,1,0,0,0,0
JD_12734822,2021-02-28,57,47,10,0,0,0,0
JD_12734820,2021-02-28,23,17,5,1,0,0,0
JD_12734818,2021-02-28,13,12,1,0,0,0,0
JD_12734816,2021-02-28,0,0,0,0,0,0,0
JD_12734814,2021-02-28,1626,1461,160,4,1,0,2
JD_12734812,2021-02-28,482,407,72,2,1,0,2
JD_12734810,2021-02-28,562,517,45,0,0,0,0
JD_12734808,2021-02-28,378,323,54,0,1,0,2
JD_12734806,2021-02-28,53,35,18,0,0,0,1
JD_12734804,2021-02-28,371,327,44,0,0,0,0
JD_12734674,2021-02-28,712,631,79,1,1,1,0
JD_12734670,2021-02-28,5,3,2,0,0,0,0
JD_12734668,2021-02-28,16,12,4,0,0,0,0
JD_12734667,2021-02-28,1,1,0,0,0,0,0
JD_12734666,2021-02-28,22,16,6,0,0,0,0
JD_12734665,2021-02-28,27,25,2,0,0,0,0
JD_12734664,2021-02-28,68,58,10,0,0,0,0
JD_12734663,2021-02-28,17,13,4,0,0,0,0
JD_12734662,2021-02-28,61,52,8,0,1,0,0
JD_12734661,2021-02-28,44,37,7,0,0,0,0
JD_12734660,2021-02-28,165,143,22,0,0,0,0
JD_12734659,2021-02-28,11,8,3,0,0,0,0
JD_12734658,2021-02-28,2,2,0,0,0,0,0
JD_12734657,2021-02-28,480,429,50,0,1,0,0
JD_12734656,2021-02-28,4,3,1,0,0,0,0
JD_12734655,2021-02-28,28,22,6,0,0,0,0
JD_12734654,2021-02-28,288,244,42,1,1,0,0
JD_12734653,2021-02-28,16,14,2,0,0,0,0
JD_12734652,2021-02-28,43,38,5,0,0,0,0
JD_12734651,2021-02-28,1,1,0,0,0,0,0
JD_12734650,2021-02-28,86,75,11,0,0,0,0
JD_12734649,2021-02-28,0,0,0,0,0,0,0
JD_12734648,2021-02-28,135,117,18,0,0,0,0
JD_12734647,2021-02-28,0,0,0,0,0,0,0
JD_12734646,2021-02-28,4,4,0,0,0,0,0
JD_12734645,2021-02-28,0,0,0,0,0,0,0
JD_12734644,2021-02-28,4,3,1,0,0,0,0
JD_12734643,2021-02-28,0,0,0,0,0,0,0
JD_12734642,2021-02-28,45,37,8,0,0,0,0
JD_12734640,2021-02-28,772,650,120,2,0,3,1
JD_12734639,2021-02-28,16,11,5,0,0,0,0
JD_12734637,2021-02-28,0,0,0,0,0,0,0
JD_12734636,2021-02-28,13,13,0,0,0,0,0
JD_12734634,2021-02-28,3,1,2,0,0,0,0
JD_12734632,2021-02-28,229,192,35,1,1,0,1
JD_12734628,2021-02-28,516,442,74,0,0,3,1
JD_12734627,2021-02-28,0,0,0,0,0,0,0
JD_12734626,2021-02-28,1,0,1,0,0,0,0
JD_12734625,2021-02-28,0,0,0,0,0,0,0
JD_12734624,2021-02-28,23,17,6,0,0,0,0
JD_12734623,2021-02-28,0,0,0,0,0,0,0
JD_12734620,2021-02-28,3,3,0,0,0,0,0
JD_12734618,2021-02-28,1666,1490,174,2,0,1,0
JD_12734616,2021-02-28,1,1,0,0,0,0,0
JD_12734615,2021-02-28,8,7,1,0,0,0,0
JD_12734614,2021-02-28,181,147,34,0,0,1,0
JD_12734613,2021-02-28,30,25,5,0,0,0,1
JD_12734612,2021-02-28,22,20,2,0,0,0,0
JD_12734611,2021-02-28,64,55,9,0,0,0,0
JD_12734610,2021-02-28,93,72,21,0,0,1,0
JD_12734609,2021-02-28,8,6,2,0,0,0,0
JD_12734608,2021-02-28,62,58,4,0,0,0,0
JD_12734606,2021-02-28,91,80,11,0,0,0,0
JD_12733676,2021-02-28,9,9,0,0,0,0,0
JD_12733675,2021-02-28,0,0,0,0,0,0,0
JD_12733674,2021-02-28,3,3,0,0,0,0,0
JD_12733673,2021-02-28,0,0,0,0,0,0,0
JD_12733672,2021-02-28,4,3,1,0,0,0,0
