JD_11389858,2021-02-28,4874,3559,3002,24,19,3,17
JD_11389857,2021-02-28,8,3,6,1,0,0,0
JD_11389856,2021-02-28,0,0,0,0,0,0,0
JD_11389855,2021-02-28,222,13,217,3,2,0,2
JD_11389854,2021-02-28,5,1,3,0,1,0,0
JD_11389853,2021-02-28,4,1,4,0,0,0,0
JD_11389851,2021-02-28,8105,6324,4328,12,6,4,23
JD_11389850,2021-02-28,57,3,57,0,0,0,0
JD_11389849,2021-02-28,46,0,43,3,0,0,0
JD_11389848,2021-02-28,16,1,15,1,0,0,0
JD_11389847,2021-02-28,15,10,9,0,0,0,0
JD_11389846,2021-02-28,2,0,2,0,0,0,0
JD_11389845,2021-02-28,81,57,47,2,0,0,0
JD_11389844,2021-02-28,117,0,110,5,2,0,0
JD_11389843,2021-02-28,318,0,304,8,6,0,0
JD_11389842,2021-02-28,64,17,62,2,0,0,0
JD_11389841,2021-02-28,21,12,12,0,0,0,0
JD_11389840,2021-02-28,2,2,0,0,0,0,0
JD_11389839,2021-02-28,44,25,35,0,0,0,0
JD_11389838,2021-02-28,2,2,1,0,0,0,0
JD_11389837,2021-02-28,32,0,32,0,0,0,0
JD_11389836,2021-02-28,0,0,0,0,0,0,0
JD_11389835,2021-02-28,1,0,1,0,0,0,0
JD_11389833,2021-02-28,2,1,1,0,0,0,0
JD_11389832,2021-02-28,9,5,5,0,0,0,0
JD_11389830,2021-02-28,11,0,11,0,0,0,0
JD_11389828,2021-02-28,48,1,44,3,1,0,0
JD_11389827,2021-02-28,95,29,83,5,0,0,0
JD_11389826,2021-02-28,558,157,551,2,0,0,0
JD_11389825,2021-02-28,1099,533,1089,1,0,0,0
JD_11389824,2021-02-28,1075,411,1072,1,0,2,2
JD_11389823,2021-02-28,1070,578,1057,2,0,4,2
JD_11389822,2021-02-28,805,263,803,1,0,1,3
JD_11389821,2021-02-28,50,0,49,1,0,0,0
JD_11389820,2021-02-28,41,0,41,0,0,0,0
JD_11389819,2021-02-28,49,1,47,2,0,0,0
JD_11389818,2021-02-28,3,1,2,1,0,0,0
JD_11389817,2021-02-28,0,0,0,0,0,0,0
JD_11389816,2021-02-28,1075,477,1057,0,0,1,2
JD_11389815,2021-02-28,78,3,77,1,0,0,0
JD_11389814,2021-02-28,6,1,5,1,0,0,0
JD_11389813,2021-02-28,1188,495,1137,18,22,0,7
JD_11389812,2021-02-28,42,27,23,0,0,1,0
JD_11389811,2021-02-28,8,4,8,0,0,0,0
JD_11389810,2021-02-28,25,9,24,0,0,0,0
JD_11389809,2021-02-28,232,177,177,3,0,0,0
JD_11389807,2021-02-28,20,7,20,0,0,0,0
JD_11389806,2021-02-28,3,3,1,0,0,0,0
JD_11389804,2021-02-28,28,13,23,1,1,0,0
JD_11389803,2021-02-28,79,4,76,3,0,0,0
JD_11389802,2021-02-28,32,14,23,0,0,0,0
JD_11389790,2021-02-28,77,35,76,0,0,0,0
JD_11389789,2021-02-28,70,41,50,0,0,0,0
JD_11389787,2021-02-28,388,165,336,6,1,0,1
JD_11389786,2021-02-28,57,19,47,1,0,0,0
JD_11389785,2021-02-28,1621,790,1511,7,4,2,4
JD_11389784,2021-02-28,67,25,57,1,0,0,0
JD_11389783,2021-02-28,62,25,60,0,0,0,0
JD_11389782,2021-02-28,69,28,64,1,0,0,0
JD_11389781,2021-02-28,14,5,12,1,0,0,0
JD_11389780,2021-02-28,9,2,5,2,0,0,0
JD_11389779,2021-02-28,20,5,19,1,0,0,0
JD_11389778,2021-02-28,9,0,9,0,0,0,0
JD_11389777,2021-02-28,5,1,4,0,0,0,0
JD_11389774,2021-02-28,8,3,6,0,0,0,0
JD_11389756,2021-02-28,0,0,0,0,0,0,0
JD_11389754,2021-02-28,689,409,553,6,2,0,0
JD_11389753,2021-02-28,570,10,543,19,8,0,1
JD_11389750,2021-02-28,0,0,0,0,0,0,0
JD_11389740,2021-02-28,109,0,101,5,3,0,0
