JD_11549132,2021-02-28,6,0,6,0,0,0,0
JD_11549131,2021-02-28,0,0,0,0,0,0,0
JD_11549130,2021-02-28,74,0,73,1,0,0,0
JD_11549126,2021-02-28,0,0,0,0,0,0,0
JD_11549125,2021-02-28,19,0,17,1,1,0,0
JD_11549123,2021-02-28,13,0,12,1,0,0,0
JD_11549122,2021-02-28,2,0,1,1,0,0,0
JD_11549120,2021-02-28,0,0,0,0,0,0,0
JD_11549118,2021-02-28,1,0,1,0,0,0,0
JD_11549111,2021-02-28,4,0,4,0,0,0,0
JD_11549109,2021-02-28,6,0,6,0,0,0,0
JD_11549107,2021-02-28,2,0,2,0,0,0,0
JD_11549106,2021-02-28,12603,6376,9414,87,13,5,16
JD_11549105,2021-02-28,1021,14,994,20,7,0,3
JD_11549103,2021-02-28,0,0,0,0,0,0,0
JD_11549099,2021-02-28,33,0,33,0,0,0,0
JD_11549098,2021-02-28,12663,7249,8324,60,8,2,19
JD_11549093,2021-02-28,976,721,692,3,1,0,1
JD_11549092,2021-02-28,8,3,6,0,0,0,0
JD_11549088,2021-02-28,18,8,12,0,1,0,0
JD_11549087,2021-02-28,42,3,39,2,0,0,0
JD_11549082,2021-02-28,650,35,638,7,0,0,0
JD_11549076,2021-02-28,196,0,194,0,2,0,0
JD_11549075,2021-02-28,607,2,598,8,1,0,1
JD_11549070,2021-02-28,602,161,585,12,2,0,1
JD_11549069,2021-02-28,2155,388,2106,27,7,1,1
JD_11549068,2021-02-28,48,25,41,0,0,0,0
JD_11549067,2021-02-28,122,56,115,4,0,0,0
JD_11549066,2021-02-28,3,1,3,0,0,0,0
JD_11549065,2021-02-28,1,1,1,0,0,0,0
JD_11549064,2021-02-28,726,472,580,7,2,1,4
JD_11549063,2021-02-28,88,0,82,4,2,0,0
JD_11549062,2021-02-28,0,0,0,0,0,0,0
JD_11549061,2021-02-28,33,3,32,1,0,0,0
JD_11549060,2021-02-28,2,0,2,0,0,0,0
JD_11549059,2021-02-28,2,0,2,0,0,0,0
JD_11549058,2021-02-28,0,0,0,0,0,0,0
JD_11549057,2021-02-28,5,0,5,0,0,0,0
JD_11549056,2021-02-28,1,1,0,0,0,0,0
JD_11549055,2021-02-28,19,15,7,0,0,0,0
JD_11549052,2021-02-28,0,0,0,0,0,0,0
JD_11549051,2021-02-28,16,0,14,2,0,0,0
JD_11549048,2021-02-28,0,0,0,0,0,0,0
JD_11549045,2021-02-28,1,1,1,0,0,0,0
JD_11549043,2021-02-28,284,76,282,2,0,0,0
JD_11549042,2021-02-28,3,2,3,0,0,0,0
JD_11549041,2021-02-28,315,142,308,5,2,0,0
JD_11549040,2021-02-28,14,10,12,0,0,0,0
JD_11549039,2021-02-28,11,8,10,0,0,0,0
JD_11549038,2021-02-28,0,0,0,0,0,0,0
JD_11549037,2021-02-28,56,42,24,0,0,0,0
JD_11549035,2021-02-28,58,39,26,0,0,0,0
JD_11549034,2021-02-28,7,7,6,0,0,0,0
JD_11549032,2021-02-28,9,6,5,0,0,0,0
JD_11549031,2021-02-28,33,15,24,0,0,0,0
JD_11549030,2021-02-28,43,22,27,0,0,0,0
JD_11549029,2021-02-28,41,25,24,0,0,0,0
JD_11549028,2021-02-28,36,15,27,0,0,0,0
JD_11549027,2021-02-28,48,21,31,0,0,0,0
JD_11549026,2021-02-28,12,10,7,0,0,0,0
JD_11549025,2021-02-28,6,6,2,0,0,0,0
JD_11549024,2021-02-28,39,20,24,0,1,0,0
JD_11549023,2021-02-28,8,8,2,0,0,0,0
JD_11549022,2021-02-28,45,22,45,0,0,0,1
JD_11549021,2021-02-28,21,7,20,0,0,0,0
JD_11549020,2021-02-28,19,16,7,0,0,0,0
JD_11549019,2021-02-28,53,42,32,0,0,0,0
JD_11549018,2021-02-28,10,7,5,0,0,0,0
JD_11549017,2021-02-28,0,0,0,0,0,0,0
JD_11549016,2021-02-28,111,74,50,1,3,0,0
