JD_11408486,2021-02-28,319,178,220,2,1,1,2
JD_11408485,2021-02-28,3,2,3,0,0,0,1
JD_11408484,2021-02-28,5,4,1,0,1,0,0
JD_11408483,2021-02-28,11,6,8,0,0,0,0
JD_11408482,2021-02-28,16,5,13,0,0,0,2
JD_11408479,2021-02-28,31,20,23,1,0,0,0
JD_11408478,2021-02-28,3,2,3,0,0,0,0
JD_11408477,2021-02-28,828,393,810,4,2,0,1
JD_11408476,2021-02-28,372,136,360,6,3,0,1
JD_11408475,2021-02-28,119,74,67,1,0,0,0
JD_11408472,2021-02-28,14,9,10,0,0,0,0
JD_11408471,2021-02-28,68,0,65,0,3,0,0
JD_11408470,2021-02-28,841,628,370,1,1,0,1
JD_11408469,2021-02-28,9,8,3,0,0,0,0
JD_11408466,2021-02-28,5,2,4,0,0,0,0
JD_11408465,2021-02-28,2,1,2,0,0,0,0
JD_11408462,2021-02-28,2,1,2,0,0,0,0
JD_11408445,2021-02-28,4,2,2,0,0,0,0
JD_11408444,2021-02-28,22,13,17,0,0,0,0
JD_11408443,2021-02-28,8,7,3,1,0,0,0
JD_11408441,2021-02-28,3,2,2,0,0,0,0
JD_11408440,2021-02-28,5,1,4,0,0,0,0
JD_11408437,2021-02-28,12,12,8,0,0,0,0
JD_11408436,2021-02-28,2,1,2,0,0,0,0
JD_11408435,2021-02-28,2,2,1,0,0,0,0
JD_11408434,2021-02-28,10,7,4,0,0,0,0
JD_11408433,2021-02-28,5,2,4,0,0,0,0
JD_11408432,2021-02-28,9,7,7,0,0,0,0
JD_11408431,2021-02-28,0,0,0,0,0,0,0
JD_11408430,2021-02-28,10,5,8,0,0,0,0
JD_11408429,2021-02-28,1,0,1,0,0,0,0
JD_11408428,2021-02-28,2,1,1,0,0,0,0
JD_11408426,2021-02-28,0,0,0,0,0,0,0
JD_11408425,2021-02-28,1,1,1,0,0,0,0
JD_11408424,2021-02-28,4,3,2,0,0,0,0
JD_11408423,2021-02-28,10,5,6,1,0,0,0
JD_11408420,2021-02-28,5,0,5,0,0,0,0
JD_11408419,2021-02-28,46,18,42,1,0,0,0
JD_11408418,2021-02-28,9,4,6,0,1,0,0
JD_11408417,2021-02-28,40,23,25,1,0,0,0
JD_11408416,2021-02-28,545,38,500,17,7,0,1
JD_11408415,2021-02-28,12,2,12,0,0,0,0
JD_11408414,2021-02-28,2,2,0,0,0,0,0
JD_11408412,2021-02-28,12,7,8,0,0,0,0
JD_11408411,2021-02-28,34,20,17,2,0,0,0
JD_11408406,2021-02-28,7,6,2,0,0,0,0
JD_11408405,2021-02-28,112,0,104,6,2,0,0
JD_11408401,2021-02-28,10,0,9,1,0,0,0
JD_11408400,2021-02-28,22,12,15,0,1,0,0
JD_11408399,2021-02-28,27,20,18,1,0,0,0
JD_11408398,2021-02-28,7,2,6,0,0,0,0
JD_11408397,2021-02-28,214,159,172,0,4,0,0
JD_11408396,2021-02-28,474,303,445,5,4,0,3
JD_11408395,2021-02-28,273,180,249,1,0,1,0
JD_11408394,2021-02-28,165,118,139,1,1,0,1
JD_11408393,2021-02-28,349,270,277,3,1,0,1
JD_11408392,2021-02-28,11,6,10,0,0,0,0
JD_11408391,2021-02-28,16,9,9,0,0,0,0
JD_11408390,2021-02-28,28,22,19,0,0,0,0
JD_11408389,2021-02-28,56,48,28,0,0,0,0
JD_11408388,2021-02-28,12,10,4,0,0,0,0
JD_11408387,2021-02-28,39,22,29,0,0,0,0
JD_11408386,2021-02-28,4,2,4,0,0,0,0
JD_11408385,2021-02-28,6,6,3,0,0,0,0
JD_11408384,2021-02-28,18,14,11,0,0,0,0
JD_11408383,2021-02-28,19,16,8,0,0,0,0
JD_11408382,2021-02-28,7,2,6,0,0,0,0
JD_11408381,2021-02-28,2,1,2,0,0,0,0
JD_11408380,2021-02-28,53,36,35,0,0,0,0
JD_11408379,2021-02-28,42,32,17,1,0,0,0
