JD_11526008,2021-02-28,35,15,34,0,0,0,0
JD_11526007,2021-02-28,19,13,7,0,0,0,0
JD_11526006,2021-02-28,852,405,612,5,3,1,4
JD_11526005,2021-02-28,90,29,89,0,1,0,0
JD_11526002,2021-02-28,1079,511,879,7,1,1,3
JD_11526001,2021-02-28,2,2,0,0,0,0,0
JD_11526000,2021-02-28,36,0,35,1,0,0,0
JD_11525999,2021-02-28,239,165,152,0,0,0,0
JD_11525998,2021-02-28,72,54,39,0,0,0,0
JD_11525997,2021-02-28,11,8,3,0,0,0,0
JD_11525995,2021-02-28,0,0,0,0,0,0,0
JD_11525994,2021-02-28,1,1,1,0,0,0,0
JD_11525993,2021-02-28,0,0,0,0,0,0,0
JD_11525992,2021-02-28,0,0,0,0,0,0,0
JD_11525991,2021-02-28,3,0,3,0,0,0,0
JD_11525990,2021-02-28,2,0,2,0,0,0,0
JD_11525987,2021-02-28,2,1,2,0,0,0,0
JD_11525986,2021-02-28,18,11,9,1,0,0,0
JD_11525984,2021-02-28,40,22,24,3,2,0,1
JD_11525983,2021-02-28,751,1,731,11,8,0,0
JD_11525982,2021-02-28,10,0,8,2,0,0,0
JD_11525981,2021-02-28,105,49,70,1,1,0,0
JD_11525980,2021-02-28,161,11,143,6,1,0,1
JD_11525979,2021-02-28,2,1,2,0,0,0,0
JD_11525978,2021-02-28,208,87,154,7,3,0,1
JD_11525977,2021-02-28,59,2,57,2,0,0,0
JD_11525976,2021-02-28,61,0,58,2,1,0,0
JD_11525975,2021-02-28,266,107,234,3,3,0,1
JD_11525974,2021-02-28,18,0,18,0,0,0,0
JD_11525972,2021-02-28,2733,543,2709,15,8,0,5
JD_11525968,2021-02-28,38,10,28,0,0,0,0
JD_11525966,2021-02-28,3,2,2,0,0,0,0
JD_11525965,2021-02-28,2379,1340,1860,5,5,5,4
JD_11525964,2021-02-28,15,6,12,1,0,0,0
JD_11525963,2021-02-28,16,5,12,0,0,0,0
JD_11525962,2021-02-28,16,7,13,0,0,0,0
JD_11525961,2021-02-28,13,7,12,0,0,0,0
JD_11525960,2021-02-28,31,19,16,0,2,0,1
JD_11525959,2021-02-28,7,4,4,0,0,0,0
JD_11525957,2021-02-28,55,3,55,0,0,0,0
JD_11525953,2021-02-28,43,19,32,1,0,0,0
JD_11525952,2021-02-28,71,55,18,0,0,0,0
JD_11525951,2021-02-28,5,1,5,0,0,0,0
JD_11525950,2021-02-28,3,1,2,0,0,0,0
JD_11525949,2021-02-28,8,4,4,0,0,0,0
JD_11525948,2021-02-28,3,0,3,0,0,0,0
JD_11525947,2021-02-28,1,0,1,0,0,0,0
JD_11525946,2021-02-28,2,1,1,0,0,0,0
JD_11525945,2021-02-28,5,3,3,0,0,0,0
JD_11525944,2021-02-28,5,2,4,0,0,0,1
JD_11525943,2021-02-28,6,0,5,1,0,0,0
JD_11525942,2021-02-28,329,243,113,0,0,0,2
JD_11525941,2021-02-28,916,488,690,8,3,1,2
JD_11525940,2021-02-28,3289,1978,1972,21,9,0,10
JD_11525939,2021-02-28,425,288,139,2,0,0,2
JD_11525938,2021-02-28,4540,2385,2310,49,11,2,6
JD_11525937,2021-02-28,1045,585,1035,8,2,1,4
JD_11525936,2021-02-28,500,295,455,3,1,3,2
JD_11525935,2021-02-28,8,4,4,0,0,0,0
JD_11525934,2021-02-28,652,393,626,7,3,1,0
JD_11525933,2021-02-28,3547,2410,2775,21,10,1,13
JD_11525932,2021-02-28,1738,902,1678,12,14,1,8
JD_11525931,2021-02-28,3094,1971,2074,6,4,2,11
JD_11525930,2021-02-28,7938,4769,6711,47,33,9,23
JD_11525929,2021-02-28,561,379,479,5,1,0,8
JD_11525928,2021-02-28,925,595,823,6,5,1,5
JD_11525927,2021-02-28,386,310,176,0,1,1,0
JD_11525926,2021-02-28,39,27,31,0,0,0,0
JD_11525925,2021-02-28,6,3,6,0,0,0,0
JD_11525923,2021-02-28,4,2,3,0,0,0,0
