JD_11613070,2021-02-28,183,100,107,1,0,0,2
JD_11613069,2021-02-28,10,6,6,0,1,0,0
JD_11613068,2021-02-28,941,590,681,8,3,0,5
JD_11613067,2021-02-28,143,75,87,2,0,0,0
JD_11613066,2021-02-28,181,79,112,5,2,0,1
JD_11613065,2021-02-28,0,0,0,0,0,0,0
JD_11613064,2021-02-28,47,27,28,0,0,0,0
JD_11613063,2021-02-28,7,5,2,0,0,0,0
JD_11613062,2021-02-28,16,13,10,0,0,0,0
JD_11613059,2021-02-28,15,10,11,0,0,0,0
JD_11613056,2021-02-28,2086,429,1992,45,12,0,2
JD_11613055,2021-02-28,201,0,192,7,2,0,0
JD_11613054,2021-02-28,0,0,0,0,0,0,0
JD_11613051,2021-02-28,6,0,5,0,1,0,0
JD_11613049,2021-02-28,0,0,0,0,0,0,0
JD_11613047,2021-02-28,115,0,113,2,0,0,0
JD_11613046,2021-02-28,0,0,0,0,0,0,0
JD_11613045,2021-02-28,0,0,0,0,0,0,0
JD_11613040,2021-02-28,2,1,1,0,0,0,0
JD_11613039,2021-02-28,1912,1450,1232,3,6,1,2
JD_11613038,2021-02-28,0,0,0,0,0,0,0
JD_11613037,2021-02-28,10,6,8,0,0,0,0
JD_11613036,2021-02-28,15,12,8,0,0,0,0
JD_11613035,2021-02-28,3,2,1,0,0,0,0
JD_11613034,2021-02-28,0,0,0,0,0,0,0
JD_11613032,2021-02-28,4,0,4,0,0,0,0
JD_11613031,2021-02-28,2,1,2,0,0,0,0
JD_11613030,2021-02-28,45,38,12,0,0,0,0
JD_11613029,2021-02-28,6,0,6,0,0,0,0
JD_11613028,2021-02-28,3,1,2,0,0,0,0
JD_11613027,2021-02-28,124,88,74,0,0,0,1
JD_11613026,2021-02-28,13,10,7,0,0,0,0
JD_11613025,2021-02-28,3,0,3,0,0,0,0
JD_11613024,2021-02-28,2,0,2,0,0,0,0
JD_11613023,2021-02-28,6,1,6,0,0,0,0
JD_11613022,2021-02-28,7,6,2,0,0,0,0
JD_11613021,2021-02-28,2,1,2,0,0,0,0
JD_11613018,2021-02-28,4,1,4,0,0,0,1
JD_11613017,2021-02-28,20,12,20,0,0,0,0
JD_11613016,2021-02-28,4,3,2,0,0,0,0
JD_11612680,2021-02-28,13,6,13,0,0,0,0
JD_11612679,2021-02-28,20,13,15,0,0,0,0
JD_11612678,2021-02-28,13,5,12,0,0,0,0
JD_11612677,2021-02-28,13,4,12,0,1,0,0
JD_11612676,2021-02-28,0,0,0,0,0,0,0
JD_11612675,2021-02-28,2,2,0,0,0,0,0
JD_11612674,2021-02-28,22,3,22,0,0,0,0
JD_11612671,2021-02-28,0,0,0,0,0,0,0
JD_11612670,2021-02-28,4,1,4,0,0,0,0
JD_11612669,2021-02-28,7,4,5,0,0,0,0
JD_11612667,2021-02-28,123,62,84,0,1,0,0
JD_11612666,2021-02-28,5,1,5,0,0,0,0
JD_11612665,2021-02-28,27,13,26,0,0,0,0
JD_11612663,2021-02-28,2,2,1,0,0,0,0
JD_11612662,2021-02-28,1,1,1,0,0,0,0
JD_11612661,2021-02-28,0,0,0,0,0,0,0
JD_11612660,2021-02-28,0,0,0,0,0,0,0
JD_11612659,2021-02-28,4,3,3,0,0,0,0
JD_11612657,2021-02-28,6,5,5,1,0,0,0
JD_11612654,2021-02-28,4221,2956,2547,48,25,2,16
JD_11612649,2021-02-28,3,0,4,0,0,0,0
JD_11612648,2021-02-28,0,0,0,0,0,0,0
JD_11612642,2021-02-28,69,41,54,1,1,0,0
JD_11612640,2021-02-28,4,2,4,0,0,0,0
JD_11612638,2021-02-28,2,1,2,0,0,0,0
JD_11612637,2021-02-28,576,14,556,16,4,0,0
JD_11612636,2021-02-28,4888,3255,3570,21,12,2,13
JD_11612635,2021-02-28,37,16,34,1,2,0,0
JD_11612633,2021-02-28,124,3,122,1,0,0,0
JD_11612632,2021-02-28,1349,301,1333,9,5,1,3
