JD_11472975,2021-02-28,3,1,3,0,0,0,1
JD_11472972,2021-02-28,2477,1475,1595,26,20,1,3
JD_11472971,2021-02-28,3,1,3,0,0,0,0
JD_11472970,2021-02-28,4,2,3,0,0,0,0
JD_11472968,2021-02-28,4,2,4,0,0,0,0
JD_11472967,2021-02-28,1,1,0,0,0,0,0
JD_11472966,2021-02-28,20,4,18,1,0,0,0
JD_11472965,2021-02-28,116,46,85,1,0,0,1
JD_11472964,2021-02-28,4,2,3,0,0,0,0
JD_11472963,2021-02-28,19,2,17,1,0,0,0
JD_11472960,2021-02-28,203,138,133,0,0,0,0
JD_11472959,2021-02-28,20,5,16,1,0,0,0
JD_11472958,2021-02-28,318,229,204,0,0,0,1
JD_11472957,2021-02-28,445,309,282,2,2,0,2
JD_11472955,2021-02-28,122,73,88,1,2,0,0
JD_11472954,2021-02-28,210,144,127,1,1,0,0
JD_11472953,2021-02-28,512,154,505,2,2,0,0
JD_11472952,2021-02-28,76,44,63,0,0,0,0
JD_11472951,2021-02-28,102,42,99,1,0,1,0
JD_11472950,2021-02-28,175,123,127,1,1,0,1
JD_11472949,2021-02-28,152,87,115,2,1,0,0
JD_11472948,2021-02-28,279,214,253,0,1,0,0
JD_11472947,2021-02-28,196,130,109,0,0,1,0
JD_11472944,2021-02-28,0,0,0,0,0,0,0
JD_11472940,2021-02-28,242,64,225,3,0,0,0
JD_11472939,2021-02-28,371,133,323,7,0,0,0
JD_11472938,2021-02-28,1369,2,1324,36,9,0,0
JD_11472936,2021-02-28,380,0,371,7,2,0,0
JD_11472934,2021-02-28,63,35,36,0,1,0,0
JD_11472931,2021-02-28,3084,1982,2588,4,2,1,7
JD_11472930,2021-02-28,57,5,56,0,0,0,0
JD_11472929,2021-02-28,26,22,14,0,0,1,0
JD_11472928,2021-02-28,35,24,21,0,0,0,1
JD_11472926,2021-02-28,857,179,806,10,4,0,2
JD_11472925,2021-02-28,89,72,42,0,0,0,0
JD_11472923,2021-02-28,28,19,13,0,0,0,0
JD_11472922,2021-02-28,2,1,1,0,0,0,0
JD_11472920,2021-02-28,4,4,0,0,0,0,0
JD_11472918,2021-02-28,105,80,41,0,0,0,0
JD_11472917,2021-02-28,3,2,1,0,0,0,0
JD_11472915,2021-02-28,4,4,2,0,0,0,0
JD_11472914,2021-02-28,14,10,9,0,0,0,0
JD_11472913,2021-02-28,226,113,223,0,0,0,1
JD_11472912,2021-02-28,219,181,79,2,0,2,1
JD_11472911,2021-02-28,0,0,0,0,0,0,0
JD_11472908,2021-02-28,594,0,587,5,2,0,0
JD_11472905,2021-02-28,538,0,522,13,3,0,0
JD_11472904,2021-02-28,105412,85984,53726,224,93,79,104
JD_11472901,2021-02-28,548,313,318,1,0,0,1
JD_11472900,2021-02-28,402,200,243,3,0,0,1
JD_11472897,2021-02-28,27,4,27,0,0,0,0
JD_11472895,2021-02-28,60,35,34,0,1,0,0
JD_11472894,2021-02-28,551,261,456,4,0,2,2
JD_11472893,2021-02-28,363,98,298,4,0,0,0
JD_11472890,2021-02-28,58,27,47,0,0,0,1
JD_11472886,2021-02-28,27,9,20,0,0,0,0
JD_11472885,2021-02-28,36,16,26,0,0,0,0
JD_11472883,2021-02-28,25,16,16,0,0,0,0
JD_11472882,2021-02-28,17,6,17,0,0,0,0
JD_11472881,2021-02-28,2,1,1,0,0,0,0
JD_11472878,2021-02-28,23,9,20,0,0,0,0
JD_11472877,2021-02-28,19,6,19,0,0,0,0
JD_11472876,2021-02-28,85,63,54,0,0,0,0
JD_11472875,2021-02-28,936,215,916,12,7,0,1
JD_11472874,2021-02-28,2336,1480,1997,3,1,4,2
JD_11472872,2021-02-28,33,12,33,0,0,0,0
JD_11472870,2021-02-28,2534,993,1906,30,7,3,2
JD_11472868,2021-02-28,15,10,10,0,0,0,0
JD_11472867,2021-02-28,27,9,23,0,0,0,0
JD_11472865,2021-02-28,3,3,0,0,0,0,0
