JD_11471764,2021-02-28,5,1,5,0,0,0,0
JD_11471763,2021-02-28,88,65,67,0,0,0,0
JD_11471762,2021-02-28,278,7,246,19,10,0,0
JD_11471760,2021-02-28,0,0,0,0,0,0,0
JD_11471759,2021-02-28,6,5,5,0,0,0,0
JD_11471757,2021-02-28,3,1,2,0,1,0,0
JD_11471755,2021-02-28,3,1,2,0,0,0,0
JD_11471754,2021-02-28,2,2,0,0,0,0,0
JD_11471752,2021-02-28,30,11,24,0,0,0,0
JD_11471750,2021-02-28,27,21,11,0,0,0,0
JD_11471749,2021-02-28,29,18,15,2,0,0,0
JD_11471748,2021-02-28,4,3,1,0,0,0,0
JD_11471747,2021-02-28,3,3,1,0,0,0,0
JD_11471746,2021-02-28,2,1,2,0,0,0,0
JD_11471744,2021-02-28,4,3,2,0,0,0,0
JD_11471743,2021-02-28,1,1,0,0,0,0,0
JD_11471742,2021-02-28,32,21,18,1,0,0,0
JD_11471741,2021-02-28,12,7,9,0,0,0,0
JD_11471740,2021-02-28,18,7,16,0,0,0,0
JD_11471739,2021-02-28,12,6,11,0,0,0,0
JD_11471738,2021-02-28,6,3,3,0,0,0,0
JD_11471737,2021-02-28,4,3,2,0,0,0,0
JD_11471736,2021-02-28,75,48,43,0,0,0,0
JD_11471734,2021-02-28,21,8,21,0,0,0,0
JD_11471733,2021-02-28,4,1,4,0,0,0,0
JD_11471732,2021-02-28,17,14,8,0,1,0,0
JD_11471731,2021-02-28,257,130,209,1,1,0,2
JD_11471730,2021-02-28,87,60,46,1,0,0,0
JD_11471728,2021-02-28,25,22,7,0,0,0,0
JD_11471727,2021-02-28,178,137,51,0,2,1,0
JD_11471726,2021-02-28,32,0,29,2,1,0,0
JD_11471725,2021-02-28,2,0,2,0,0,0,0
JD_11471724,2021-02-28,3,3,1,0,0,0,0
JD_11471723,2021-02-28,0,0,0,0,0,0,0
JD_11471722,2021-02-28,19,12,10,0,0,0,0
JD_11471721,2021-02-28,373,0,356,10,7,0,0
JD_11471720,2021-02-28,23,15,9,0,1,0,1
JD_11471719,2021-02-28,16,10,9,1,0,0,0
JD_11471718,2021-02-28,3,3,0,0,0,0,0
JD_11471716,2021-02-28,207,83,156,5,7,0,0
JD_11471715,2021-02-28,26766,19895,16172,92,44,19,30
JD_11471714,2021-02-28,386,142,325,5,1,0,0
JD_11471713,2021-02-28,41,17,35,3,0,0,0
JD_11471711,2021-02-28,264,161,153,1,0,0,0
JD_11471710,2021-02-28,2,1,1,0,0,0,0
JD_11471709,2021-02-28,601,291,586,8,5,0,1
JD_11471707,2021-02-28,98,1,90,5,3,0,0
JD_11471705,2021-02-28,4,4,1,0,0,0,0
JD_11471704,2021-02-28,2,2,1,0,0,0,0
JD_11471703,2021-02-28,11,4,9,0,0,0,0
JD_11471702,2021-02-28,12,5,10,0,0,0,0
JD_11471701,2021-02-28,17,10,16,0,0,0,1
JD_11471700,2021-02-28,6,2,5,0,0,0,0
JD_11471699,2021-02-28,1,1,0,0,0,0,0
JD_11471698,2021-02-28,8,7,2,0,0,0,0
JD_11471697,2021-02-28,36,8,36,0,0,0,0
JD_11471696,2021-02-28,3,3,3,0,0,0,0
JD_11471695,2021-02-28,2,2,1,0,0,0,0
JD_11471694,2021-02-28,0,0,0,0,0,0,0
JD_11471692,2021-02-28,216,135,125,4,0,0,2
JD_11471691,2021-02-28,14,1,13,0,1,0,0
JD_11471690,2021-02-28,6,2,6,0,0,0,0
JD_11471689,2021-02-28,11,5,9,0,0,0,0
JD_11471688,2021-02-28,26,14,19,1,0,0,0
JD_11471686,2021-02-28,4,2,3,0,0,0,0
JD_11471685,2021-02-28,12,2,12,0,0,0,0
JD_11471683,2021-02-28,10,2,9,0,0,0,0
JD_11471682,2021-02-28,722,525,215,1,3,0,5
JD_11471681,2021-02-28,264,152,225,4,1,0,0
JD_11471680,2021-02-28,1095,845,258,9,5,3,2
