JD_12604845,2021-02-28,2931,2503,427,1,0,3,3
JD_12604844,2021-02-28,27,22,5,0,0,0,1
JD_12604843,2021-02-28,1928,1616,311,1,0,0,4
JD_12604842,2021-02-28,2,2,0,0,0,0,0
JD_12604840,2021-02-28,78,62,16,0,0,0,0
JD_12604838,2021-02-28,1,1,0,0,0,0,0
JD_12604837,2021-02-28,6,6,0,0,0,0,0
JD_12604836,2021-02-28,5,4,1,0,0,0,0
JD_12604835,2021-02-28,82,67,15,0,0,0,0
JD_12604834,2021-02-28,114,97,17,0,0,0,0
JD_12604833,2021-02-28,134,111,23,0,0,0,1
JD_12604832,2021-02-28,1004,715,286,2,1,3,4
JD_12604831,2021-02-28,501,428,72,0,1,0,0
JD_12604830,2021-02-28,582,451,131,0,0,0,1
JD_12604829,2021-02-28,202,168,34,0,0,0,0
JD_12604828,2021-02-28,0,0,0,0,0,0,0
JD_12604827,2021-02-28,2,1,1,0,0,0,0
JD_12604826,2021-02-28,158,134,24,0,0,0,0
JD_12604825,2021-02-28,8,5,3,0,0,0,0
JD_12604824,2021-02-28,72,57,15,0,0,0,1
JD_12604822,2021-02-28,16,12,4,0,0,0,0
JD_12604821,2021-02-28,321,285,36,0,0,0,0
JD_12604820,2021-02-28,0,0,0,0,0,0,0
JD_12604819,2021-02-28,7,5,2,0,0,0,0
JD_12604818,2021-02-28,7,6,1,0,0,0,0
JD_12604817,2021-02-28,146,127,19,0,0,1,0
JD_12604816,2021-02-28,32,25,7,0,0,1,0
JD_12604815,2021-02-28,154,123,30,0,1,1,0
JD_12604814,2021-02-28,835,709,123,2,1,1,2
JD_12604813,2021-02-28,1863,1599,253,3,8,1,7
JD_12604812,2021-02-28,4,4,0,0,0,0,0
JD_12604811,2021-02-28,177,150,26,0,1,0,0
JD_12604810,2021-02-28,4,3,1,0,0,0,0
JD_12604809,2021-02-28,4,4,0,0,0,0,0
JD_12604808,2021-02-28,37,25,12,0,0,0,0
JD_12604807,2021-02-28,193,161,32,0,0,0,0
JD_12603001,2021-02-28,25,22,3,0,0,0,0
JD_12603000,2021-02-28,0,0,0,0,0,0,0
JD_12602999,2021-02-28,0,0,0,0,0,0,0
JD_12602998,2021-02-28,2,2,0,0,0,0,0
JD_12602997,2021-02-28,0,0,0,0,0,0,0
JD_12602996,2021-02-28,0,0,0,0,0,0,0
JD_12602995,2021-02-28,1,1,0,0,0,0,0
JD_12602994,2021-02-28,65,59,6,0,0,0,0
JD_12602993,2021-02-28,2,2,0,0,0,0,0
JD_12602992,2021-02-28,66,50,16,0,0,0,0
JD_12602991,2021-02-28,3,3,0,0,0,0,0
JD_12602990,2021-02-28,19,18,1,0,0,0,0
JD_12602989,2021-02-28,0,0,0,0,0,0,0
JD_12602988,2021-02-28,1,1,0,0,0,0,0
JD_12602987,2021-02-28,1,0,1,0,0,0,0
JD_12602986,2021-02-28,22,20,2,0,0,0,0
JD_12602985,2021-02-28,1,1,0,0,0,0,0
JD_12602984,2021-02-28,21,17,4,0,0,0,0
JD_12602983,2021-02-28,2,2,0,0,0,0,0
JD_12602982,2021-02-28,79,68,11,0,0,0,0
JD_12602981,2021-02-28,2,1,1,0,0,0,0
JD_12602980,2021-02-28,21,19,2,0,0,0,0
JD_12602979,2021-02-28,2,1,1,0,0,0,0
JD_12602978,2021-02-28,191,154,36,1,0,1,0
JD_12602977,2021-02-28,13,11,2,0,0,0,0
JD_12602976,2021-02-28,358,312,46,0,0,0,0
JD_12602975,2021-02-28,774,656,118,0,0,3,1
JD_12602974,2021-02-28,0,0,0,0,0,0,0
JD_12602973,2021-02-28,12041,10508,1526,5,2,28,8
JD_12602972,2021-02-28,1227,1018,207,1,1,1,1
JD_12602971,2021-02-28,537,465,71,1,0,1,2
JD_12602970,2021-02-28,8,6,2,0,0,0,0
JD_12602969,2021-02-28,218,187,31,0,0,1,1
JD_12602968,2021-02-28,19,18,1,0,0,0,0
