JD_11656968,2021-02-28,161,74,131,1,0,0,0
JD_11656967,2021-02-28,69,11,62,2,1,0,0
JD_11656966,2021-02-28,151,63,110,2,0,0,0
JD_11656965,2021-02-28,505,407,230,1,2,0,2
JD_11656964,2021-02-28,28,25,8,0,0,0,0
JD_11656963,2021-02-28,7,5,4,0,0,0,0
JD_11656962,2021-02-28,0,0,0,0,0,0,0
JD_11656961,2021-02-28,55,40,28,0,0,0,0
JD_11656960,2021-02-28,97,71,58,0,1,0,0
JD_11656959,2021-02-28,106,47,82,1,0,0,0
JD_11656958,2021-02-28,107,5,105,2,0,0,0
JD_11656957,2021-02-28,2,0,2,0,0,0,0
JD_11656956,2021-02-28,186,136,104,0,0,0,0
JD_11656955,2021-02-28,14,10,6,0,0,0,0
JD_11656954,2021-02-28,5,4,2,0,0,0,0
JD_11656953,2021-02-28,40,29,21,0,0,0,0
JD_11656952,2021-02-28,24,15,15,0,0,0,0
JD_11656951,2021-02-28,4,4,2,0,0,0,0
JD_11656950,2021-02-28,59,44,35,0,0,0,0
JD_11656949,2021-02-28,17,12,9,0,0,0,0
JD_11656948,2021-02-28,3,2,2,0,0,0,0
JD_11656947,2021-02-28,85,63,39,0,0,0,1
JD_11656946,2021-02-28,19,15,11,0,0,0,0
JD_11656945,2021-02-28,42,32,28,0,0,0,0
JD_11656944,2021-02-28,0,0,0,0,0,0,0
JD_11656943,2021-02-28,40,22,20,0,2,0,0
JD_11656942,2021-02-28,42,21,32,0,0,0,0
JD_11656940,2021-02-28,87,61,34,0,0,0,0
JD_11656939,2021-02-28,0,0,0,0,0,0,0
JD_11656866,2021-02-28,4669,2732,3164,22,11,2,7
JD_11656865,2021-02-28,66,22,66,0,0,0,0
JD_11656864,2021-02-28,15,12,12,0,0,0,0
JD_11656863,2021-02-28,2,2,2,0,0,0,0
JD_11656862,2021-02-28,17,9,15,0,0,0,0
JD_11656861,2021-02-28,38,20,38,0,0,0,1
JD_11656860,2021-02-28,20,10,20,0,0,0,0
JD_11656859,2021-02-28,38,30,25,0,0,0,0
JD_11656858,2021-02-28,26,16,24,0,0,0,0
JD_11656857,2021-02-28,36,19,36,0,0,0,0
JD_11656856,2021-02-28,19,12,16,0,0,0,0
JD_11656855,2021-02-28,0,0,0,0,0,0,0
JD_11656854,2021-02-28,20,15,20,0,0,0,0
JD_11656853,2021-02-28,28,18,28,0,0,0,0
JD_11656852,2021-02-28,27,18,13,0,0,0,0
JD_11656851,2021-02-28,10,8,8,0,0,0,0
JD_11656850,2021-02-28,12,8,5,0,0,0,0
JD_11656849,2021-02-28,40,26,40,0,0,0,0
JD_11656848,2021-02-28,8,2,8,0,0,1,0
JD_11656847,2021-02-28,38,30,20,0,0,0,0
JD_11656846,2021-02-28,258,195,152,0,0,0,1
JD_11656845,2021-02-28,0,0,0,0,0,0,0
JD_11656843,2021-02-28,5,4,2,0,0,0,0
JD_11656842,2021-02-28,1,1,0,0,0,0,0
JD_11656840,2021-02-28,1,0,1,0,0,0,0
JD_11656839,2021-02-28,3,0,3,0,0,0,0
JD_11656838,2021-02-28,2,1,2,0,0,0,0
JD_11656837,2021-02-28,3,0,2,1,0,0,0
JD_11656836,2021-02-28,0,0,0,0,0,0,0
JD_11656835,2021-02-28,3,2,3,0,0,0,0
JD_11656834,2021-02-28,0,0,0,0,0,0,0
JD_11656833,2021-02-28,2,1,2,0,0,0,0
JD_11656832,2021-02-28,3,0,3,0,0,0,0
JD_11656831,2021-02-28,1,1,1,0,0,0,0
JD_11656830,2021-02-28,1,0,1,0,0,0,0
JD_11656829,2021-02-28,1,0,1,0,0,0,0
JD_11656827,2021-02-28,1,1,0,0,0,0,0
JD_11656826,2021-02-28,0,0,0,0,0,0,0
JD_11656825,2021-02-28,5,2,4,0,0,0,0
JD_11656824,2021-02-28,0,0,0,0,0,0,0
JD_11656823,2021-02-28,0,0,0,0,0,0,0
