JD_11322289,2021-02-28,0,0,0,0,0,0,0
JD_11322288,2021-02-28,30,18,20,2,0,0,0
JD_11322287,2021-02-28,11,7,8,0,0,0,0
JD_11322286,2021-02-28,35,22,35,0,0,0,0
JD_11322285,2021-02-28,23,11,14,0,0,0,0
JD_11322284,2021-02-28,2,0,2,0,0,0,0
JD_11322282,2021-02-28,83,25,81,0,2,0,0
JD_11322281,2021-02-28,13,4,8,1,0,0,0
JD_11322280,2021-02-28,16,11,12,1,0,0,0
JD_11322278,2021-02-28,1,0,1,0,0,0,0
JD_11322275,2021-02-28,0,0,0,0,0,0,0
JD_11322274,2021-02-28,38,25,25,0,0,0,0
JD_11322270,2021-02-28,7,3,4,0,0,0,0
JD_11322269,2021-02-28,1,1,1,0,0,0,0
JD_11322268,2021-02-28,4,2,2,0,0,0,0
JD_11322267,2021-02-28,3,2,1,0,0,0,0
JD_11322266,2021-02-28,7,3,5,0,0,0,0
JD_11322265,2021-02-28,6,4,5,0,0,0,0
JD_11322264,2021-02-28,0,0,0,0,0,0,0
JD_11322263,2021-02-28,2,1,1,0,0,0,0
JD_11322261,2021-02-28,10,9,5,0,0,0,0
JD_11322260,2021-02-28,119,0,117,0,2,0,0
JD_11322259,2021-02-28,518,383,238,0,2,0,1
JD_11322258,2021-02-28,275,177,258,1,0,1,1
JD_11322257,2021-02-28,6,6,2,0,0,0,0
JD_11322255,2021-02-28,27,19,17,0,0,0,0
JD_11322253,2021-02-28,19,17,7,0,0,0,0
JD_11322250,2021-02-28,3,1,2,0,0,0,0
JD_11322247,2021-02-28,0,0,0,0,0,0,0
JD_11322246,2021-02-28,0,0,0,0,0,0,0
JD_11322244,2021-02-28,232,156,155,0,0,0,0
JD_11322243,2021-02-28,107,61,63,0,0,0,1
JD_11322240,2021-02-28,0,0,0,0,0,0,0
JD_11322239,2021-02-28,1,1,0,0,0,0,0
JD_11322237,2021-02-28,3,3,0,0,0,0,0
JD_11322236,2021-02-28,129,18,123,0,1,0,2
JD_11322234,2021-02-28,1,1,0,0,0,0,0
JD_11322232,2021-02-28,144,15,131,2,1,0,1
JD_11322229,2021-02-28,0,0,0,0,0,0,0
JD_11322228,2021-02-28,0,0,0,0,0,0,0
JD_11322216,2021-02-28,0,0,0,0,0,0,0
JD_11322212,2021-02-28,0,0,0,0,0,0,0
JD_11322211,2021-02-28,8,3,6,0,0,0,0
JD_11322210,2021-02-28,9,6,5,0,0,0,0
JD_11322209,2021-02-28,3,1,3,0,0,0,0
JD_11322205,2021-02-28,6,0,6,0,0,0,0
JD_11322203,2021-02-28,0,0,0,0,0,0,0
JD_11322199,2021-02-28,0,0,0,0,0,0,0
JD_11322194,2021-02-28,0,0,0,0,0,0,0
JD_11322193,2021-02-28,0,0,0,0,0,0,0
JD_11322192,2021-02-28,0,0,0,0,0,0,0
JD_11322190,2021-02-28,0,0,0,0,0,0,0
JD_11322188,2021-02-28,0,0,0,0,0,0,0
JD_11322187,2021-02-28,0,0,0,0,0,0,0
JD_11322186,2021-02-28,0,0,0,0,0,0,0
JD_11322184,2021-02-28,0,0,0,0,0,0,0
JD_11322182,2021-02-28,0,0,0,0,0,0,0
JD_11322180,2021-02-28,3,3,1,0,0,0,0
JD_11322177,2021-02-28,4,2,2,0,0,0,0
JD_11322175,2021-02-28,0,0,0,0,0,0,0
JD_11322171,2021-02-28,14,9,10,0,1,0,0
JD_11322166,2021-02-28,0,0,0,0,0,0,0
JD_11322163,2021-02-28,0,0,0,0,0,0,0
JD_11322144,2021-02-28,0,0,0,0,0,0,0
JD_11322143,2021-02-28,0,0,0,0,0,0,0
JD_11322140,2021-02-28,1,1,0,0,0,0,0
JD_11322135,2021-02-28,4,3,4,0,0,0,0
JD_11322134,2021-02-28,46,31,31,1,0,0,0
JD_11322133,2021-02-28,16,9,12,0,1,0,0
JD_11322132,2021-02-28,32,22,28,1,0,0,0
