JD_11543667,2021-02-28,0,0,0,0,0,0,0
JD_11543659,2021-02-28,0,0,0,0,0,0,0
JD_11543657,2021-02-28,0,0,0,0,0,0,0
JD_11543644,2021-02-28,0,0,0,0,0,0,0
JD_11543636,2021-02-28,0,0,0,0,0,0,0
JD_11543631,2021-02-28,175,125,133,0,0,0,2
JD_11543630,2021-02-28,5,2,3,0,0,0,0
JD_11543629,2021-02-28,2,0,2,0,0,0,0
JD_11543627,2021-02-28,11,0,11,0,0,0,0
JD_11543626,2021-02-28,37,19,28,0,0,0,0
JD_11543624,2021-02-28,60,36,33,3,0,0,0
JD_11543623,2021-02-28,4,0,3,1,0,0,0
JD_11543622,2021-02-28,14,10,8,0,0,0,0
JD_11543620,2021-02-28,16,14,5,0,0,0,0
JD_11543619,2021-02-28,36,15,28,0,0,0,0
JD_11543618,2021-02-28,10,3,8,0,0,0,0
JD_11543617,2021-02-28,0,0,0,0,0,0,0
JD_11543616,2021-02-28,1,1,0,0,0,0,0
JD_11543615,2021-02-28,0,0,0,0,0,0,0
JD_11543614,2021-02-28,0,0,0,0,0,0,0
JD_11543613,2021-02-28,0,0,0,0,0,0,0
JD_11543612,2021-02-28,0,0,0,0,0,0,0
JD_11543611,2021-02-28,1,0,1,0,0,0,0
JD_11543610,2021-02-28,0,0,0,0,0,0,0
JD_11543609,2021-02-28,0,0,0,0,0,0,0
JD_11543608,2021-02-28,1,0,1,0,0,0,0
JD_11543607,2021-02-28,7,3,6,0,0,0,0
JD_11543606,2021-02-28,159,107,98,0,0,0,0
JD_11543604,2021-02-28,6,4,5,0,0,0,0
JD_11543603,2021-02-28,172,0,152,16,4,0,0
JD_11543601,2021-02-28,19,0,17,1,1,0,0
JD_11543599,2021-02-28,1,1,0,0,0,0,0
JD_11543598,2021-02-28,20,18,8,0,0,0,0
JD_11543597,2021-02-28,35,17,29,0,0,0,0
JD_11543596,2021-02-28,1,1,1,0,0,0,0
JD_11543595,2021-02-28,2,2,2,0,0,0,0
JD_11543594,2021-02-28,158,0,137,12,9,0,0
JD_11543593,2021-02-28,115,0,103,8,4,0,0
JD_11543592,2021-02-28,4,2,2,0,0,0,0
JD_11543591,2021-02-28,2,1,2,0,0,0,0
JD_11543590,2021-02-28,3,0,3,0,0,0,0
JD_11543589,2021-02-28,22,18,6,0,0,0,0
JD_11543588,2021-02-28,1,0,1,0,0,0,0
JD_11543587,2021-02-28,3,0,3,0,0,0,0
JD_11543586,2021-02-28,4,4,2,0,0,0,0
JD_11543585,2021-02-28,5,4,3,0,0,0,0
JD_11543584,2021-02-28,342,43,312,10,1,0,0
JD_11543583,2021-02-28,2,2,1,0,0,0,0
JD_11543582,2021-02-28,7,4,5,0,0,0,0
JD_11543581,2021-02-28,0,0,0,0,0,0,0
JD_11543580,2021-02-28,0,0,0,0,0,0,0
JD_11543578,2021-02-28,222,144,157,1,2,0,1
JD_11543576,2021-02-28,0,0,0,0,0,0,0
JD_11543573,2021-02-28,32,0,28,4,0,0,0
JD_11543572,2021-02-28,21,0,20,1,0,0,0
JD_11543571,2021-02-28,1,0,1,0,0,0,0
JD_11543570,2021-02-28,108,52,63,1,0,0,0
JD_11543567,2021-02-28,2,0,2,0,0,0,0
JD_11543566,2021-02-28,0,0,0,0,0,0,0
JD_11543565,2021-02-28,5,3,3,0,0,0,0
JD_11543564,2021-02-28,238,34,220,5,0,0,0
JD_11543560,2021-02-28,4,2,4,0,0,0,0
JD_11543559,2021-02-28,2,0,2,0,0,0,0
JD_11543558,2021-02-28,77,13,71,2,1,0,0
JD_11543557,2021-02-28,1,1,0,0,0,0,0
JD_11543556,2021-02-28,4,1,3,0,0,0,0
JD_11543555,2021-02-28,25,18,16,0,0,0,0
JD_11543554,2021-02-28,59,0,57,1,1,0,1
JD_11543552,2021-02-28,30,17,19,0,0,0,0
JD_11543551,2021-02-28,11,9,6,0,0,0,0
