JD_11542581,2021-02-28,40,5,40,0,0,0,0
JD_11542580,2021-02-28,137,75,122,0,0,0,1
JD_11542579,2021-02-28,303,145,239,5,3,0,1
JD_11542578,2021-02-28,461,194,450,7,2,1,1
JD_11542577,2021-02-28,197,114,174,0,1,0,1
JD_11542576,2021-02-28,95,57,85,0,0,0,0
JD_11542575,2021-02-28,112,64,99,2,0,0,1
JD_11542574,2021-02-28,125,75,113,0,0,0,0
JD_11542573,2021-02-28,50,27,48,1,0,0,0
JD_11542572,2021-02-28,164,88,145,1,1,0,1
JD_11542569,2021-02-28,30,20,24,1,0,0,0
JD_11542567,2021-02-28,6,5,5,0,0,0,0
JD_11542560,2021-02-28,168,76,162,1,0,0,2
JD_11542558,2021-02-28,61,29,47,1,1,0,0
JD_11542557,2021-02-28,25,0,24,1,0,0,0
JD_11542556,2021-02-28,157,131,61,1,0,0,0
JD_11542553,2021-02-28,6,3,6,0,0,0,0
JD_11542552,2021-02-28,3,3,2,0,0,0,0
JD_11542551,2021-02-28,14,7,11,0,0,0,0
JD_11542550,2021-02-28,550,384,493,0,1,0,0
JD_11542549,2021-02-28,497,329,497,0,0,1,1
JD_11542548,2021-02-28,441,322,356,1,0,1,0
JD_11542547,2021-02-28,1285,996,735,3,1,2,11
JD_11542546,2021-02-28,1112,808,791,2,3,0,2
JD_11542545,2021-02-28,445,312,328,1,1,0,1
JD_11542544,2021-02-28,52,18,50,1,1,0,0
JD_11542543,2021-02-28,1404,985,1393,9,2,1,4
JD_11542542,2021-02-28,419,312,304,0,1,0,0
JD_11542541,2021-02-28,856,582,853,2,1,1,2
JD_11542540,2021-02-28,6,3,4,0,0,0,0
JD_11542539,2021-02-28,774,598,470,3,2,0,4
JD_11542538,2021-02-28,32,23,32,0,0,0,1
JD_11542537,2021-02-28,1406,899,1400,3,1,0,7
JD_11542536,2021-02-28,12,0,12,0,0,0,0
JD_11542534,2021-02-28,710,184,589,13,3,0,1
JD_11542533,2021-02-28,23,6,22,0,0,0,0
JD_11542532,2021-02-28,35,14,35,0,0,0,0
JD_11542530,2021-02-28,51,12,49,2,0,0,0
JD_11542528,2021-02-28,85,66,62,0,0,0,0
JD_11542527,2021-02-28,1895,801,1878,14,2,1,4
JD_11542526,2021-02-28,25,11,20,1,0,0,0
JD_11542525,2021-02-28,59,37,53,0,0,0,0
JD_11542524,2021-02-28,40,21,34,0,0,0,0
JD_11542523,2021-02-28,0,0,0,0,0,0,0
JD_11542521,2021-02-28,59,0,56,2,1,0,0
JD_11542519,2021-02-28,58,38,54,0,0,0,0
JD_11542518,2021-02-28,39,27,31,0,0,0,0
JD_11542517,2021-02-28,562,272,553,1,1,1,2
JD_11542515,2021-02-28,236,0,225,9,2,0,0
JD_11542514,2021-02-28,23,16,16,0,0,0,0
JD_11542513,2021-02-28,96,1,93,2,1,0,0
JD_11542512,2021-02-28,126,31,113,2,3,1,0
JD_11542511,2021-02-28,58,1,52,3,3,0,0
JD_11542510,2021-02-28,350,226,344,4,1,0,2
JD_11542509,2021-02-28,36,6,36,0,0,0,0
JD_11542507,2021-02-28,0,0,0,0,0,0,0
JD_11542506,2021-02-28,610,488,249,0,0,0,1
JD_11542505,2021-02-28,0,0,0,0,0,0,0
JD_11542504,2021-02-28,261,44,230,11,2,0,0
JD_11542503,2021-02-28,261,0,243,11,7,0,0
JD_11542502,2021-02-28,79,3,73,2,4,0,0
JD_11542499,2021-02-28,0,0,0,0,0,0,0
JD_11542496,2021-02-28,122,64,89,4,0,0,1
JD_11542495,2021-02-28,41,26,24,0,0,1,0
JD_11542491,2021-02-28,31,13,22,0,0,0,0
JD_11542490,2021-02-28,0,0,0,0,0,0,0
JD_11542489,2021-02-28,21,9,17,0,0,0,0
JD_11542488,2021-02-28,16,13,10,0,0,0,0
JD_11542487,2021-02-28,4,1,4,0,0,0,0
JD_11542486,2021-02-28,26,13,21,0,0,0,0
