JD_11455612,2021-02-28,200,137,135,0,0,0,1
JD_11455609,2021-02-28,81,22,68,1,1,0,0
JD_11455608,2021-02-28,0,0,0,0,0,0,0
JD_11455606,2021-02-28,7,0,7,0,0,0,0
JD_11455605,2021-02-28,4,0,4,0,0,0,0
JD_11455602,2021-02-28,13,4,13,0,0,0,0
JD_11455601,2021-02-28,6,0,6,0,0,0,0
JD_11455600,2021-02-28,395,216,386,0,1,0,0
JD_11455599,2021-02-28,701,454,536,1,1,0,0
JD_11455594,2021-02-28,8,0,8,0,0,0,0
JD_11455590,2021-02-28,348,216,208,1,1,1,1
JD_11455588,2021-02-28,356,212,241,0,0,0,2
JD_11455587,2021-02-28,2,2,1,0,0,0,0
JD_11455586,2021-02-28,105,72,67,1,0,1,0
JD_11455585,2021-02-28,62,27,51,0,1,0,1
JD_11455584,2021-02-28,55,0,53,0,2,0,0
JD_11455583,2021-02-28,15,9,8,0,0,0,1
JD_11455582,2021-02-28,24,18,11,0,0,0,0
JD_11455581,2021-02-28,219,171,87,1,0,0,1
JD_11455580,2021-02-28,82,70,43,0,0,0,0
JD_11455579,2021-02-28,66,41,35,0,1,0,0
JD_11455578,2021-02-28,28,20,8,0,1,0,0
JD_11455576,2021-02-28,8,2,8,0,0,0,0
JD_11455575,2021-02-28,21,18,6,0,0,0,0
JD_11455574,2021-02-28,41,33,18,0,0,0,0
JD_11455571,2021-02-28,4,0,4,0,0,0,0
JD_11455570,2021-02-28,73,51,58,0,0,0,2
JD_11455569,2021-02-28,46,32,26,0,0,0,0
JD_11455568,2021-02-28,7,5,4,0,0,0,0
JD_11455567,2021-02-28,60,38,39,0,0,0,0
JD_11455566,2021-02-28,41,29,40,0,0,0,0
JD_11455565,2021-02-28,4,3,2,0,0,0,0
JD_11455564,2021-02-28,1,1,0,0,0,0,0
JD_11455563,2021-02-28,170,128,79,0,0,0,0
JD_11455562,2021-02-28,1,1,0,0,0,0,0
JD_11455561,2021-02-28,1,0,1,0,0,0,0
JD_11455560,2021-02-28,1,1,1,0,0,0,0
JD_11455559,2021-02-28,8,7,5,0,0,0,0
JD_11455558,2021-02-28,1,0,1,0,0,0,0
JD_11455556,2021-02-28,4,4,0,0,0,0,0
JD_11455555,2021-02-28,245,151,242,2,0,0,1
JD_11455554,2021-02-28,40,28,18,0,0,0,0
JD_11455553,2021-02-28,0,0,0,0,0,0,0
JD_11455552,2021-02-28,2,1,1,0,0,0,0
JD_11455551,2021-02-28,66,26,63,1,0,0,0
JD_11455550,2021-02-28,30,22,10,0,0,0,0
JD_11455549,2021-02-28,15,0,15,0,0,0,0
JD_11455548,2021-02-28,2,1,1,0,0,0,0
JD_11455547,2021-02-28,303,239,175,0,0,0,0
JD_11455546,2021-02-28,6,3,4,0,0,0,0
JD_11455545,2021-02-28,21,12,18,0,0,0,0
JD_11455544,2021-02-28,23,14,15,0,0,0,0
JD_11455543,2021-02-28,7,2,6,0,0,0,0
JD_11455542,2021-02-28,7,0,6,1,0,0,0
JD_11455541,2021-02-28,8,2,5,2,0,0,0
JD_11455540,2021-02-28,14,2,11,2,0,0,0
JD_11455539,2021-02-28,14,13,8,0,0,0,0
JD_11455538,2021-02-28,10,6,9,0,0,0,0
JD_11455537,2021-02-28,4,1,4,0,0,0,0
JD_11455536,2021-02-28,100,50,77,1,5,0,0
JD_11455535,2021-02-28,180,6,167,6,5,0,0
JD_11455534,2021-02-28,138,0,132,5,1,0,0
JD_11455533,2021-02-28,1035,40,1003,24,8,0,1
JD_11455532,2021-02-28,6735,1410,6325,98,55,1,11
JD_11455531,2021-02-28,21,4,20,0,1,0,0
JD_11455530,2021-02-28,1585,10,1511,55,17,0,0
JD_11455528,2021-02-28,1,1,0,0,0,0,0
JD_11455527,2021-02-28,8,6,4,0,0,0,0
JD_11455526,2021-02-28,36,28,12,0,0,0,1
JD_11455525,2021-02-28,36,28,24,0,0,0,0
