JD_11427642,2021-02-28,6,3,5,0,0,0,0
JD_11427641,2021-02-28,0,0,0,0,0,0,0
JD_11427635,2021-02-28,11,0,11,0,0,0,0
JD_11427634,2021-02-28,8,0,8,0,0,0,0
JD_11427633,2021-02-28,21,7,21,0,0,0,0
JD_11427632,2021-02-28,48,36,16,0,0,0,0
JD_11427631,2021-02-28,3,1,2,0,0,0,0
JD_11427629,2021-02-28,4,1,4,0,0,0,0
JD_11427628,2021-02-28,11,2,9,0,0,0,0
JD_11427626,2021-02-28,1,1,0,0,0,0,0
JD_11427625,2021-02-28,6,5,4,0,0,0,0
JD_11427622,2021-02-28,0,0,0,0,0,0,0
JD_11427621,2021-02-28,2,1,1,0,0,0,0
JD_11427619,2021-02-28,59,36,42,0,0,0,0
JD_11427618,2021-02-28,1,1,0,0,0,0,0
JD_11427617,2021-02-28,20,8,14,0,1,0,0
JD_11427616,2021-02-28,47,38,14,0,0,0,0
JD_11427615,2021-02-28,2,1,2,0,0,0,0
JD_11427612,2021-02-28,2,1,2,0,0,0,0
JD_11427610,2021-02-28,352,232,287,0,0,0,1
JD_11427607,2021-02-28,65,46,38,1,0,0,0
JD_11427604,2021-02-28,15,4,15,0,0,0,0
JD_11427603,2021-02-28,80,54,79,0,0,0,0
JD_11427602,2021-02-28,33,22,23,0,1,0,0
JD_11427596,2021-02-28,0,0,0,0,0,0,0
JD_11427595,2021-02-28,5,2,5,0,0,0,1
JD_11427593,2021-02-28,0,0,0,0,0,0,0
JD_11427592,2021-02-28,0,0,0,0,0,0,0
JD_11427586,2021-02-28,0,0,0,0,0,0,0
JD_11427585,2021-02-28,7,5,3,0,0,0,0
JD_11427583,2021-02-28,6,2,5,0,0,0,0
JD_11427582,2021-02-28,2,0,2,0,0,0,0
JD_11427581,2021-02-28,3,2,1,0,0,0,0
JD_11427579,2021-02-28,2,1,1,0,0,0,0
JD_11427578,2021-02-28,15,12,2,1,0,0,0
JD_11427577,2021-02-28,21,11,9,0,1,0,0
JD_11427576,2021-02-28,134,87,88,0,1,0,0
JD_11427571,2021-02-28,0,0,0,0,0,0,0
JD_11427569,2021-02-28,6,6,4,0,0,0,0
JD_11427568,2021-02-28,4,3,1,0,0,0,0
JD_11427567,2021-02-28,0,0,0,0,0,0,0
JD_11427564,2021-02-28,0,0,0,0,0,0,0
JD_11427562,2021-02-28,73,68,26,0,1,0,0
JD_11427560,2021-02-28,0,0,0,0,0,0,0
JD_11427559,2021-02-28,0,0,0,0,0,0,0
JD_11427558,2021-02-28,0,0,0,0,0,0,0
JD_11427554,2021-02-28,9,1,9,0,0,0,0
JD_11427553,2021-02-28,4,2,2,0,0,0,0
JD_11427550,2021-02-28,7,6,5,0,0,0,0
JD_11427548,2021-02-28,7,5,5,0,0,0,0
JD_11427547,2021-02-28,5,3,4,0,0,0,0
JD_11427545,2021-02-28,20,16,10,0,0,0,0
JD_11427544,2021-02-28,3,2,1,0,0,0,0
JD_11427543,2021-02-28,0,0,0,0,0,0,0
JD_11427541,2021-02-28,2,0,2,0,0,0,0
JD_11427540,2021-02-28,0,0,0,0,0,0,0
JD_11427539,2021-02-28,7,5,5,0,0,0,0
JD_11427537,2021-02-28,1,1,0,0,0,0,0
JD_11427536,2021-02-28,33,22,23,2,0,0,0
JD_11427535,2021-02-28,7,2,5,0,0,0,0
JD_11427534,2021-02-28,5,4,1,0,0,0,0
JD_11427532,2021-02-28,8,6,4,0,0,0,0
JD_11427531,2021-02-28,8,4,5,0,0,0,0
JD_11427530,2021-02-28,720,637,94,0,0,0,0
JD_11427529,2021-02-28,20,2,19,1,0,0,0
JD_11427528,2021-02-28,12,7,9,0,0,0,0
JD_11427527,2021-02-28,13,0,13,0,0,0,0
JD_11427526,2021-02-28,0,0,0,0,0,0,0
JD_11427525,2021-02-28,5,3,4,0,0,0,0
JD_11427523,2021-02-28,0,0,0,0,0,0,0
