JD_11458714,2021-02-28,5,4,5,0,0,0,0
JD_11458713,2021-02-28,0,0,0,0,0,0,0
JD_11458711,2021-02-28,5,2,5,0,0,0,0
JD_11458710,2021-02-28,10,4,10,0,0,0,0
JD_11458707,2021-02-28,37,27,16,0,0,0,0
JD_11458699,2021-02-28,41,28,16,0,0,0,1
JD_11458695,2021-02-28,2,0,2,0,0,0,0
JD_11458693,2021-02-28,24,21,8,0,0,0,0
JD_11458692,2021-02-28,73,32,59,0,0,0,0
JD_11458691,2021-02-28,32,30,13,1,0,0,0
JD_11458688,2021-02-28,0,0,0,0,0,0,0
JD_11458685,2021-02-28,1,0,1,0,0,0,0
JD_11458684,2021-02-28,0,0,0,0,0,0,0
JD_11458683,2021-02-28,297,231,131,1,1,1,0
JD_11458682,2021-02-28,1,0,1,0,0,0,0
JD_11458681,2021-02-28,0,0,0,0,0,0,0
JD_11458677,2021-02-28,290,218,134,0,2,0,1
JD_11458676,2021-02-28,0,0,0,0,0,0,0
JD_11458670,2021-02-28,25,17,10,0,0,0,0
JD_11458669,2021-02-28,61,39,57,0,1,0,0
JD_11458668,2021-02-28,8,5,5,0,0,0,0
JD_11458667,2021-02-28,8,4,8,0,0,0,0
JD_11458666,2021-02-28,0,0,0,0,0,0,0
JD_11458664,2021-02-28,19,10,17,0,0,0,1
JD_11458663,2021-02-28,12,1,11,1,0,0,1
JD_11458662,2021-02-28,1,0,1,0,0,0,0
JD_11458658,2021-02-28,8,3,7,0,0,0,1
JD_11458656,2021-02-28,0,0,0,0,0,0,0
JD_11458655,2021-02-28,1,1,1,0,0,0,0
JD_11458653,2021-02-28,1,1,1,0,0,0,0
JD_11458651,2021-02-28,0,0,0,0,0,0,0
JD_11458650,2021-02-28,0,0,0,0,0,0,0
JD_11458648,2021-02-28,0,0,0,0,0,0,0
JD_11458647,2021-02-28,2,2,0,0,0,0,0
JD_11458646,2021-02-28,0,0,0,0,0,0,0
JD_11458645,2021-02-28,2,0,2,0,0,0,0
JD_11458643,2021-02-28,0,0,0,0,0,0,0
JD_11458642,2021-02-28,2,2,1,0,0,0,0
JD_11458640,2021-02-28,0,0,0,0,0,0,0
JD_11458637,2021-02-28,0,0,0,0,0,0,0
JD_11458636,2021-02-28,0,0,0,0,0,0,0
JD_11458635,2021-02-28,25,14,13,1,0,0,0
JD_11458634,2021-02-28,5,4,3,0,0,0,0
JD_11458633,2021-02-28,7,4,4,0,0,0,0
JD_11458632,2021-02-28,29,0,29,0,0,0,0
JD_11458631,2021-02-28,7,5,4,0,0,0,0
JD_11458630,2021-02-28,4,4,2,0,0,0,0
JD_11458628,2021-02-28,0,0,0,0,0,0,0
JD_11458627,2021-02-28,3,2,3,0,0,0,0
JD_11458626,2021-02-28,1,0,1,0,0,0,0
JD_11458625,2021-02-28,0,0,0,0,0,0,0
JD_11458624,2021-02-28,13,9,10,0,0,0,0
JD_11458623,2021-02-28,11,7,8,0,0,0,0
JD_11458622,2021-02-28,4,3,1,0,0,0,0
JD_11458621,2021-02-28,6,0,6,0,0,0,0
JD_11458620,2021-02-28,2,2,2,0,0,0,0
JD_11458619,2021-02-28,1,1,0,0,0,0,0
JD_11458618,2021-02-28,0,0,0,0,0,0,0
JD_11458617,2021-02-28,2,1,2,0,0,0,0
JD_11458616,2021-02-28,0,0,0,0,0,0,0
JD_11458615,2021-02-28,0,0,0,0,0,0,0
JD_11458614,2021-02-28,5,1,5,0,0,0,0
JD_11458613,2021-02-28,3,2,3,0,0,0,0
JD_11458612,2021-02-28,6,4,5,0,0,0,0
JD_11458611,2021-02-28,3,0,3,0,0,0,0
JD_11458610,2021-02-28,0,0,0,0,0,0,0
JD_11458609,2021-02-28,0,0,0,0,0,0,0
JD_11458608,2021-02-28,64,0,60,4,0,0,0
JD_11458607,2021-02-28,84,0,83,0,1,0,0
JD_11458605,2021-02-28,215,29,209,4,2,0,0
