JD_12118540,2021-02-28,14,12,10,0,0,0,0
JD_12118539,2021-02-28,0,0,0,0,0,0,0
JD_12118538,2021-02-28,3,1,3,0,0,0,0
JD_12118537,2021-02-28,1,0,1,0,0,0,0
JD_12118536,2021-02-28,548,423,249,5,1,1,3
JD_12118535,2021-02-28,0,0,0,0,0,0,0
JD_12118534,2021-02-28,316,239,268,1,0,1,0
JD_12118533,2021-02-28,79,31,78,0,1,0,0
JD_12118532,2021-02-28,7,5,1,0,1,0,0
JD_12118531,2021-02-28,8135,6638,2359,11,4,38,14
JD_12118530,2021-02-28,14,11,4,0,0,0,0
JD_12118529,2021-02-28,26,25,7,0,0,0,0
JD_12118528,2021-02-28,10,10,4,0,0,0,0
JD_12118527,2021-02-28,13,11,12,0,0,0,0
JD_12118526,2021-02-28,13,10,8,0,0,0,0
JD_12118525,2021-02-28,34,21,25,0,0,0,0
JD_12118524,2021-02-28,34,26,17,0,0,0,0
JD_12118523,2021-02-28,11,9,11,0,0,0,0
JD_12118522,2021-02-28,45,23,30,0,0,0,0
JD_12118521,2021-02-28,24,16,24,0,0,0,0
JD_12118520,2021-02-28,12,7,10,0,0,0,0
JD_12118519,2021-02-28,1,1,0,0,0,0,0
JD_12118518,2021-02-28,507,408,211,1,2,0,1
JD_12118517,2021-02-28,11,9,10,0,0,0,0
JD_12118516,2021-02-28,8,6,5,1,0,0,0
JD_12118515,2021-02-28,6,6,3,0,0,0,0
JD_12118514,2021-02-28,56,40,32,1,0,0,0
JD_12118513,2021-02-28,20,15,18,0,0,0,0
JD_12118512,2021-02-28,13,10,8,1,0,0,0
JD_12118511,2021-02-28,23,17,13,0,0,0,0
JD_12118510,2021-02-28,16,12,15,1,0,0,0
JD_12118267,2021-02-28,184,140,158,0,0,0,0
JD_12118265,2021-02-28,23,18,18,0,0,0,0
JD_12118264,2021-02-28,4,2,4,0,0,0,0
JD_12118263,2021-02-28,25,19,13,0,0,0,0
JD_12118262,2021-02-28,155,103,107,3,1,1,1
JD_12118261,2021-02-28,22,16,16,1,0,0,0
JD_12118260,2021-02-28,312,261,198,3,0,0,1
JD_12118259,2021-02-28,6538,4735,6267,12,6,6,20
JD_12118258,2021-02-28,6,2,6,0,0,0,0
JD_12118257,2021-02-28,84,53,73,0,0,0,2
JD_12118256,2021-02-28,8,5,4,0,0,0,1
JD_12118255,2021-02-28,6420,4946,4608,8,6,11,12
JD_12118254,2021-02-28,0,0,0,0,0,0,0
JD_12118253,2021-02-28,97,78,35,3,1,0,1
JD_12118252,2021-02-28,4,0,4,0,0,0,0
JD_12118251,2021-02-28,155,128,47,0,0,0,0
JD_12118250,2021-02-28,1,0,1,0,0,0,0
JD_12118249,2021-02-28,62,48,16,1,1,0,0
JD_12118248,2021-02-28,113,83,106,1,0,0,0
JD_12118246,2021-02-28,2,2,0,0,0,0,0
JD_12118245,2021-02-28,8,6,3,0,0,0,0
JD_12118244,2021-02-28,5,3,5,0,0,0,0
JD_12118243,2021-02-28,769,609,429,6,2,0,1
JD_12118241,2021-02-28,77,61,59,0,0,0,0
JD_12118240,2021-02-28,6,0,5,0,1,0,0
JD_12118239,2021-02-28,34,24,19,0,0,0,0
JD_12118238,2021-02-28,1,0,1,0,0,0,0
JD_12118236,2021-02-28,3,0,3,0,0,0,0
JD_12118235,2021-02-28,18,17,12,0,0,0,0
JD_12118234,2021-02-28,4,3,1,0,0,0,0
JD_12118232,2021-02-28,4,4,2,0,0,0,0
JD_12118230,2021-02-28,145,74,145,0,0,0,0
JD_12118228,2021-02-28,16,12,14,0,0,0,0
JD_12118227,2021-02-28,38,32,16,0,0,0,0
JD_12118226,2021-02-28,16,11,10,0,0,0,0
JD_12118225,2021-02-28,2017,1621,1583,7,3,1,12
JD_12118224,2021-02-28,6,6,3,0,0,0,0
JD_12118223,2021-02-28,2368,2041,1192,13,10,0,6
JD_12118222,2021-02-28,8,5,3,0,0,0,0
