JD_11579070,2021-02-28,6,3,6,0,0,0,0
JD_11579069,2021-02-28,32,28,4,0,0,0,0
JD_11579068,2021-02-28,232,170,130,0,1,0,1
JD_11579066,2021-02-28,6,3,5,0,0,0,0
JD_11579065,2021-02-28,102,0,94,6,2,0,0
JD_11579064,2021-02-28,4,2,3,0,0,0,0
JD_11579063,2021-02-28,352,241,337,4,1,0,0
JD_11579062,2021-02-28,35,8,30,1,1,0,0
JD_11579061,2021-02-28,644,292,574,3,4,0,0
JD_11579058,2021-02-28,1,1,0,0,0,0,0
JD_11579057,2021-02-28,13,11,6,0,0,0,0
JD_11579056,2021-02-28,2,1,2,0,0,0,0
JD_11579054,2021-02-28,5457,1325,4991,180,85,0,10
JD_11579053,2021-02-28,0,0,0,0,0,0,0
JD_11579051,2021-02-28,0,0,0,0,0,0,0
JD_11579044,2021-02-28,35,1,35,0,0,0,0
JD_11579041,2021-02-28,1,0,1,0,0,0,0
JD_11579036,2021-02-28,0,0,0,0,0,0,0
JD_11579032,2021-02-28,1,0,1,0,0,0,0
JD_11579030,2021-02-28,5,0,5,0,0,0,0
JD_11579029,2021-02-28,6,1,6,0,0,0,0
JD_11579028,2021-02-28,4,2,3,0,0,0,0
JD_11579026,2021-02-28,56,3,54,1,1,0,0
JD_11579025,2021-02-28,2217,1356,1541,3,0,2,8
JD_11579022,2021-02-28,104,7,103,0,0,0,0
JD_11579021,2021-02-28,39,23,27,0,0,0,0
JD_11579020,2021-02-28,53,33,30,0,2,0,1
JD_11579019,2021-02-28,283,204,152,1,0,0,1
JD_11579018,2021-02-28,634,308,496,0,2,2,3
JD_11579017,2021-02-28,43,25,25,0,0,0,0
JD_11579016,2021-02-28,40,29,15,0,0,0,0
JD_11579014,2021-02-28,28,3,27,0,0,0,0
JD_11579013,2021-02-28,102,77,59,0,1,0,1
JD_11579011,2021-02-28,3183,2509,2166,4,2,1,4
JD_11579009,2021-02-28,31,16,21,1,1,0,0
JD_11579007,2021-02-28,22,9,15,1,0,0,0
JD_11579006,2021-02-28,4,4,0,0,0,0,0
JD_11579005,2021-02-28,19,9,19,0,0,0,0
JD_11579004,2021-02-28,0,0,0,0,0,0,0
JD_11579003,2021-02-28,6,4,3,0,0,0,0
JD_11578752,2021-02-28,0,0,0,0,0,0,0
JD_11578751,2021-02-28,0,0,0,0,0,0,0
JD_11578750,2021-02-28,1,1,0,0,0,0,0
JD_11578749,2021-02-28,1,1,1,0,0,0,0
JD_11578748,2021-02-28,1,1,0,0,0,0,0
JD_11578747,2021-02-28,0,0,0,0,0,0,0
JD_11578746,2021-02-28,0,0,0,0,0,0,0
JD_11578745,2021-02-28,0,0,0,0,0,0,0
JD_11578744,2021-02-28,0,0,0,0,0,0,0
JD_11578743,2021-02-28,1,1,1,0,0,0,0
JD_11578742,2021-02-28,2,0,2,0,0,0,0
JD_11578741,2021-02-28,1,0,1,0,0,0,0
JD_11578740,2021-02-28,0,0,0,0,0,0,0
JD_11578739,2021-02-28,1,1,0,0,0,0,0
JD_11578738,2021-02-28,1,1,0,0,0,0,0
JD_11578734,2021-02-28,0,0,0,0,0,0,0
JD_11578733,2021-02-28,1,0,1,0,0,0,0
JD_11578732,2021-02-28,0,0,0,0,0,0,0
JD_11578731,2021-02-28,3,1,2,0,0,0,0
JD_11578730,2021-02-28,0,0,0,0,0,0,0
JD_11578728,2021-02-28,3,0,3,0,0,0,0
JD_11578727,2021-02-28,0,0,0,0,0,0,0
JD_11578725,2021-02-28,0,0,0,0,0,0,0
JD_11578723,2021-02-28,0,0,0,0,0,0,0
JD_11578722,2021-02-28,1,1,0,0,0,0,0
JD_11578721,2021-02-28,0,0,0,0,0,0,0
JD_11578720,2021-02-28,0,0,0,0,0,0,0
JD_11578719,2021-02-28,1,1,0,0,0,0,0
JD_11578718,2021-02-28,0,0,0,0,0,0,0
JD_11578717,2021-02-28,0,0,0,0,0,0,0
