JD_11599553,2021-02-28,128,101,72,1,0,0,0
JD_11599552,2021-02-28,23,17,15,0,0,0,0
JD_11599551,2021-02-28,25,19,12,1,0,0,0
JD_11599550,2021-02-28,4,1,3,0,0,0,0
JD_11599549,2021-02-28,22,15,12,0,0,0,0
JD_11599548,2021-02-28,220,152,141,0,0,0,1
JD_11599547,2021-02-28,114,57,112,2,0,0,0
JD_11599546,2021-02-28,162,114,81,2,1,1,0
JD_11599545,2021-02-28,118,71,117,1,0,0,0
JD_11599544,2021-02-28,31,3,28,0,1,0,0
JD_11599543,2021-02-28,1,1,1,0,0,0,0
JD_11599542,2021-02-28,16,12,5,0,0,0,0
JD_11599541,2021-02-28,46,11,45,0,0,0,0
JD_11599540,2021-02-28,15,8,8,1,0,0,0
JD_11599539,2021-02-28,34,4,29,3,1,0,0
JD_11599538,2021-02-28,36,29,15,0,0,1,0
JD_11599537,2021-02-28,13,9,6,0,0,0,0
JD_11599534,2021-02-28,48,25,36,0,1,0,0
JD_11599518,2021-02-28,3,2,3,0,0,0,0
JD_11599517,2021-02-28,72,2,71,1,0,0,0
JD_11599516,2021-02-28,1713,635,1687,20,4,0,3
JD_11599515,2021-02-28,1183,193,1144,18,3,1,0
JD_11599513,2021-02-28,6,2,6,0,0,0,0
JD_11599512,2021-02-28,8,4,4,0,0,0,0
JD_11599511,2021-02-28,191,120,126,1,0,0,1
JD_11599510,2021-02-28,72,50,45,0,0,0,0
JD_11599508,2021-02-28,166,0,159,4,3,0,0
JD_11599507,2021-02-28,167,21,148,2,0,0,0
JD_11599505,2021-02-28,34,4,34,0,0,0,0
JD_11599504,2021-02-28,15,12,11,0,0,0,0
JD_11599503,2021-02-28,57,44,33,0,0,0,0
JD_11599502,2021-02-28,50,35,31,0,0,0,0
JD_11599498,2021-02-28,14,9,12,1,0,0,0
JD_11599497,2021-02-28,152,122,82,0,0,0,0
JD_11599496,2021-02-28,21,18,10,0,0,0,0
JD_11599495,2021-02-28,9,6,7,0,0,0,0
JD_11599494,2021-02-28,27,11,25,0,0,0,0
JD_11599493,2021-02-28,26,5,25,1,0,0,0
JD_11599492,2021-02-28,18,5,18,0,0,0,0
JD_11599491,2021-02-28,15,10,14,0,0,0,0
JD_11599227,2021-02-28,3,1,3,0,0,0,0
JD_11599226,2021-02-28,14,12,7,0,0,0,1
JD_11599224,2021-02-28,6,3,6,0,0,0,0
JD_11599223,2021-02-28,3,0,3,0,0,0,0
JD_11599222,2021-02-28,7,4,7,0,0,0,0
JD_11599221,2021-02-28,2846,1614,2077,12,0,2,5
JD_11599218,2021-02-28,11,5,8,0,0,0,0
JD_11599216,2021-02-28,2,2,1,0,0,0,0
JD_11599215,2021-02-28,4,0,4,0,0,0,0
JD_11599214,2021-02-28,20,12,10,0,0,0,1
JD_11599213,2021-02-28,1,1,1,0,0,0,0
JD_11599212,2021-02-28,28,22,20,0,0,0,0
JD_11599211,2021-02-28,9,8,5,0,0,0,0
JD_11599210,2021-02-28,8,4,4,1,0,0,0
JD_11599209,2021-02-28,5,3,5,0,0,0,0
JD_11599208,2021-02-28,3,1,3,0,0,0,0
JD_11599207,2021-02-28,5,4,5,0,0,0,0
JD_11599204,2021-02-28,23,12,19,0,0,0,0
JD_11599203,2021-02-28,8,4,8,0,0,0,0
JD_11599200,2021-02-28,0,0,0,0,0,0,0
JD_11599198,2021-02-28,9,0,9,0,0,0,0
JD_11599196,2021-02-28,5,3,3,0,0,0,0
JD_11599195,2021-02-28,27,19,16,0,0,0,0
JD_11599194,2021-02-28,13,4,12,0,0,0,0
JD_11599193,2021-02-28,13,6,8,0,0,0,1
JD_11599191,2021-02-28,3,2,1,0,0,0,0
JD_11599190,2021-02-28,0,0,0,0,0,0,0
JD_11599189,2021-02-28,6,6,2,0,0,0,0
JD_11599188,2021-02-28,7,5,6,0,0,0,0
JD_11599187,2021-02-28,4,3,2,0,0,0,0
