JD_11470627,2021-02-28,1,0,1,0,0,0,0
JD_11470626,2021-02-28,0,0,0,0,0,0,0
JD_11470625,2021-02-28,1,0,1,0,0,0,0
JD_11470624,2021-02-28,0,0,0,0,0,0,0
JD_11470623,2021-02-28,12,6,7,0,0,0,0
JD_11470619,2021-02-28,0,0,0,0,0,0,0
JD_11470618,2021-02-28,50,35,28,0,0,0,1
JD_11470617,2021-02-28,4,3,2,0,0,0,0
JD_11470616,2021-02-28,2,0,2,0,0,0,0
JD_11470612,2021-02-28,20,3,19,1,0,0,0
JD_11470611,2021-02-28,1,0,1,0,0,0,0
JD_11470610,2021-02-28,8,4,6,0,0,0,0
JD_11470607,2021-02-28,7,6,4,0,0,0,0
JD_11470605,2021-02-28,21,15,14,0,0,0,0
JD_11470604,2021-02-28,14,7,10,0,0,0,0
JD_11470603,2021-02-28,20,13,17,0,1,0,0
JD_11470602,2021-02-28,12,6,9,0,0,0,0
JD_11470601,2021-02-28,32,18,17,0,1,0,0
JD_11470599,2021-02-28,20,11,15,0,0,0,0
JD_11470598,2021-02-28,5,4,4,0,0,0,0
JD_11470597,2021-02-28,2,0,2,0,0,0,0
JD_11470596,2021-02-28,1,1,1,0,0,0,0
JD_11470594,2021-02-28,0,0,0,0,0,0,0
JD_11470593,2021-02-28,22,11,18,0,0,0,0
JD_11470592,2021-02-28,0,0,0,0,0,0,0
JD_11470591,2021-02-28,0,0,0,0,0,0,0
JD_11470589,2021-02-28,5,1,5,0,0,0,0
JD_11470588,2021-02-28,7,4,7,0,0,0,0
JD_11470586,2021-02-28,14,5,14,0,0,0,0
JD_11470585,2021-02-28,12,9,6,0,0,0,0
JD_11470582,2021-02-28,3,1,3,0,0,0,0
JD_11470581,2021-02-28,2,0,2,0,0,0,0
JD_11470580,2021-02-28,0,0,0,0,0,0,0
JD_11470579,2021-02-28,29,9,28,0,0,0,0
JD_11470578,2021-02-28,7,4,5,0,0,0,0
JD_11470577,2021-02-28,9,4,6,1,0,0,0
JD_11470576,2021-02-28,0,0,0,0,0,0,0
JD_11470575,2021-02-28,0,0,0,0,0,0,0
JD_11470573,2021-02-28,41,32,21,0,0,0,0
JD_11470572,2021-02-28,0,0,0,0,0,0,0
JD_11470570,2021-02-28,0,0,0,0,0,0,0
JD_11470569,2021-02-28,0,0,0,0,0,0,0
JD_11470568,2021-02-28,0,0,0,0,0,0,0
JD_11470567,2021-02-28,15,9,11,0,0,0,0
JD_11470566,2021-02-28,10,7,4,1,0,0,0
JD_11470565,2021-02-28,1707,1229,1085,8,5,2,1
JD_11470564,2021-02-28,358,287,189,0,0,0,0
JD_11470563,2021-02-28,27,20,16,0,0,0,0
JD_11470562,2021-02-28,1,0,1,0,0,0,0
JD_11470561,2021-02-28,5,5,2,0,0,0,0
JD_11470560,2021-02-28,28,9,26,2,0,0,0
JD_11470559,2021-02-28,59,39,31,0,0,0,0
JD_11470558,2021-02-28,0,0,0,0,0,0,0
JD_11470557,2021-02-28,4,4,0,0,0,0,0
JD_11470555,2021-02-28,57,38,42,0,1,0,1
JD_11470554,2021-02-28,1,0,1,0,0,0,0
JD_11470553,2021-02-28,4,1,4,0,0,0,0
JD_11470552,2021-02-28,54,39,36,0,0,0,0
JD_11470550,2021-02-28,8,1,6,2,0,0,0
JD_11470549,2021-02-28,5,1,5,0,0,0,0
JD_11470548,2021-02-28,0,0,0,0,0,0,0
JD_11470547,2021-02-28,15,11,4,0,0,0,0
JD_11470546,2021-02-28,0,0,0,0,0,0,0
JD_11470545,2021-02-28,0,0,0,0,0,0,0
JD_11470543,2021-02-28,16,10,11,0,0,0,0
JD_11470542,2021-02-28,0,0,0,0,0,0,0
JD_11470539,2021-02-28,4,0,3,1,0,0,0
JD_11470538,2021-02-28,206,156,182,1,0,0,0
JD_11470537,2021-02-28,0,0,0,0,0,0,0
JD_11470535,2021-02-28,39,31,15,1,0,0,0
