JD_11288864,2021-02-28,72,42,36,1,0,0,1
JD_11288863,2021-02-28,9,4,6,0,0,0,0
JD_11288861,2021-02-28,6,3,5,0,0,0,0
JD_11288860,2021-02-28,0,0,0,0,0,0,0
JD_11288859,2021-02-28,1,0,1,0,0,0,0
JD_11288856,2021-02-28,107,0,104,2,1,0,0
JD_11288854,2021-02-28,249,184,101,1,0,0,0
JD_11288852,2021-02-28,0,0,0,0,0,0,0
JD_11288850,2021-02-28,0,0,0,0,0,0,0
JD_11288845,2021-02-28,0,0,0,0,0,0,0
JD_11288844,2021-02-28,12,11,6,0,1,0,0
JD_11288843,2021-02-28,0,0,0,0,0,0,0
JD_11288842,2021-02-28,514,223,508,4,0,0,1
JD_11288840,2021-02-28,188,0,178,7,3,0,0
JD_11288839,2021-02-28,33,12,32,1,0,0,0
JD_11288836,2021-02-28,45,36,23,0,0,0,0
JD_11288835,2021-02-28,48,19,45,0,0,0,0
JD_11288833,2021-02-28,131,97,73,1,1,0,0
JD_11288831,2021-02-28,1,0,1,0,0,0,0
JD_11288830,2021-02-28,4,3,1,0,0,0,0
JD_11288828,2021-02-28,1264,43,1245,10,8,0,1
JD_11288827,2021-02-28,928,182,909,13,6,0,2
JD_11288826,2021-02-28,573,97,563,7,3,0,0
JD_11288825,2021-02-28,988,19,956,26,6,0,0
JD_11288824,2021-02-28,980,111,958,18,4,1,1
JD_11288822,2021-02-28,288,0,282,6,0,0,0
JD_11288821,2021-02-28,32,0,32,0,0,0,0
JD_11288820,2021-02-28,284,0,272,10,2,0,0
JD_11288818,2021-02-28,1,1,0,0,0,0,0
JD_11288817,2021-02-28,149,118,46,0,0,0,0
JD_11288816,2021-02-28,89,73,25,0,1,0,0
JD_11288814,2021-02-28,28,18,15,0,1,0,0
JD_11288813,2021-02-28,41,26,18,0,1,0,0
JD_11288811,2021-02-28,31,20,19,0,1,0,0
JD_11288810,2021-02-28,122,96,35,1,0,0,0
JD_11288806,2021-02-28,1109,593,663,3,6,1,4
JD_11288804,2021-02-28,0,0,0,0,0,0,0
JD_11288800,2021-02-28,0,0,0,0,0,0,0
JD_11288799,2021-02-28,2,0,2,0,0,0,0
JD_11288798,2021-02-28,0,0,0,0,0,0,0
JD_11288797,2021-02-28,0,0,0,0,0,0,0
JD_11288791,2021-02-28,0,0,0,0,0,0,0
JD_11288788,2021-02-28,0,0,0,0,0,0,0
JD_11288773,2021-02-28,0,0,0,0,0,0,0
JD_11288771,2021-02-28,0,0,0,0,0,0,0
JD_11288766,2021-02-28,0,0,0,0,0,0,0
JD_11288765,2021-02-28,0,0,0,0,0,0,0
JD_11288764,2021-02-28,0,0,0,0,0,0,0
JD_11288762,2021-02-28,0,0,0,0,0,0,0
JD_11288761,2021-02-28,0,0,0,0,0,0,0
JD_11288759,2021-02-28,0,0,0,0,0,0,0
JD_11288758,2021-02-28,0,0,0,0,0,0,0
JD_11288750,2021-02-28,0,0,0,0,0,0,0
JD_11288749,2021-02-28,0,0,0,0,0,0,0
JD_11288746,2021-02-28,0,0,0,0,0,0,0
JD_11288738,2021-02-28,1,0,1,0,0,0,0
JD_11288737,2021-02-28,1,0,1,0,0,0,0
JD_11288735,2021-02-28,0,0,0,0,0,0,0
JD_11288733,2021-02-28,0,0,0,0,0,0,0
JD_11288730,2021-02-28,0,0,0,0,0,0,0
JD_11288725,2021-02-28,0,0,0,0,0,0,0
JD_11288718,2021-02-28,0,0,0,0,0,0,0
JD_11288709,2021-02-28,0,0,0,0,0,0,0
JD_11288708,2021-02-28,0,0,0,0,0,0,0
JD_11288705,2021-02-28,0,0,0,0,0,0,0
JD_11288698,2021-02-28,0,0,0,0,0,0,0
JD_11288691,2021-02-28,4,0,4,0,0,0,0
JD_11288680,2021-02-28,0,0,0,0,0,0,0
JD_11288677,2021-02-28,0,0,0,0,0,0,0
JD_11288676,2021-02-28,2,0,2,0,0,0,0
