JD_11459756,2021-02-28,49,28,31,0,0,0,0
JD_11459754,2021-02-28,3,2,2,0,0,0,0
JD_11459753,2021-02-28,3,3,2,0,0,0,0
JD_11459752,2021-02-28,193,0,188,3,2,0,0
JD_11459751,2021-02-28,87,6,82,5,0,0,0
JD_11459750,2021-02-28,13,0,13,0,0,0,0
JD_11459749,2021-02-28,16,5,15,1,0,0,0
JD_11459748,2021-02-28,12,4,10,0,0,0,0
JD_11459747,2021-02-28,11,4,9,0,0,0,0
JD_11459746,2021-02-28,10,0,10,0,0,0,0
JD_11459745,2021-02-28,27,4,25,0,0,0,0
JD_11459744,2021-02-28,36,11,29,0,1,1,0
JD_11459743,2021-02-28,44,5,43,1,0,0,0
JD_11459741,2021-02-28,274,82,211,12,1,0,0
JD_11459740,2021-02-28,226,134,154,0,3,0,2
JD_11459739,2021-02-28,20,4,20,0,0,0,0
JD_11459738,2021-02-28,11,1,10,0,0,0,0
JD_11459737,2021-02-28,35,10,29,1,1,0,0
JD_11459736,2021-02-28,31,8,28,2,1,0,0
JD_11459735,2021-02-28,7,5,5,0,0,0,0
JD_11459734,2021-02-28,31,16,22,0,0,1,0
JD_11459733,2021-02-28,10,3,7,1,0,0,0
JD_11459732,2021-02-28,301,0,278,15,8,0,0
JD_11459731,2021-02-28,6,1,6,0,0,0,0
JD_11459730,2021-02-28,666,2,639,17,9,0,0
JD_11459729,2021-02-28,0,0,0,0,0,0,0
JD_11459728,2021-02-28,105,4,99,4,2,0,0
JD_11459727,2021-02-28,3,0,3,0,0,0,0
JD_11459726,2021-02-28,5,0,5,0,0,0,0
JD_11459725,2021-02-28,8,3,8,0,0,0,0
JD_11459724,2021-02-28,67,0,64,2,1,0,0
JD_11459722,2021-02-28,111,12,104,5,2,0,0
JD_11459721,2021-02-28,1,1,1,0,0,0,0
JD_11459720,2021-02-28,1,0,1,0,0,0,0
JD_11459719,2021-02-28,124,4,111,6,4,0,0
JD_11459718,2021-02-28,20,8,20,0,0,0,0
JD_11459717,2021-02-28,1,0,1,0,0,0,0
JD_11459716,2021-02-28,64,55,17,0,0,0,0
JD_11459715,2021-02-28,35,15,32,0,0,0,0
JD_11459714,2021-02-28,19,12,10,0,0,0,0
JD_11459713,2021-02-28,6,2,6,0,0,0,0
JD_11459712,2021-02-28,5,4,5,0,0,0,0
JD_11459711,2021-02-28,186,135,130,0,1,0,0
JD_11459710,2021-02-28,11,5,10,0,0,0,0
JD_11459709,2021-02-28,0,0,0,0,0,0,0
JD_11459708,2021-02-28,33,15,21,2,0,0,0
JD_11459707,2021-02-28,1,0,1,0,0,0,0
JD_11459706,2021-02-28,4,1,3,0,0,0,0
JD_11459705,2021-02-28,0,0,0,0,0,0,0
JD_11459704,2021-02-28,1,1,1,0,0,0,0
JD_11459703,2021-02-28,20,9,18,1,0,0,0
JD_11459702,2021-02-28,23,16,19,0,0,0,0
JD_11459701,2021-02-28,9,4,9,0,0,0,0
JD_11459700,2021-02-28,1,0,1,0,0,0,0
JD_11459699,2021-02-28,3,2,2,0,0,0,0
JD_11459698,2021-02-28,59,40,55,1,0,0,0
JD_11459697,2021-02-28,12,9,10,0,1,0,0
JD_11459696,2021-02-28,1,1,0,0,0,0,0
JD_11459695,2021-02-28,109,81,43,1,0,0,0
JD_11459693,2021-02-28,6,2,5,0,0,0,0
JD_11459684,2021-02-28,2,2,2,0,0,0,0
JD_11459683,2021-02-28,11,8,7,0,0,0,0
JD_11459671,2021-02-28,177,0,169,2,6,0,1
JD_11459670,2021-02-28,79,0,75,3,1,0,0
JD_11459669,2021-02-28,26,0,25,1,0,0,0
JD_11459668,2021-02-28,5,0,4,1,0,0,0
JD_11459667,2021-02-28,180,7,170,4,3,0,0
JD_11459666,2021-02-28,51,28,42,1,0,0,0
JD_11459662,2021-02-28,40,21,40,1,0,1,0
JD_11459661,2021-02-28,270,14,265,3,1,0,0
