JD_11358684,2021-02-28,21,0,20,1,0,0,0
JD_11358683,2021-02-28,273,6,266,5,2,0,0
JD_11358682,2021-02-28,3440,2878,1781,3,5,2,4
JD_11358680,2021-02-28,1635,868,1301,2,0,0,6
JD_11358679,2021-02-28,39,0,36,3,0,0,0
JD_11358678,2021-02-28,201,0,198,2,1,0,0
JD_11358677,2021-02-28,218,47,211,4,2,0,0
JD_11358676,2021-02-28,775,71,759,8,3,0,1
JD_11358675,2021-02-28,69,2,66,2,0,0,0
JD_11358674,2021-02-28,534,205,435,7,0,0,0
JD_11358673,2021-02-28,4600,1382,4450,63,13,4,5
JD_11358672,2021-02-28,6414,4531,3552,10,2,1,9
JD_11358670,2021-02-28,21,0,19,1,1,0,1
JD_11358669,2021-02-28,530,0,510,18,2,0,0
JD_11358668,2021-02-28,2,1,1,0,0,0,0
JD_11358667,2021-02-28,57,41,25,1,0,0,0
JD_11358666,2021-02-28,6,4,5,0,0,0,0
JD_11358665,2021-02-28,57,43,17,0,0,0,0
JD_11358663,2021-02-28,23,8,23,0,0,0,0
JD_11358662,2021-02-28,157,5,151,2,4,0,0
JD_11358660,2021-02-28,16,13,4,0,0,0,0
JD_11358659,2021-02-28,8,6,4,0,0,0,0
JD_11358656,2021-02-28,4,2,3,0,0,0,0
JD_11358655,2021-02-28,3,2,1,0,0,0,0
JD_11358654,2021-02-28,22,11,19,0,0,0,0
JD_11358653,2021-02-28,3,1,3,0,0,0,0
JD_11358652,2021-02-28,192,126,125,1,0,0,0
JD_11358651,2021-02-28,186,122,119,2,1,0,2
JD_11358650,2021-02-28,116,77,79,0,0,0,1
JD_11358649,2021-02-28,9,7,4,0,0,0,0
JD_11358648,2021-02-28,164,107,89,0,0,0,0
JD_11358647,2021-02-28,168,112,111,1,1,0,0
JD_11358646,2021-02-28,1439,1116,1030,5,0,1,1
JD_11358644,2021-02-28,62,9,57,2,0,0,0
JD_11358641,2021-02-28,99,50,72,2,0,0,0
JD_11358640,2021-02-28,48,28,32,1,0,0,0
JD_11358639,2021-02-28,53,27,50,0,0,0,0
JD_11358638,2021-02-28,132,77,91,2,1,0,1
JD_11358637,2021-02-28,104,66,77,0,1,1,0
JD_11358636,2021-02-28,18,9,18,0,0,0,2
JD_11358635,2021-02-28,228,37,214,1,0,0,1
JD_11358634,2021-02-28,9,7,7,0,0,0,0
JD_11358633,2021-02-28,84,41,82,0,0,0,0
JD_11358626,2021-02-28,1,0,0,1,0,1,0
JD_11358624,2021-02-28,41,17,41,0,0,0,0
JD_11358622,2021-02-28,39,14,36,1,0,1,1
JD_11358616,2021-02-28,2,2,1,0,0,0,0
JD_11358615,2021-02-28,2,1,2,0,0,0,0
JD_11358612,2021-02-28,6,5,2,0,1,0,0
JD_11358611,2021-02-28,6,4,2,0,1,0,0
JD_11358610,2021-02-28,9,5,3,1,1,0,0
JD_11358609,2021-02-28,462,0,445,12,5,0,0
JD_11358606,2021-02-28,30,0,28,1,1,0,1
JD_11358605,2021-02-28,20,0,17,3,0,0,0
JD_11358604,2021-02-28,455,0,442,11,2,0,0
JD_11358602,2021-02-28,39,2,36,3,0,0,0
JD_11358599,2021-02-28,14,8,9,0,0,0,0
JD_11358598,2021-02-28,9,3,9,0,0,0,0
JD_11358596,2021-02-28,8,6,4,0,0,0,0
JD_11358595,2021-02-28,23,10,22,0,0,0,0
JD_11358594,2021-02-28,18,4,18,0,0,0,0
JD_11358593,2021-02-28,1,1,0,0,0,0,0
JD_11358591,2021-02-28,5,5,4,0,0,0,0
JD_11358590,2021-02-28,1,1,0,0,0,0,0
JD_11358588,2021-02-28,1,1,0,0,0,0,0
JD_11358587,2021-02-28,67,3,63,2,2,0,0
JD_11358586,2021-02-28,96,47,92,3,0,0,0
JD_11358584,2021-02-28,2,1,2,0,0,0,0
JD_11358583,2021-02-28,10,1,6,2,1,0,0
JD_11358582,2021-02-28,2,0,2,0,0,0,0
