JD_11926311,2021-02-28,2,0,2,0,0,0,0
JD_11926310,2021-02-28,62,53,21,0,0,0,0
JD_11926309,2021-02-28,0,0,0,0,0,0,0
JD_11926308,2021-02-28,9,6,5,0,0,0,0
JD_11926307,2021-02-28,4,0,4,0,0,0,0
JD_11926306,2021-02-28,10865,6852,9281,11,6,52,34
JD_11926305,2021-02-28,32,15,30,0,0,0,0
JD_11926304,2021-02-28,5067,3625,3582,10,2,2,8
JD_11926303,2021-02-28,11,5,10,0,1,0,0
JD_11926302,2021-02-28,24,19,14,0,0,0,0
JD_11926301,2021-02-28,28,18,27,0,0,0,0
JD_11926300,2021-02-28,148,117,135,0,0,1,1
JD_11926299,2021-02-28,5,3,1,0,1,0,0
JD_11926298,2021-02-28,729,407,670,4,3,1,1
JD_11926297,2021-02-28,3,2,2,0,0,0,0
JD_11926296,2021-02-28,163,99,153,1,0,0,0
JD_11926295,2021-02-28,14,5,9,2,0,0,0
JD_11926294,2021-02-28,55,39,44,1,0,0,0
JD_11926293,2021-02-28,368,258,243,0,2,0,0
JD_11926292,2021-02-28,136,100,69,0,0,0,2
JD_11926291,2021-02-28,278,222,147,2,0,0,0
JD_11926290,2021-02-28,47,26,28,0,0,0,0
JD_11926289,2021-02-28,895,689,546,1,0,0,2
JD_11926288,2021-02-28,29,19,12,1,0,0,0
JD_11926287,2021-02-28,313,210,197,0,1,0,0
JD_11926286,2021-02-28,16,6,14,0,0,0,0
JD_11926285,2021-02-28,203,158,159,1,0,0,1
JD_11926284,2021-02-28,9,3,8,0,0,0,0
JD_11926282,2021-02-28,14,5,12,0,0,0,0
JD_11926281,2021-02-28,28,18,17,0,0,0,0
JD_11926280,2021-02-28,19,6,17,0,0,0,0
JD_11926279,2021-02-28,72,59,21,1,0,0,0
JD_11926278,2021-02-28,10,5,9,0,0,0,0
JD_11926277,2021-02-28,65,31,61,1,0,0,0
JD_11926276,2021-02-28,18,6,16,0,0,0,0
JD_11926275,2021-02-28,64,39,45,0,0,0,0
JD_11926274,2021-02-28,31,25,17,0,0,0,0
JD_11926273,2021-02-28,62,48,46,1,0,0,0
JD_11926272,2021-02-28,13,7,13,0,0,0,0
JD_11926271,2021-02-28,645,527,266,1,1,0,1
JD_11926270,2021-02-28,4435,3225,2528,11,4,6,10
JD_11926269,2021-02-28,376,290,355,1,1,2,3
JD_11926268,2021-02-28,148,81,108,0,0,0,2
JD_11926267,2021-02-28,211,0,210,1,0,0,3
JD_11925839,2021-02-28,0,0,0,0,0,0,0
JD_11925838,2021-02-28,216,177,69,0,0,0,0
JD_11925837,2021-02-28,12,10,6,1,0,0,0
JD_11925836,2021-02-28,229,185,118,0,0,0,0
JD_11925835,2021-02-28,6,4,3,0,0,0,0
JD_11925834,2021-02-28,3,2,1,0,0,0,0
JD_11925833,2021-02-28,51,40,35,0,0,0,1
JD_11925832,2021-02-28,264,226,94,0,0,0,0
JD_11925831,2021-02-28,1,1,1,0,0,0,0
JD_11925830,2021-02-28,3,3,0,0,0,0,0
JD_11925828,2021-02-28,80,49,43,0,0,0,0
JD_11925827,2021-02-28,127,108,43,0,0,0,0
JD_11925826,2021-02-28,33,12,26,0,0,0,0
JD_11925825,2021-02-28,5,3,4,0,0,0,0
JD_11925824,2021-02-28,68,41,42,1,0,0,1
JD_11925823,2021-02-28,0,0,0,0,0,0,0
JD_11925822,2021-02-28,9,8,6,0,0,0,0
JD_11925820,2021-02-28,159,122,85,0,0,0,0
JD_11925818,2021-02-28,50,28,36,0,0,0,0
JD_11925816,2021-02-28,83,64,46,1,0,0,1
JD_11925814,2021-02-28,31,15,25,0,0,0,0
JD_11925812,2021-02-28,6,5,2,0,0,0,0
JD_11925811,2021-02-28,0,0,0,0,0,0,0
JD_11925810,2021-02-28,41,24,26,2,0,0,0
JD_11925809,2021-02-28,25,22,25,0,0,0,0
JD_11925808,2021-02-28,20,8,20,0,0,0,0
