JD_11405239,2021-02-28,2,1,2,0,0,0,0
JD_11405238,2021-02-28,2,0,2,0,0,0,0
JD_11405237,2021-02-28,1,0,1,0,0,0,0
JD_11405236,2021-02-28,0,0,0,0,0,0,0
JD_11405234,2021-02-28,5,0,4,1,0,0,0
JD_11405233,2021-02-28,0,0,0,0,0,0,0
JD_11405231,2021-02-28,138,16,132,4,2,0,0
JD_11405227,2021-02-28,83,35,72,1,0,0,1
JD_11405226,2021-02-28,583,351,373,5,4,0,1
JD_11405224,2021-02-28,3583,2365,2223,4,5,4,3
JD_11405218,2021-02-28,1,0,1,0,0,0,0
JD_11405217,2021-02-28,5,0,4,1,0,0,0
JD_11405216,2021-02-28,37,4,35,2,0,0,0
JD_11405215,2021-02-28,1,0,1,0,0,0,0
JD_11405213,2021-02-28,14,10,11,0,0,0,0
JD_11405212,2021-02-28,7,0,7,0,0,0,0
JD_11405210,2021-02-28,18,4,17,1,0,0,0
JD_11405209,2021-02-28,12565,8343,8566,35,13,16,20
JD_11405208,2021-02-28,109225,80241,56107,210,80,144,229
JD_11405207,2021-02-28,103,47,64,4,1,0,0
JD_11405206,2021-02-28,7,0,7,0,0,0,0
JD_11405205,2021-02-28,96,0,93,3,0,0,0
JD_11405203,2021-02-28,50,0,48,1,1,0,0
JD_11405202,2021-02-28,50,32,22,0,2,0,0
JD_11405201,2021-02-28,11,1,10,1,0,0,0
JD_11405200,2021-02-28,111,74,79,1,0,0,0
JD_11405197,2021-02-28,11,7,7,0,0,0,0
JD_11405196,2021-02-28,32,22,16,1,0,0,0
JD_11405195,2021-02-28,51,20,36,1,0,0,0
JD_11405194,2021-02-28,2,2,0,0,0,0,0
JD_11405193,2021-02-28,4,3,1,0,0,0,0
JD_11405192,2021-02-28,2,2,0,0,0,0,0
JD_11405189,2021-02-28,14,6,9,0,0,0,0
JD_11405188,2021-02-28,4,1,2,1,0,0,0
JD_11405187,2021-02-28,0,0,0,0,0,0,0
JD_11405182,2021-02-28,18,12,16,0,0,0,0
JD_11405177,2021-02-28,4,4,2,0,0,0,0
JD_11405175,2021-02-28,0,0,0,0,0,0,0
JD_11405174,2021-02-28,2,0,2,0,0,0,0
JD_11405173,2021-02-28,0,0,0,0,0,0,0
JD_11405165,2021-02-28,0,0,0,0,0,0,0
JD_11405164,2021-02-28,0,0,0,0,0,0,0
JD_11405163,2021-02-28,5,0,5,0,0,0,0
JD_11405162,2021-02-28,0,0,0,0,0,0,0
JD_11405159,2021-02-28,0,0,0,0,0,0,0
JD_11405155,2021-02-28,2,1,1,0,0,0,0
JD_11405154,2021-02-28,3,2,1,0,0,0,0
JD_11405153,2021-02-28,7,2,6,0,0,0,0
JD_11405152,2021-02-28,0,0,0,0,0,0,0
JD_11405150,2021-02-28,0,0,0,0,0,0,0
JD_11405147,2021-02-28,2,1,1,0,0,0,0
JD_11405146,2021-02-28,0,0,0,0,0,0,0
JD_11405145,2021-02-28,11,7,8,0,0,0,1
JD_11405144,2021-02-28,42,6,40,2,0,0,0
JD_11405143,2021-02-28,10,3,7,0,1,0,0
JD_11405142,2021-02-28,3,1,3,0,0,0,0
JD_11405141,2021-02-28,536,390,271,2,2,1,2
JD_11405140,2021-02-28,117,99,63,0,0,0,0
JD_11405139,2021-02-28,207,33,202,4,1,0,0
JD_11405138,2021-02-28,7,4,5,0,0,0,0
JD_11405137,2021-02-28,6,1,6,0,0,0,0
JD_11405136,2021-02-28,5,2,5,0,0,0,0
JD_11405135,2021-02-28,64,38,35,1,0,0,0
JD_11405132,2021-02-28,76,53,34,0,0,0,0
JD_11405131,2021-02-28,32,26,12,0,0,0,0
JD_11405130,2021-02-28,0,0,0,0,0,0,0
JD_11405129,2021-02-28,0,0,0,0,0,0,0
JD_11405128,2021-02-28,0,0,0,0,0,0,0
JD_11405127,2021-02-28,4,3,3,0,0,0,0
JD_11405125,2021-02-28,29,21,14,0,1,0,0
