JD_12439220,2021-02-28,230,157,117,0,1,0,2
JD_12439219,2021-02-28,2,2,0,0,0,0,0
JD_12439218,2021-02-28,1,1,0,0,0,0,0
JD_12439217,2021-02-28,12,10,2,0,0,0,0
JD_12439216,2021-02-28,109,94,21,0,0,0,0
JD_12439215,2021-02-28,7,3,4,0,0,0,0
JD_12439214,2021-02-28,3,3,0,0,0,0,0
JD_12439213,2021-02-28,18,15,4,0,0,0,0
JD_12439212,2021-02-28,6168,4931,1988,21,14,5,22
JD_12439211,2021-02-28,29,26,3,0,0,0,0
JD_12439210,2021-02-28,15,14,7,0,0,0,0
JD_12439209,2021-02-28,3,3,1,0,0,0,0
JD_12439208,2021-02-28,814,698,370,5,1,4,0
JD_12439207,2021-02-28,60,51,8,1,0,0,0
JD_12439206,2021-02-28,382,306,99,1,1,0,1
JD_12439205,2021-02-28,23,17,7,0,0,0,0
JD_12439204,2021-02-28,32,22,18,0,0,0,0
JD_12439203,2021-02-28,214,186,52,0,0,0,0
JD_12439202,2021-02-28,127,106,49,0,0,0,0
JD_12439201,2021-02-28,17,13,4,0,0,0,0
JD_12439200,2021-02-28,282,184,131,0,0,0,2
JD_12439199,2021-02-28,26,23,5,0,0,0,0
JD_12439198,2021-02-28,53,29,29,0,0,0,0
JD_12439197,2021-02-28,2,2,0,0,0,0,0
JD_12439196,2021-02-28,4294,3565,2844,2,1,4,4
JD_12439195,2021-02-28,243,216,62,0,0,0,1
JD_12439194,2021-02-28,238,201,121,1,0,0,1
JD_12439193,2021-02-28,1,0,1,0,0,0,0
JD_12439192,2021-02-28,536,440,301,1,1,0,0
JD_12439191,2021-02-28,7,7,0,0,0,0,0
JD_12439190,2021-02-28,140,116,35,0,0,0,1
JD_12439189,2021-02-28,14,11,3,0,0,0,0
JD_12439188,2021-02-28,28,25,4,0,0,0,1
JD_12439187,2021-02-28,4,4,0,0,0,0,0
JD_12439186,2021-02-28,2,2,0,0,0,0,0
JD_12439185,2021-02-28,0,0,0,0,0,0,0
JD_12439184,2021-02-28,20,15,14,0,0,0,0
JD_12439183,2021-02-28,26,24,3,0,0,0,0
JD_12439182,2021-02-28,24,20,6,0,1,0,0
JD_12439181,2021-02-28,49,34,22,0,0,0,0
JD_12439180,2021-02-28,0,0,0,0,0,0,0
JD_12439179,2021-02-28,158,134,88,1,0,1,1
JD_12439178,2021-02-28,237,189,73,0,0,0,3
JD_12439177,2021-02-28,9014,7052,5368,9,2,9,20
JD_12439176,2021-02-28,496,393,467,0,1,2,1
JD_12439175,2021-02-28,830,697,467,0,3,2,0
JD_12439174,2021-02-28,197,175,185,0,0,0,1
JD_12439173,2021-02-28,498,358,153,0,0,0,4
JD_12439172,2021-02-28,13,10,5,0,0,0,0
JD_12439171,2021-02-28,15831,12455,4205,5,7,14,21
JD_12439170,2021-02-28,5,5,2,0,0,0,0
JD_12439169,2021-02-28,47,37,22,0,0,0,1
JD_12439168,2021-02-28,73,53,32,0,3,0,0
JD_12439167,2021-02-28,8124,6731,1861,4,1,8,8
JD_12439165,2021-02-28,18,16,2,0,0,0,0
JD_12439164,2021-02-28,1,1,0,0,0,0,0
JD_12439163,2021-02-28,260,207,153,0,1,1,0
JD_12439162,2021-02-28,77,68,9,0,0,0,0
JD_12439161,2021-02-28,0,0,0,0,0,0,0
JD_12439160,2021-02-28,0,0,0,0,0,0,0
JD_12439159,2021-02-28,1,1,0,0,0,0,0
JD_12439158,2021-02-28,7,6,3,0,0,0,0
JD_12439157,2021-02-28,133,83,61,0,0,0,0
JD_12439156,2021-02-28,67,62,8,0,0,0,0
JD_12439155,2021-02-28,51,31,31,0,1,0,0
JD_12439154,2021-02-28,5,5,0,0,0,0,0
JD_12439153,2021-02-28,42,34,17,0,0,0,0
JD_12439152,2021-02-28,10,8,2,0,0,0,0
JD_12439151,2021-02-28,219,181,63,0,2,0,0
JD_12439150,2021-02-28,4,4,0,0,0,0,0
