JD_11287168,2021-02-28,10,0,9,1,0,0,0
JD_11287167,2021-02-28,86,68,45,0,0,0,0
JD_11287166,2021-02-28,7,1,7,0,0,0,0
JD_11287164,2021-02-28,11,3,11,0,0,0,0
JD_11287163,2021-02-28,33,0,31,2,0,0,0
JD_11287162,2021-02-28,6,3,4,0,0,0,0
JD_11287161,2021-02-28,33,0,32,0,1,0,0
JD_11287160,2021-02-28,8,4,7,0,0,0,0
JD_11287159,2021-02-28,0,0,0,0,0,0,0
JD_11287157,2021-02-28,4,2,1,0,1,0,0
JD_11287156,2021-02-28,7,3,4,0,0,0,0
JD_11287155,2021-02-28,29,4,28,0,1,0,0
JD_11287154,2021-02-28,105,9,100,1,1,0,0
JD_11287153,2021-02-28,6,3,3,0,0,0,0
JD_11287152,2021-02-28,11,7,6,0,1,0,0
JD_11287151,2021-02-28,110,80,57,1,0,0,0
JD_11287150,2021-02-28,452,320,275,3,0,2,0
JD_11287149,2021-02-28,369,247,232,1,0,0,0
JD_11287148,2021-02-28,115,89,43,0,0,0,0
JD_11287147,2021-02-28,330,198,217,2,1,0,1
JD_11287146,2021-02-28,359,252,205,0,1,0,0
JD_11287145,2021-02-28,453,324,254,1,1,0,0
JD_11287144,2021-02-28,342,212,227,0,0,0,1
JD_11287143,2021-02-28,12,8,11,0,0,0,0
JD_11287142,2021-02-28,319,271,139,1,1,0,0
JD_11287137,2021-02-28,5,4,1,0,0,0,0
JD_11287136,2021-02-28,3,0,3,0,0,0,0
JD_11287135,2021-02-28,5,4,5,0,0,0,0
JD_11287134,2021-02-28,1,1,1,0,0,0,0
JD_11287131,2021-02-28,0,0,0,0,0,0,0
JD_11287130,2021-02-28,32,4,32,0,0,0,0
JD_11287128,2021-02-28,0,0,0,0,0,0,0
JD_11287127,2021-02-28,0,0,0,0,0,0,0
JD_11287126,2021-02-28,0,0,0,0,0,0,0
JD_11287125,2021-02-28,0,0,0,0,0,0,0
JD_11287124,2021-02-28,2,1,2,0,0,0,0
JD_11287122,2021-02-28,3,2,2,0,0,0,0
JD_11287120,2021-02-28,8,2,8,0,0,0,0
JD_11287115,2021-02-28,7,5,2,0,0,0,0
JD_11287114,2021-02-28,0,0,0,0,0,0,0
JD_11287104,2021-02-28,4,2,4,0,0,0,0
JD_11287095,2021-02-28,5,1,4,0,0,0,0
JD_11287092,2021-02-28,1,1,1,0,0,0,0
JD_11287090,2021-02-28,0,0,0,0,0,0,0
JD_11287089,2021-02-28,4,1,3,0,0,0,0
JD_11287085,2021-02-28,0,0,0,0,0,0,0
JD_11287084,2021-02-28,0,0,0,0,0,0,0
JD_11287082,2021-02-28,0,0,0,0,0,0,0
JD_11287062,2021-02-28,0,0,0,0,0,0,0
JD_11287057,2021-02-28,5,3,4,0,0,0,0
JD_11287055,2021-02-28,0,0,0,0,0,0,0
JD_11287050,2021-02-28,2,2,0,0,0,0,0
JD_11287043,2021-02-28,1,0,1,0,0,0,0
JD_11287038,2021-02-28,1,0,1,0,0,0,0
JD_11287032,2021-02-28,2,1,2,0,0,0,0
JD_11287026,2021-02-28,5,0,5,0,0,0,0
JD_11287024,2021-02-28,1,1,1,0,0,0,0
JD_11287022,2021-02-28,13,5,13,0,0,0,0
JD_11287021,2021-02-28,3,1,2,0,0,0,0
JD_11287020,2021-02-28,0,0,0,0,0,0,0
JD_11287019,2021-02-28,0,0,0,0,0,0,0
JD_11287018,2021-02-28,0,0,0,0,0,0,0
JD_11287017,2021-02-28,0,0,0,0,0,0,0
JD_11287015,2021-02-28,20,6,20,0,0,0,0
JD_11287014,2021-02-28,20,7,19,1,0,0,1
JD_11287013,2021-02-28,11,4,10,0,0,0,0
JD_11287012,2021-02-28,20,7,18,2,0,0,0
JD_11287011,2021-02-28,0,0,0,0,0,0,0
JD_11287008,2021-02-28,2,1,2,0,0,0,0
JD_11287007,2021-02-28,0,0,0,0,0,0,0
