JD_11400626,2021-02-28,5,5,0,0,0,0,0
JD_11400624,2021-02-28,7,6,1,0,0,0,0
JD_11400623,2021-02-28,4,3,2,0,0,0,0
JD_11400621,2021-02-28,21,14,13,2,0,0,0
JD_11400619,2021-02-28,4,2,3,0,0,0,0
JD_11400618,2021-02-28,1,1,1,0,0,0,0
JD_11400617,2021-02-28,279,196,155,2,0,0,0
JD_11400616,2021-02-28,3,3,2,0,0,0,0
JD_11400615,2021-02-28,13,9,5,0,0,0,0
JD_11400614,2021-02-28,62,35,40,0,1,0,0
JD_11400613,2021-02-28,146,111,144,0,1,0,0
JD_11400611,2021-02-28,3,1,2,0,0,0,0
JD_11400610,2021-02-28,2,2,2,0,0,0,0
JD_11400609,2021-02-28,0,0,0,0,0,0,0
JD_11400608,2021-02-28,28,19,20,0,1,0,0
JD_11400607,2021-02-28,323,182,302,5,3,0,0
JD_11400604,2021-02-28,28,17,20,1,0,1,0
JD_11400603,2021-02-28,76,56,39,0,0,0,0
JD_11400601,2021-02-28,31,24,20,0,0,0,0
JD_11400599,2021-02-28,7,5,2,0,0,0,0
JD_11400598,2021-02-28,4,3,3,0,0,0,0
JD_11400597,2021-02-28,5,0,4,0,1,0,0
JD_11400594,2021-02-28,4,3,4,0,0,0,0
JD_11400593,2021-02-28,0,0,0,0,0,0,0
JD_11400591,2021-02-28,6,3,4,0,0,0,0
JD_11400590,2021-02-28,1,1,1,0,0,0,0
JD_11400588,2021-02-28,20,9,12,2,0,0,0
JD_11400586,2021-02-28,0,0,0,0,0,0,0
JD_11400585,2021-02-28,14,8,10,0,0,0,0
JD_11400584,2021-02-28,7,5,7,0,0,0,0
JD_11400583,2021-02-28,5,0,5,0,0,0,0
JD_11400582,2021-02-28,6,3,4,0,0,0,1
JD_11400581,2021-02-28,1,0,1,0,0,0,0
JD_11400580,2021-02-28,30,0,29,1,0,0,0
JD_11400579,2021-02-28,107,0,103,4,0,0,0
JD_11400578,2021-02-28,613,184,468,13,11,0,2
JD_11400577,2021-02-28,16,3,15,0,0,0,1
JD_11400575,2021-02-28,108,2,104,2,2,0,0
JD_11400574,2021-02-28,284,0,264,14,6,0,0
JD_11400573,2021-02-28,3,1,3,0,0,0,0
JD_11400572,2021-02-28,4,1,4,0,0,0,0
JD_11400571,2021-02-28,21,1,20,0,1,0,0
JD_11400570,2021-02-28,4,2,2,0,0,0,0
JD_11400568,2021-02-28,5,0,5,0,0,0,0
JD_11400567,2021-02-28,21,0,20,0,1,0,0
JD_11400566,2021-02-28,4,3,1,0,0,0,0
JD_11400565,2021-02-28,13,9,9,0,1,0,0
JD_11400564,2021-02-28,230,92,193,3,2,0,1
JD_11400563,2021-02-28,1,1,0,0,0,0,0
JD_11400558,2021-02-28,0,0,0,0,0,0,0
JD_11400557,2021-02-28,0,0,0,0,0,0,0
JD_11400556,2021-02-28,11,3,11,0,0,0,0
JD_11400554,2021-02-28,1,1,0,0,0,0,0
JD_11400552,2021-02-28,7,1,7,0,0,0,0
JD_11400546,2021-02-28,90,45,83,3,0,0,0
JD_11400545,2021-02-28,83,38,74,1,1,0,0
JD_11400542,2021-02-28,0,0,0,0,0,0,0
JD_11400541,2021-02-28,5,0,4,1,0,0,0
JD_11400540,2021-02-28,205,106,198,1,1,0,1
JD_11400539,2021-02-28,2,1,2,0,0,0,0
JD_11400538,2021-02-28,109,86,33,1,0,0,0
JD_11400534,2021-02-28,2,0,2,0,0,0,0
JD_11400531,2021-02-28,3,0,3,0,0,0,0
JD_11400530,2021-02-28,46,14,45,0,0,0,0
JD_11400528,2021-02-28,0,0,0,0,0,0,0
JD_11400527,2021-02-28,20,11,14,0,0,0,0
JD_11400526,2021-02-28,4,4,3,0,0,0,0
JD_11400525,2021-02-28,187,60,180,1,0,0,0
JD_11400524,2021-02-28,39,0,39,0,0,0,0
JD_11400523,2021-02-28,8,6,8,0,0,0,0
