JD_11431155,2021-02-28,15,9,14,0,0,0,0
JD_11431151,2021-02-28,183,108,162,1,0,0,1
JD_11431150,2021-02-28,160,67,134,1,1,0,1
JD_11431149,2021-02-28,5,0,5,0,0,0,0
JD_11431146,2021-02-28,107,51,95,0,0,0,0
JD_11431145,2021-02-28,717,390,707,2,3,1,3
JD_11431142,2021-02-28,43,0,42,0,1,0,0
JD_11431139,2021-02-28,324,148,321,1,0,0,1
JD_11431138,2021-02-28,46,0,43,3,0,0,0
JD_11431136,2021-02-28,56,0,53,1,2,0,1
JD_11431135,2021-02-28,1205,881,440,4,1,2,2
JD_11431133,2021-02-28,554,383,214,4,1,0,0
JD_11431132,2021-02-28,917,720,250,5,0,1,1
JD_11431131,2021-02-28,17,11,12,0,0,0,0
JD_11431126,2021-02-28,113,12,112,1,0,0,0
JD_11431124,2021-02-28,55,0,54,1,0,0,0
JD_11431122,2021-02-28,491,286,385,5,1,1,1
JD_11431121,2021-02-28,1,1,1,0,0,0,0
JD_11431120,2021-02-28,76,34,60,0,1,0,0
JD_11431119,2021-02-28,8,2,8,0,0,0,0
JD_11431118,2021-02-28,0,0,0,0,0,0,0
JD_11431104,2021-02-28,0,0,0,0,0,0,0
JD_11431085,2021-02-28,2,1,2,0,0,0,0
JD_11431082,2021-02-28,0,0,0,0,0,0,0
JD_11431081,2021-02-28,1,1,1,0,0,0,0
JD_11431080,2021-02-28,1,1,0,0,0,0,0
JD_11431078,2021-02-28,10,4,9,0,0,0,0
JD_11431076,2021-02-28,7,3,6,1,0,0,0
JD_11431075,2021-02-28,6,5,3,0,0,0,0
JD_11431071,2021-02-28,13,3,8,2,0,0,0
JD_11431070,2021-02-28,13,2,10,1,0,0,0
JD_11431069,2021-02-28,19,6,14,1,0,0,0
JD_11431068,2021-02-28,20,3,18,1,0,0,0
JD_11431067,2021-02-28,24,11,21,2,1,0,0
JD_11431064,2021-02-28,11,5,7,0,1,0,0
JD_11431063,2021-02-28,2,1,1,0,0,0,0
JD_11431062,2021-02-28,8,4,6,0,0,0,0
JD_11431060,2021-02-28,5,3,4,0,0,0,0
JD_11431058,2021-02-28,2,2,1,0,0,0,0
JD_11431057,2021-02-28,57,30,31,1,0,0,1
JD_11431052,2021-02-28,28,13,22,0,1,0,0
JD_11431051,2021-02-28,0,0,0,0,0,0,0
JD_11431050,2021-02-28,5,3,4,1,0,0,0
JD_11431048,2021-02-28,16,6,15,1,0,0,0
JD_11431047,2021-02-28,2446,1860,1239,9,4,3,6
JD_11431046,2021-02-28,42,29,19,0,0,0,0
JD_11431045,2021-02-28,7,4,2,0,2,0,0
JD_11431044,2021-02-28,12,8,6,0,0,0,0
JD_11431043,2021-02-28,124,0,119,5,0,0,0
JD_11431039,2021-02-28,122,7,120,1,1,0,0
JD_11431038,2021-02-28,87,7,74,10,3,0,0
JD_11431037,2021-02-28,292,4,277,10,5,0,0
JD_11431036,2021-02-28,4,1,4,0,0,0,0
JD_11431035,2021-02-28,9,2,8,0,0,0,0
JD_11431033,2021-02-28,48,30,22,2,0,0,0
JD_11431032,2021-02-28,4,3,2,0,0,0,0
JD_11431031,2021-02-28,36,21,22,2,0,0,0
JD_11431030,2021-02-28,0,0,0,0,0,0,0
JD_11431029,2021-02-28,6,1,6,0,0,0,0
JD_11431028,2021-02-28,32,27,18,0,0,0,0
JD_11431027,2021-02-28,0,0,0,0,0,0,0
JD_11431026,2021-02-28,10,2,9,0,1,0,0
JD_11431025,2021-02-28,23,2,21,0,1,0,0
JD_11431024,2021-02-28,62,18,45,0,3,0,0
JD_11431019,2021-02-28,38,11,37,1,0,0,0
JD_11431018,2021-02-28,22,1,20,1,1,0,1
JD_11431013,2021-02-28,0,0,0,0,0,0,0
JD_11431009,2021-02-28,981,516,957,2,0,0,1
JD_11431008,2021-02-28,48,32,28,0,0,0,0
JD_11431007,2021-02-28,37,28,37,0,0,0,0
