JD_12436898,2021-02-28,37,31,17,0,0,0,0
JD_12436897,2021-02-28,10,9,5,0,0,0,0
JD_12436896,2021-02-28,23,19,7,0,0,0,0
JD_12436895,2021-02-28,180,122,86,1,0,0,0
JD_12436894,2021-02-28,0,0,0,0,0,0,0
JD_12436893,2021-02-28,6,5,1,0,0,0,0
JD_12436892,2021-02-28,9,8,4,0,0,0,0
JD_12436891,2021-02-28,5,3,2,0,0,0,0
JD_12436890,2021-02-28,682,581,97,3,3,2,2
JD_12436889,2021-02-28,20,17,4,0,0,0,0
JD_12436888,2021-02-28,39,35,5,0,0,0,0
JD_12436887,2021-02-28,1209,927,597,0,0,1,6
JD_12436886,2021-02-28,17,13,7,0,0,0,0
JD_12436885,2021-02-28,16,12,16,0,0,0,0
JD_12436884,2021-02-28,8,6,6,0,0,0,0
JD_12436883,2021-02-28,5,3,5,0,0,0,0
JD_12436882,2021-02-28,37,32,7,0,0,0,0
JD_12436881,2021-02-28,59,45,58,1,0,0,0
JD_12436880,2021-02-28,27,23,5,0,0,0,0
JD_12436879,2021-02-28,80,61,30,0,0,0,0
JD_12436878,2021-02-28,1,0,1,0,0,0,0
JD_12436877,2021-02-28,5,1,5,0,0,0,0
JD_12436876,2021-02-28,88,76,17,2,0,0,0
JD_12436875,2021-02-28,6,4,6,0,0,0,0
JD_12436874,2021-02-28,4,3,0,0,1,0,0
JD_12436873,2021-02-28,8,7,8,0,0,0,0
JD_12436872,2021-02-28,2,2,0,0,0,0,0
JD_12436871,2021-02-28,306,252,267,0,1,0,0
JD_12436870,2021-02-28,0,0,0,0,0,0,0
JD_12436869,2021-02-28,28,26,2,0,0,0,0
JD_12436868,2021-02-28,1,1,0,0,0,0,0
JD_12436867,2021-02-28,7,7,0,0,0,0,0
JD_12436866,2021-02-28,4,3,1,0,0,0,0
JD_12436865,2021-02-28,139,115,79,0,0,0,0
JD_12436864,2021-02-28,0,0,0,0,0,0,0
JD_12436718,2021-02-28,2,2,0,0,0,0,0
JD_12436717,2021-02-28,19,15,10,0,0,0,0
JD_12436716,2021-02-28,246,209,60,0,0,0,0
JD_12436715,2021-02-28,3,2,1,0,0,0,0
JD_12436714,2021-02-28,1,1,0,0,0,0,0
JD_12436713,2021-02-28,139,113,89,0,0,0,0
JD_12436712,2021-02-28,1,1,0,0,0,0,0
JD_12436711,2021-02-28,4,4,0,0,0,0,0
JD_12436710,2021-02-28,3,2,2,0,0,0,0
JD_12436709,2021-02-28,92,78,19,0,2,0,0
JD_12436708,2021-02-28,10,9,3,0,0,0,0
JD_12436707,2021-02-28,0,0,0,0,0,0,0
JD_12436706,2021-02-28,3,3,0,0,0,0,0
JD_12436705,2021-02-28,0,0,0,0,0,0,0
JD_12436704,2021-02-28,4,3,0,0,1,0,0
JD_12436703,2021-02-28,144,120,39,0,0,0,1
JD_12436701,2021-02-28,0,0,0,0,0,0,0
JD_12436700,2021-02-28,0,0,0,0,0,0,0
JD_12436699,2021-02-28,53,40,25,0,0,0,1
JD_12436698,2021-02-28,8,8,0,0,0,0,0
JD_12436697,2021-02-28,12,9,4,0,0,0,0
JD_12436696,2021-02-28,26,20,13,0,0,0,0
JD_12436695,2021-02-28,23,19,10,0,0,0,0
JD_12436694,2021-02-28,12,9,5,0,0,0,0
JD_12436693,2021-02-28,222,188,68,0,0,0,0
JD_12436692,2021-02-28,329,262,102,0,0,0,0
JD_12436691,2021-02-28,39,33,9,0,0,0,0
JD_12436690,2021-02-28,6,6,3,0,0,0,0
JD_12436689,2021-02-28,12,11,5,0,0,0,0
JD_12436688,2021-02-28,64,50,12,1,1,1,0
JD_12436687,2021-02-28,30,25,11,0,0,0,0
JD_12436686,2021-02-28,48,42,5,1,0,0,0
JD_12436685,2021-02-28,20,15,5,0,1,0,0
JD_12436684,2021-02-28,7,5,3,0,0,0,0
JD_12436683,2021-02-28,1,0,1,0,0,0,1
