JD_11436560,2021-02-28,16,5,16,0,0,0,1
JD_11436559,2021-02-28,23,15,22,0,0,0,0
JD_11436558,2021-02-28,48,27,34,0,0,0,0
JD_11436557,2021-02-28,0,0,0,0,0,0,0
JD_11436556,2021-02-28,6,3,4,0,0,0,0
JD_11436555,2021-02-28,42,19,32,1,1,0,0
JD_11436554,2021-02-28,5,2,5,0,0,0,0
JD_11436553,2021-02-28,17,11,17,0,0,0,0
JD_11436552,2021-02-28,1,0,1,0,0,0,0
JD_11436549,2021-02-28,96,40,82,2,0,0,0
JD_11436548,2021-02-28,250,48,227,17,6,0,1
JD_11436546,2021-02-28,3,0,3,0,0,0,0
JD_11436545,2021-02-28,3,0,3,0,0,0,0
JD_11436544,2021-02-28,22,4,18,0,1,0,0
JD_11436543,2021-02-28,373,26,353,8,6,0,2
JD_11436542,2021-02-28,37,2,31,4,1,0,0
JD_11436541,2021-02-28,253,0,242,8,3,0,0
JD_11436540,2021-02-28,5,2,4,0,0,0,0
JD_11436539,2021-02-28,236,0,233,2,1,0,0
JD_11436538,2021-02-28,266,0,259,4,3,0,0
JD_11436537,2021-02-28,337,1,328,6,3,0,0
JD_11436536,2021-02-28,4,1,4,0,0,0,0
JD_11436535,2021-02-28,4,2,3,0,0,0,0
JD_11436534,2021-02-28,4,3,3,0,0,0,0
JD_11436533,2021-02-28,14,7,13,0,0,0,0
JD_11436532,2021-02-28,488,271,391,1,1,0,0
JD_11436531,2021-02-28,6,6,2,0,0,0,0
JD_11436530,2021-02-28,6,6,1,0,0,0,0
JD_11436529,2021-02-28,42,21,37,1,1,0,1
JD_11436528,2021-02-28,5,4,2,0,0,0,0
JD_11436527,2021-02-28,6,2,6,0,0,0,0
JD_11436526,2021-02-28,11,9,6,0,0,0,1
JD_11436525,2021-02-28,3,2,2,0,0,0,0
JD_11436524,2021-02-28,12,6,9,1,0,0,0
JD_11436523,2021-02-28,2,2,0,0,0,0,0
JD_11436522,2021-02-28,11,8,6,0,0,0,0
JD_11436521,2021-02-28,3,2,3,0,0,0,1
JD_11436520,2021-02-28,237,187,131,0,0,0,0
JD_11436519,2021-02-28,5,3,4,0,0,0,0
JD_11436518,2021-02-28,4,4,3,0,0,0,0
JD_11436516,2021-02-28,21,11,18,0,1,0,1
JD_11436515,2021-02-28,17,1,15,1,1,0,0
JD_11436514,2021-02-28,197,151,119,0,0,0,0
JD_11436512,2021-02-28,228,166,170,0,0,0,1
JD_11436511,2021-02-28,21,12,19,1,1,1,0
JD_11436510,2021-02-28,29,16,12,0,1,0,0
JD_11436509,2021-02-28,6206,3798,5870,14,4,16,8
JD_11436508,2021-02-28,263,34,257,4,2,0,1
JD_11436507,2021-02-28,163,8,161,0,1,0,1
JD_11436504,2021-02-28,4331,455,4170,80,29,0,3
JD_11436492,2021-02-28,3426,1341,3243,10,3,7,9
JD_11436491,2021-02-28,117,15,99,4,4,0,0
JD_11436490,2021-02-28,57,44,28,0,0,0,0
JD_11436487,2021-02-28,1205,609,1195,5,3,1,3
JD_11436486,2021-02-28,436,265,313,8,2,1,0
JD_11436481,2021-02-28,69,11,64,3,0,0,0
JD_11436472,2021-02-28,3439,2553,2030,6,3,6,9
JD_11436470,2021-02-28,0,0,0,0,0,0,0
JD_11436469,2021-02-28,7,3,6,0,0,0,0
JD_11436467,2021-02-28,327,254,163,3,1,0,1
JD_11436466,2021-02-28,142,0,139,2,1,0,0
JD_11436464,2021-02-28,0,0,0,0,0,0,0
JD_11436463,2021-02-28,149,0,145,4,0,0,0
JD_11436460,2021-02-28,155,0,155,0,0,0,0
JD_11436449,2021-02-28,0,0,0,0,0,0,0
JD_11436448,2021-02-28,0,0,0,0,0,0,0
JD_11436440,2021-02-28,3,1,2,0,0,0,0
JD_11436434,2021-02-28,4,3,3,0,0,0,0
JD_11436433,2021-02-28,50,10,45,0,0,0,1
JD_11436432,2021-02-28,3,2,1,0,0,0,0
