JD_11515598,2021-02-28,1164,843,869,4,3,0,3
JD_11515597,2021-02-28,551,414,377,0,1,1,0
JD_11515596,2021-02-28,2504,1891,1411,6,0,4,3
JD_11515595,2021-02-28,0,0,0,0,0,0,0
JD_11515594,2021-02-28,0,0,0,0,0,0,0
JD_11515592,2021-02-28,18,13,10,0,0,0,0
JD_11515591,2021-02-28,29,22,12,1,0,0,0
JD_11515587,2021-02-28,58,13,56,1,0,0,0
JD_11515586,2021-02-28,183,98,97,1,4,0,0
JD_11515585,2021-02-28,54,16,51,1,2,0,0
JD_11515584,2021-02-28,34,11,24,1,0,0,0
JD_11515582,2021-02-28,20,10,14,0,0,0,0
JD_11515581,2021-02-28,12,4,7,1,0,0,0
JD_11515579,2021-02-28,130,42,110,1,1,1,1
JD_11515578,2021-02-28,17,8,10,0,0,0,0
JD_11515546,2021-02-28,202,146,115,2,0,1,0
JD_11515545,2021-02-28,2,2,1,0,0,0,0
JD_11515543,2021-02-28,1,0,1,0,0,0,0
JD_11515542,2021-02-28,1,0,1,0,0,0,0
JD_11515541,2021-02-28,131,0,125,5,1,0,0
JD_11515540,2021-02-28,130,10,116,4,0,0,0
JD_11515539,2021-02-28,717,0,695,17,5,0,0
JD_11515538,2021-02-28,2359,905,2330,18,8,0,9
JD_11515537,2021-02-28,9,7,4,0,0,0,0
JD_11515536,2021-02-28,4,2,2,0,0,0,0
JD_11515534,2021-02-28,0,0,0,0,0,0,0
JD_11515533,2021-02-28,1,1,0,0,0,0,0
JD_11515532,2021-02-28,8,4,5,0,0,0,0
JD_11515531,2021-02-28,0,0,0,0,0,0,0
JD_11515521,2021-02-28,651,0,624,19,8,0,0
JD_11515520,2021-02-28,11868,8182,7609,25,10,3,19
JD_11515518,2021-02-28,434,0,424,8,2,0,0
JD_11515517,2021-02-28,0,0,0,0,0,0,0
JD_11515516,2021-02-28,1,1,1,0,0,0,0
JD_11515514,2021-02-28,19,4,17,0,0,0,0
JD_11515513,2021-02-28,16,4,13,1,0,0,0
JD_11515512,2021-02-28,0,0,0,0,0,0,0
JD_11515511,2021-02-28,0,0,0,0,0,0,0
JD_11515510,2021-02-28,6,3,5,0,0,0,0
JD_11515508,2021-02-28,115,0,108,5,2,0,0
JD_11515501,2021-02-28,0,0,0,0,0,0,0
JD_11515500,2021-02-28,2680,1598,2014,16,8,2,3
JD_11515498,2021-02-28,118,0,117,1,0,0,0
JD_11515495,2021-02-28,1243,139,1186,45,9,0,0
JD_11515494,2021-02-28,10231,7445,5692,33,22,8,27
JD_11515493,2021-02-28,270,0,257,7,6,0,0
JD_11515490,2021-02-28,181,32,160,0,0,0,0
JD_11515488,2021-02-28,16,0,14,2,0,0,0
JD_11515486,2021-02-28,3,0,2,0,1,0,0
JD_11515484,2021-02-28,20,9,14,0,0,0,0
JD_11515483,2021-02-28,9,3,8,0,0,0,0
JD_11515482,2021-02-28,5,3,5,0,0,0,0
JD_11515481,2021-02-28,37,27,33,0,0,0,0
JD_11515480,2021-02-28,25,20,12,1,0,0,0
JD_11515479,2021-02-28,29,20,14,0,0,0,0
JD_11515477,2021-02-28,514,337,320,2,0,0,1
JD_11515476,2021-02-28,20,14,13,0,0,0,0
JD_11515475,2021-02-28,12,7,10,0,0,0,0
JD_11515474,2021-02-28,18,14,11,0,0,0,0
JD_11515473,2021-02-28,25,13,14,0,0,0,0
JD_11515472,2021-02-28,17,7,14,0,0,0,0
JD_11515471,2021-02-28,4,3,3,0,0,0,0
JD_11515469,2021-02-28,10,4,8,0,0,0,0
JD_11515468,2021-02-28,19,11,12,0,0,0,0
JD_11515466,2021-02-28,8,2,7,0,0,0,0
JD_11515464,2021-02-28,16,12,12,0,0,0,0
JD_11515463,2021-02-28,21,5,18,2,0,0,0
JD_11515462,2021-02-28,52,36,25,1,0,0,0
JD_11515458,2021-02-28,0,0,0,0,0,0,0
JD_11515456,2021-02-28,0,0,0,0,0,0,0
