JD_11504258,2021-02-28,14,10,9,0,0,0,0
JD_11504257,2021-02-28,225,21,224,0,1,0,0
JD_11504256,2021-02-28,2784,1916,1763,10,4,3,5
JD_11504255,2021-02-28,896,57,887,8,1,0,3
JD_11504254,2021-02-28,6738,190,6458,158,61,0,3
JD_11504253,2021-02-28,914,42,893,12,7,0,3
JD_11504252,2021-02-28,1350,868,669,7,2,0,3
JD_11504251,2021-02-28,138,26,129,2,0,0,0
JD_11504250,2021-02-28,8374,5584,5110,31,15,8,19
JD_11504249,2021-02-28,4875,1832,4766,75,20,0,10
JD_11504246,2021-02-28,11,0,11,0,0,0,0
JD_11504244,2021-02-28,366,13,359,6,1,0,0
JD_11504243,2021-02-28,2493,91,2438,36,17,0,3
JD_11504241,2021-02-28,3,2,1,0,0,0,0
JD_11504239,2021-02-28,3,2,2,0,0,0,1
JD_11504238,2021-02-28,4,3,1,0,0,0,0
JD_11504235,2021-02-28,7,3,6,0,0,0,0
JD_11504234,2021-02-28,30,18,24,0,0,0,0
JD_11504233,2021-02-28,21,16,6,0,0,0,1
JD_11504232,2021-02-28,94,7,93,1,0,0,1
JD_11504231,2021-02-28,38,19,23,1,0,0,1
JD_11504230,2021-02-28,2,1,1,0,0,0,0
JD_11504228,2021-02-28,5,5,4,0,0,0,0
JD_11504227,2021-02-28,7,3,5,0,0,0,0
JD_11504226,2021-02-28,5,3,3,0,0,0,0
JD_11504225,2021-02-28,2,0,1,1,0,0,0
JD_11504223,2021-02-28,25,10,20,0,0,0,0
JD_11504222,2021-02-28,16,8,8,0,0,0,0
JD_11504218,2021-02-28,3,2,1,0,0,0,0
JD_11504217,2021-02-28,32,1,31,1,0,0,0
JD_11504216,2021-02-28,378,40,342,17,10,0,1
JD_11504215,2021-02-28,45,23,44,0,0,0,0
JD_11504213,2021-02-28,69,22,68,0,1,0,0
JD_11504212,2021-02-28,32,23,25,0,0,0,0
JD_11504210,2021-02-28,20,11,15,0,0,0,0
JD_11504209,2021-02-28,6,4,2,0,0,0,0
JD_11504208,2021-02-28,1707,670,1351,16,7,1,4
JD_11504207,2021-02-28,246,59,242,3,1,0,0
JD_11504203,2021-02-28,47,30,30,0,0,0,0
JD_11504202,2021-02-28,12,7,7,0,0,0,0
JD_11504201,2021-02-28,31,24,12,0,0,0,0
JD_11504199,2021-02-28,110,90,57,0,1,1,0
JD_11504198,2021-02-28,79,69,30,0,0,2,0
JD_11504197,2021-02-28,70,59,22,0,0,1,0
JD_11504196,2021-02-28,122,91,55,0,0,1,0
JD_11504195,2021-02-28,41,36,17,0,0,0,0
JD_11504194,2021-02-28,238,188,108,1,0,1,0
JD_11504193,2021-02-28,73,61,30,0,0,2,0
JD_11504189,2021-02-28,382,289,161,1,0,1,0
JD_11504188,2021-02-28,97,52,61,1,0,1,0
JD_11504187,2021-02-28,70,58,28,0,1,1,1
JD_11504186,2021-02-28,423,246,233,3,0,0,1
JD_11504184,2021-02-28,319,227,131,2,1,0,2
JD_11504180,2021-02-28,506,364,330,0,1,0,1
JD_11504179,2021-02-28,397,308,127,0,0,0,0
JD_11504178,2021-02-28,1007,759,435,1,0,0,0
JD_11504176,2021-02-28,30,20,17,0,1,0,0
JD_11504175,2021-02-28,9,3,7,0,0,0,0
JD_11504174,2021-02-28,28,19,27,0,0,0,0
JD_11504173,2021-02-28,12,7,6,0,0,0,0
JD_11504172,2021-02-28,14,8,13,0,0,0,0
JD_11504171,2021-02-28,91,25,86,2,0,0,0
JD_11504170,2021-02-28,0,0,0,0,0,0,0
JD_11504169,2021-02-28,3,3,2,0,0,0,0
JD_11504168,2021-02-28,843,641,439,3,0,0,2
JD_11504166,2021-02-28,1,0,1,0,0,0,0
JD_11504164,2021-02-28,3,3,3,0,0,0,0
JD_11504163,2021-02-28,10,0,9,1,0,0,0
JD_11504160,2021-02-28,426,311,267,2,0,0,3
JD_11504159,2021-02-28,337,257,209,1,1,0,1
