JD_11385901,2021-02-28,22,19,6,0,0,0,1
JD_11385900,2021-02-28,67,40,44,1,1,0,0
JD_11385899,2021-02-28,181,3,165,9,7,0,2
JD_11385898,2021-02-28,1,1,1,0,0,0,0
JD_11385897,2021-02-28,310,263,102,0,0,0,0
JD_11385896,2021-02-28,51,20,39,2,0,0,0
JD_11385895,2021-02-28,46,30,30,0,0,0,0
JD_11385894,2021-02-28,44,25,27,1,0,0,1
JD_11385891,2021-02-28,71,50,44,0,0,0,0
JD_11385890,2021-02-28,24,15,17,0,0,0,0
JD_11385889,2021-02-28,1,1,0,0,0,0,0
JD_11385888,2021-02-28,9,6,3,0,0,0,0
JD_11385884,2021-02-28,0,0,0,0,0,0,0
JD_11385883,2021-02-28,45,25,45,0,0,0,0
JD_11385879,2021-02-28,0,0,0,0,0,0,0
JD_11385873,2021-02-28,4,0,4,0,0,0,0
JD_11385872,2021-02-28,13,0,13,0,0,0,0
JD_11385871,2021-02-28,7,3,5,0,0,0,0
JD_11385870,2021-02-28,0,0,0,0,0,0,0
JD_11385868,2021-02-28,25,17,16,0,0,0,0
JD_11385867,2021-02-28,3,3,3,0,0,0,0
JD_11385866,2021-02-28,21,9,21,0,0,0,0
JD_11385865,2021-02-28,0,0,0,0,0,0,0
JD_11385864,2021-02-28,604,371,415,3,0,2,1
JD_11385863,2021-02-28,201,0,191,8,2,0,0
JD_11385859,2021-02-28,108,43,82,1,0,0,0
JD_11385850,2021-02-28,24,17,24,0,0,0,0
JD_11385847,2021-02-28,117,40,115,1,1,0,0
JD_11385845,2021-02-28,59,29,58,0,0,0,0
JD_11385843,2021-02-28,163,79,157,1,0,0,1
JD_11385842,2021-02-28,306,125,304,2,0,1,2
JD_11385841,2021-02-28,90,39,89,1,0,0,1
JD_11385840,2021-02-28,101,40,100,0,0,0,1
JD_11385839,2021-02-28,229,145,167,0,0,0,0
JD_11385838,2021-02-28,61,29,59,1,0,0,0
JD_11385837,2021-02-28,73,38,59,0,0,0,0
JD_11385836,2021-02-28,29,15,22,0,0,0,0
JD_11385835,2021-02-28,10,3,9,1,0,0,0
JD_11385834,2021-02-28,14,8,12,0,0,0,1
JD_11385833,2021-02-28,493,142,433,4,1,1,0
JD_11385832,2021-02-28,1,0,1,0,0,0,0
JD_11385831,2021-02-28,1,1,0,0,0,0,0
JD_11385830,2021-02-28,39,20,35,1,1,0,0
JD_11385829,2021-02-28,36,16,32,1,0,0,0
JD_11385828,2021-02-28,2,1,2,0,0,0,0
JD_11385818,2021-02-28,4,1,3,0,0,0,0
JD_11385816,2021-02-28,295,99,264,5,2,0,0
JD_11385815,2021-02-28,30,5,29,1,0,0,0
JD_11385814,2021-02-28,97,35,88,1,0,0,0
JD_11385813,2021-02-28,112,0,107,3,2,0,0
JD_11385811,2021-02-28,8,2,7,0,0,0,0
JD_11385809,2021-02-28,0,0,0,0,0,0,0
JD_11385807,2021-02-28,1662,491,1353,10,5,1,0
JD_11385774,2021-02-28,0,0,0,0,0,0,0
JD_11385752,2021-02-28,17,13,8,0,0,0,0
JD_11385751,2021-02-28,6,3,3,0,0,0,0
JD_11385749,2021-02-28,4126,1970,3203,34,14,4,9
JD_11385748,2021-02-28,189,78,167,0,0,0,1
JD_11385747,2021-02-28,58,3,56,2,0,0,0
JD_11385745,2021-02-28,149,106,89,1,0,0,0
JD_11385744,2021-02-28,58,46,42,0,0,0,0
JD_11385743,2021-02-28,31,17,17,1,0,0,0
JD_11385742,2021-02-28,1011,562,921,2,5,0,6
JD_11385741,2021-02-28,31,1,28,1,1,0,0
JD_11385740,2021-02-28,183,26,170,6,6,0,0
JD_11385739,2021-02-28,0,0,0,0,0,0,0
JD_11385738,2021-02-28,0,0,0,0,0,0,0
JD_11385737,2021-02-28,13,5,13,0,0,0,0
JD_11385736,2021-02-28,89,64,49,0,0,0,1
JD_11385735,2021-02-28,27,3,26,0,0,0,0
