JD_11523970,2021-02-28,13,9,6,0,0,0,0
JD_11523968,2021-02-28,6,5,3,0,0,0,0
JD_11523967,2021-02-28,2,2,0,0,0,0,0
JD_11523966,2021-02-28,15,8,10,0,0,0,0
JD_11523965,2021-02-28,319,215,189,2,0,0,0
JD_11523964,2021-02-28,7,7,0,0,0,0,0
JD_11523962,2021-02-28,0,0,0,0,0,0,0
JD_11523960,2021-02-28,800,511,622,3,0,0,1
JD_11523959,2021-02-28,24042,17287,15628,78,43,18,47
JD_11523958,2021-02-28,3,2,3,0,0,0,0
JD_11523957,2021-02-28,8,7,2,0,0,0,0
JD_11523956,2021-02-28,10,5,8,0,0,0,0
JD_11523955,2021-02-28,11,8,11,0,0,0,0
JD_11523953,2021-02-28,23,16,15,0,0,0,0
JD_11523952,2021-02-28,10,5,7,0,0,0,0
JD_11523951,2021-02-28,6,4,5,0,0,0,0
JD_11523950,2021-02-28,8,6,3,1,0,0,0
JD_11523949,2021-02-28,5,3,3,0,0,0,0
JD_11523948,2021-02-28,9,4,7,0,0,0,0
JD_11523947,2021-02-28,32,11,30,0,0,0,0
JD_11523946,2021-02-28,8,4,4,0,0,0,0
JD_11523944,2021-02-28,5,3,2,0,0,0,0
JD_11523942,2021-02-28,5,0,5,0,0,0,0
JD_11523941,2021-02-28,2,2,0,0,0,0,0
JD_11523939,2021-02-28,13,5,12,0,0,0,0
JD_11523938,2021-02-28,13,7,8,1,0,0,0
JD_11523937,2021-02-28,5,4,2,0,0,0,0
JD_11523936,2021-02-28,2,2,0,0,0,0,0
JD_11523935,2021-02-28,11,3,10,0,0,0,0
JD_11523934,2021-02-28,8,3,5,0,0,0,0
JD_11523930,2021-02-28,6,4,3,0,0,0,0
JD_11523929,2021-02-28,9,7,6,0,0,0,0
JD_11523928,2021-02-28,5,1,4,0,0,0,0
JD_11523927,2021-02-28,14,12,4,1,0,0,0
JD_11523923,2021-02-28,2,2,2,0,0,0,0
JD_11523922,2021-02-28,6,6,2,0,0,0,0
JD_11523921,2021-02-28,10,7,4,0,0,0,0
JD_11523919,2021-02-28,10,7,9,0,0,0,0
JD_11523918,2021-02-28,6,5,1,0,0,0,0
JD_11523917,2021-02-28,10,8,7,0,0,0,0
JD_11523914,2021-02-28,19,9,12,0,0,0,0
JD_11523913,2021-02-28,9,0,7,1,1,0,0
JD_11523911,2021-02-28,28,12,24,0,0,0,0
JD_11523910,2021-02-28,401,46,378,2,1,0,0
JD_11523908,2021-02-28,18,10,11,0,0,0,0
JD_11523907,2021-02-28,2248,629,2181,23,3,2,3
JD_11523906,2021-02-28,696,493,424,2,2,0,2
JD_11523905,2021-02-28,569,399,377,2,1,1,1
JD_11523904,2021-02-28,24,7,18,2,0,0,0
JD_11523903,2021-02-28,713,327,700,5,1,0,4
JD_11523902,2021-02-28,119,64,86,1,0,0,0
JD_11523901,2021-02-28,2577,1096,1453,24,4,0,0
JD_11523900,2021-02-28,47,4,44,1,0,0,0
JD_11523899,2021-02-28,1676,1156,1271,6,5,1,1
JD_11523898,2021-02-28,748,499,642,2,1,0,1
JD_11523897,2021-02-28,61,0,61,0,0,0,0
JD_11523896,2021-02-28,184,142,72,1,0,0,0
JD_11523895,2021-02-28,231,0,225,6,0,0,0
JD_11523894,2021-02-28,61,4,58,2,1,0,0
JD_11523893,2021-02-28,189,0,185,3,1,0,0
JD_11523886,2021-02-28,3,2,1,0,0,0,0
JD_11523885,2021-02-28,1,1,1,0,0,0,0
JD_11523880,2021-02-28,663,0,643,14,6,0,0
JD_11523879,2021-02-28,187,143,81,2,0,0,0
JD_11523878,2021-02-28,1,1,0,0,0,0,0
JD_11523877,2021-02-28,128,93,113,0,0,0,0
JD_11523875,2021-02-28,0,0,0,0,0,0,0
JD_11523874,2021-02-28,154,29,131,1,2,0,0
JD_11523872,2021-02-28,0,0,0,0,0,0,0
JD_11523871,2021-02-28,6,5,5,0,0,0,0
