JD_12446755,2021-02-28,121,105,16,0,0,0,0
JD_12446754,2021-02-28,10,8,5,0,0,0,0
JD_12446753,2021-02-28,130,117,12,0,1,0,0
JD_12446752,2021-02-28,1,1,0,0,0,0,0
JD_12446751,2021-02-28,114,93,68,0,0,0,0
JD_12446750,2021-02-28,0,0,0,0,0,0,0
JD_12446749,2021-02-28,0,0,0,0,0,0,0
JD_12446748,2021-02-28,3,2,3,0,0,0,0
JD_12446747,2021-02-28,9,8,1,0,0,0,0
JD_12446746,2021-02-28,23,18,8,0,0,0,0
JD_12446745,2021-02-28,9,8,1,0,0,0,0
JD_12446744,2021-02-28,13,12,4,0,0,0,0
JD_12446743,2021-02-28,41,39,11,0,0,0,0
JD_12446742,2021-02-28,8,6,4,0,0,0,0
JD_12446741,2021-02-28,62,50,27,0,0,0,0
JD_12446740,2021-02-28,104,82,27,0,0,0,0
JD_12446739,2021-02-28,81,75,10,0,0,0,0
JD_12446738,2021-02-28,367,296,175,0,0,0,0
JD_12446737,2021-02-28,0,0,0,0,0,0,0
JD_12446736,2021-02-28,283,227,100,0,0,0,0
JD_12446735,2021-02-28,0,0,0,0,0,0,0
JD_12446734,2021-02-28,10,6,5,0,0,0,0
JD_12446733,2021-02-28,0,0,0,0,0,0,0
JD_12446732,2021-02-28,15,11,6,0,0,0,0
JD_12446731,2021-02-28,3,2,1,0,0,0,0
JD_12446730,2021-02-28,0,0,0,0,0,0,0
JD_12446729,2021-02-28,0,0,0,0,0,0,0
JD_12446728,2021-02-28,2,2,0,0,0,0,0
JD_12446727,2021-02-28,488,356,231,0,0,1,3
JD_12446726,2021-02-28,2,1,1,0,0,0,0
JD_12446725,2021-02-28,143,98,69,1,0,0,0
JD_12446724,2021-02-28,48,39,19,0,0,0,0
JD_12446723,2021-02-28,80,57,31,0,0,0,1
JD_12446722,2021-02-28,2,1,1,0,0,0,0
JD_12446721,2021-02-28,149,137,12,0,0,0,0
JD_12446720,2021-02-28,0,0,0,0,0,0,0
JD_12446719,2021-02-28,294,225,71,0,1,1,0
JD_12446718,2021-02-28,16,13,6,0,0,0,0
JD_12446717,2021-02-28,230,171,60,1,0,1,0
JD_12446716,2021-02-28,1,1,0,0,0,0,0
JD_12446715,2021-02-28,290,238,54,1,1,0,0
JD_12446714,2021-02-28,12,11,5,0,0,0,0
JD_12446713,2021-02-28,4,3,1,0,0,0,0
JD_12446712,2021-02-28,4,4,1,0,0,0,0
JD_12446711,2021-02-28,30,24,9,0,0,0,0
JD_12446710,2021-02-28,77,72,35,0,0,0,0
JD_12446709,2021-02-28,38,27,14,0,0,0,0
JD_12446708,2021-02-28,31,23,21,0,0,0,0
JD_12446707,2021-02-28,3,3,0,0,0,0,0
JD_12446706,2021-02-28,31,25,11,0,0,0,0
JD_12446705,2021-02-28,8,4,7,0,0,0,0
JD_12446704,2021-02-28,8,7,1,0,0,0,0
JD_12446703,2021-02-28,11,11,4,0,0,0,0
JD_12446702,2021-02-28,6,5,1,0,0,0,0
JD_12446701,2021-02-28,21,18,4,0,0,0,0
JD_12446700,2021-02-28,8,7,2,0,0,0,0
JD_12446699,2021-02-28,34,21,17,0,0,0,0
JD_12446698,2021-02-28,8,7,3,0,0,0,0
JD_12446697,2021-02-28,87,75,20,0,0,0,0
JD_12446696,2021-02-28,206,167,82,0,0,0,0
JD_12446695,2021-02-28,19,18,3,0,0,0,0
JD_12446694,2021-02-28,1,0,1,0,0,0,0
JD_12446693,2021-02-28,91,70,36,0,0,1,0
JD_12446692,2021-02-28,392,279,181,0,0,0,3
JD_12446691,2021-02-28,413,355,97,0,0,1,1
JD_12446690,2021-02-28,442,377,228,0,0,0,1
JD_12446689,2021-02-28,42,35,17,0,0,0,0
JD_12446688,2021-02-28,3049,2007,1093,0,0,26,3
JD_12446687,2021-02-28,62,53,23,1,0,0,1
JD_12446686,2021-02-28,101,84,54,0,0,0,1
