JD_12472710,2021-02-28,53,43,13,0,0,0,0
JD_12472709,2021-02-28,14,11,7,0,0,0,0
JD_12472708,2021-02-28,24,18,7,0,0,0,0
JD_12472707,2021-02-28,46,42,10,0,0,0,0
JD_12472706,2021-02-28,77,61,22,0,0,0,0
JD_12472705,2021-02-28,4,4,0,0,0,0,0
JD_12472704,2021-02-28,9,8,4,0,0,0,0
JD_12472690,2021-02-28,436,369,85,1,0,0,0
JD_12472669,2021-02-28,76,61,19,0,0,0,0
JD_12472668,2021-02-28,27,26,9,0,0,0,0
JD_12472665,2021-02-28,196,136,78,1,1,0,0
JD_12472663,2021-02-28,1794,1507,337,5,5,3,8
JD_12472662,2021-02-28,9,7,3,0,0,0,0
JD_12472661,2021-02-28,3494,2730,1347,6,1,4,7
JD_12472660,2021-02-28,58,51,9,0,0,0,0
JD_12472659,2021-02-28,9,8,1,0,0,0,0
JD_12472658,2021-02-28,38,33,6,0,0,0,0
JD_12472657,2021-02-28,44,39,13,1,0,0,0
JD_12472656,2021-02-28,236,191,49,1,0,0,0
JD_12472655,2021-02-28,200,136,96,0,1,0,1
JD_12472653,2021-02-28,67,55,44,0,1,0,0
JD_12472651,2021-02-28,1,1,0,0,0,0,0
JD_12472649,2021-02-28,423,336,103,1,1,0,1
JD_12472648,2021-02-28,65,57,14,0,0,0,0
JD_12472647,2021-02-28,9,7,2,0,0,0,0
JD_12472646,2021-02-28,17,15,2,0,0,0,0
JD_12472629,2021-02-28,19,10,12,0,0,0,0
JD_12472625,2021-02-28,8,6,2,0,0,0,0
JD_12472623,2021-02-28,2,2,0,0,0,0,0
JD_12472503,2021-02-28,22,15,7,0,0,0,0
JD_12472502,2021-02-28,15,15,1,0,0,0,0
JD_12472501,2021-02-28,23,18,6,0,0,0,0
JD_12472500,2021-02-28,22,20,3,0,0,0,0
JD_12472499,2021-02-28,4774,4008,1562,5,7,15,13
JD_12472498,2021-02-28,7,5,3,0,0,0,0
JD_12472497,2021-02-28,2403,1996,607,1,4,7,6
JD_12472496,2021-02-28,2,1,1,0,0,0,0
JD_12472495,2021-02-28,57,51,6,0,0,0,0
JD_12472494,2021-02-28,14,11,7,0,0,0,0
JD_12472493,2021-02-28,22,22,1,0,0,0,0
JD_12472491,2021-02-28,23,22,3,0,0,0,0
JD_12472479,2021-02-28,18,15,4,0,0,0,0
JD_12472478,2021-02-28,11,8,3,0,0,0,0
JD_12472477,2021-02-28,60,42,19,0,0,0,0
JD_12472476,2021-02-28,6,6,0,0,0,0,0
JD_12472471,2021-02-28,321,263,59,0,0,0,0
JD_12472470,2021-02-28,3,3,0,0,0,0,0
JD_12472469,2021-02-28,13,7,8,0,0,0,0
JD_12472468,2021-02-28,3,2,1,0,0,0,0
JD_12472467,2021-02-28,43,32,15,0,0,0,0
JD_12472466,2021-02-28,2,2,0,0,0,0,0
JD_12472465,2021-02-28,87,66,26,0,0,0,0
JD_12472464,2021-02-28,9,6,3,0,0,0,0
JD_12472463,2021-02-28,6,6,0,0,0,0,0
JD_12472462,2021-02-28,0,0,0,0,0,0,0
JD_12472461,2021-02-28,394,332,81,0,1,0,2
JD_12472460,2021-02-28,1379,1102,275,2,0,1,2
JD_12472459,2021-02-28,273,200,81,1,0,0,0
JD_12472458,2021-02-28,99,74,33,0,0,0,0
JD_12472457,2021-02-28,143,107,39,0,0,0,1
JD_12472455,2021-02-28,106,83,42,2,0,0,0
JD_12472454,2021-02-28,10,10,1,0,0,0,0
JD_12472443,2021-02-28,41,36,5,0,0,0,0
JD_12472442,2021-02-28,5,4,1,1,0,0,0
JD_12472441,2021-02-28,168,132,38,0,0,0,0
JD_12472440,2021-02-28,3,2,1,0,0,0,0
JD_12472439,2021-02-28,4346,3707,798,5,1,5,6
JD_12472438,2021-02-28,1,1,0,0,0,0,0
JD_12472437,2021-02-28,595,478,121,0,0,2,0
JD_12472436,2021-02-28,3,3,1,0,0,0,0
