JD_12675327,2021-02-28,12075,10502,1563,7,3,3,9
JD_12675319,2021-02-28,204,174,29,1,0,0,1
JD_12675317,2021-02-28,123,111,12,0,0,0,0
JD_12675315,2021-02-28,80,74,6,0,0,0,0
JD_12675311,2021-02-28,26,18,8,0,0,0,0
JD_12675301,2021-02-28,350,297,53,0,0,0,0
JD_12675295,2021-02-28,127,111,16,0,0,0,0
JD_12675293,2021-02-28,78,64,14,0,0,0,1
JD_12675279,2021-02-28,5,4,0,1,0,0,0
JD_12675273,2021-02-28,64,54,10,0,0,0,0
JD_12675271,2021-02-28,105,85,20,0,0,0,0
JD_12675269,2021-02-28,150,129,21,0,0,0,1
JD_12675267,2021-02-28,0,0,0,0,0,0,0
JD_12675265,2021-02-28,142,127,15,0,0,0,1
JD_12675263,2021-02-28,10,8,2,0,0,0,0
JD_12675261,2021-02-28,3,3,0,0,0,0,0
JD_12675259,2021-02-28,510,465,45,0,0,0,1
JD_12675257,2021-02-28,36,31,5,0,0,0,0
JD_12675255,2021-02-28,0,0,0,0,0,0,0
JD_12675253,2021-02-28,6,5,1,0,0,0,0
JD_12675251,2021-02-28,37,33,4,0,0,1,0
JD_12675249,2021-02-28,229,201,28,0,0,0,1
JD_12675247,2021-02-28,0,0,0,0,0,0,0
JD_12675245,2021-02-28,8,6,2,0,0,0,0
JD_12675243,2021-02-28,8,7,1,0,0,0,0
JD_12675241,2021-02-28,23,19,4,0,0,0,0
JD_12675239,2021-02-28,30,27,3,0,0,0,0
JD_12675237,2021-02-28,61,56,5,0,0,0,0
JD_12675235,2021-02-28,0,0,0,0,0,0,0
JD_12675233,2021-02-28,304,267,37,0,0,0,0
JD_12675231,2021-02-28,281,249,29,3,0,0,1
JD_12675229,2021-02-28,30,24,6,0,0,0,0
JD_12675227,2021-02-28,3,2,1,0,0,0,0
JD_12675225,2021-02-28,5,3,2,0,0,0,1
JD_12675223,2021-02-28,44,39,5,0,0,0,0
JD_12675221,2021-02-28,28,26,2,0,0,0,0
JD_12675219,2021-02-28,21,19,2,0,0,0,0
JD_12675217,2021-02-28,8,6,2,0,0,0,0
JD_12675215,2021-02-28,7,6,1,0,0,0,0
JD_12675213,2021-02-28,6,5,1,0,0,0,0
JD_12675211,2021-02-28,22,18,4,0,0,0,0
JD_12675209,2021-02-28,65,56,9,0,0,0,0
JD_12675207,2021-02-28,1,0,1,0,0,0,0
JD_12675205,2021-02-28,332,293,39,0,0,0,0
JD_12675203,2021-02-28,2133,1866,265,2,0,0,1
JD_12675201,2021-02-28,240,202,38,0,0,0,1
JD_12675199,2021-02-28,1,1,0,0,0,0,0
JD_12675197,2021-02-28,13,11,2,0,0,0,0
JD_12675195,2021-02-28,306,266,39,1,0,0,0
JD_12675193,2021-02-28,1046,854,192,0,0,1,0
JD_12675191,2021-02-28,3,3,0,0,0,0,0
JD_12675189,2021-02-28,0,0,0,0,0,0,0
JD_12666880,2021-02-28,6416,4709,1701,5,1,11,27
JD_12666879,2021-02-28,429,377,52,0,0,1,0
JD_12666878,2021-02-28,6,6,0,0,0,0,0
JD_12666877,2021-02-28,530,472,58,0,0,0,1
JD_12666876,2021-02-28,0,0,0,0,0,0,0
JD_12666875,2021-02-28,686,623,63,0,0,0,0
JD_12666874,2021-02-28,6,4,2,0,0,0,0
JD_12666873,2021-02-28,2892,2481,402,5,4,3,4
JD_12666872,2021-02-28,0,0,0,0,0,0,0
JD_12666871,2021-02-28,2,2,0,0,0,0,0
JD_12666870,2021-02-28,20609,18341,2263,3,2,24,5
JD_12666869,2021-02-28,1,1,0,0,0,0,0
JD_12666868,2021-02-28,39618,35839,3751,24,4,37,14
JD_12666867,2021-02-28,28,26,2,0,0,0,0
JD_12666866,2021-02-28,67,44,23,0,0,0,0
JD_12666865,2021-02-28,1,1,0,0,0,0,0
JD_12666644,2021-02-28,46,33,13,0,0,0,1
JD_12666643,2021-02-28,1,1,0,0,0,0,0
