JD_12353651,2021-02-28,1,1,0,0,0,0,0
JD_12353650,2021-02-28,57,44,32,0,0,0,0
JD_12353649,2021-02-28,1,0,1,0,0,0,0
JD_12353648,2021-02-28,0,0,0,0,0,0,0
JD_12353647,2021-02-28,1,0,1,0,0,0,0
JD_12353645,2021-02-28,1,1,0,0,0,0,0
JD_12353644,2021-02-28,48,46,2,0,0,0,0
JD_12353643,2021-02-28,1,1,1,0,0,0,0
JD_12353642,2021-02-28,54,43,13,0,0,0,0
JD_12353641,2021-02-28,1,0,2,0,0,0,0
JD_12353640,2021-02-28,0,0,0,0,0,0,0
JD_12353639,2021-02-28,0,0,0,0,0,0,0
JD_12353638,2021-02-28,0,0,0,0,0,0,0
JD_12353637,2021-02-28,1,0,1,0,0,0,0
JD_12353636,2021-02-28,730,614,281,0,0,0,0
JD_12353635,2021-02-28,1,0,1,0,0,0,0
JD_12353633,2021-02-28,1,0,1,0,0,0,0
JD_12353632,2021-02-28,28,23,6,0,0,0,0
JD_12353631,2021-02-28,1,1,1,0,0,0,0
JD_12353630,2021-02-28,73,62,32,0,0,1,1
JD_12353629,2021-02-28,2,2,2,0,0,0,0
JD_12353628,2021-02-28,46,40,20,0,0,0,0
JD_12353627,2021-02-28,1,1,1,0,0,0,0
JD_12353626,2021-02-28,45,30,19,0,0,0,0
JD_12353625,2021-02-28,1,1,0,0,0,0,0
JD_12353624,2021-02-28,3,3,0,0,0,0,0
JD_12353623,2021-02-28,0,0,0,0,0,0,0
JD_12353622,2021-02-28,216,187,133,1,0,0,0
JD_12353621,2021-02-28,1,1,1,0,0,0,0
JD_12353620,2021-02-28,3,2,3,0,0,0,0
JD_12353619,2021-02-28,1,1,0,0,0,0,0
JD_12353618,2021-02-28,131,104,53,1,0,0,0
JD_12353617,2021-02-28,1,1,0,0,0,0,0
JD_12353616,2021-02-28,166,133,118,0,0,0,0
JD_12353615,2021-02-28,1,1,0,0,0,0,0
JD_12353614,2021-02-28,184,145,114,0,0,0,0
JD_12353613,2021-02-28,1,1,1,0,0,0,0
JD_12353612,2021-02-28,11,11,4,0,0,0,0
JD_12353611,2021-02-28,1,1,0,0,0,0,0
JD_12353609,2021-02-28,2,1,1,0,0,0,0
JD_12353608,2021-02-28,0,0,0,0,0,0,0
JD_12353607,2021-02-28,0,0,0,0,0,0,0
JD_12353606,2021-02-28,891,742,575,0,0,0,0
JD_12353605,2021-02-28,2,2,1,0,0,0,0
JD_12353603,2021-02-28,11,6,11,0,0,0,0
JD_12353602,2021-02-28,148,120,37,0,1,0,1
JD_12353601,2021-02-28,0,0,0,0,0,0,0
JD_12353600,2021-02-28,83,70,66,0,0,0,0
JD_12353599,2021-02-28,1,1,0,0,0,0,0
JD_12353598,2021-02-28,15,13,7,0,0,0,0
JD_12353597,2021-02-28,1,0,1,0,0,0,0
JD_12353596,2021-02-28,281,236,68,0,0,0,1
JD_12353595,2021-02-28,1,1,1,0,0,0,0
JD_12353594,2021-02-28,14,13,1,0,0,0,0
JD_12353593,2021-02-28,1,1,0,0,0,0,0
JD_12353592,2021-02-28,531,409,341,1,0,1,2
JD_12353591,2021-02-28,1,1,1,0,0,0,0
JD_12353590,2021-02-28,83,62,45,0,0,0,0
JD_12352635,2021-02-28,231,176,137,1,0,1,3
JD_12352634,2021-02-28,1959,1403,1673,0,1,22,4
JD_12352633,2021-02-28,1119,833,736,2,0,2,5
JD_12352632,2021-02-28,80,68,17,0,0,0,0
JD_12352630,2021-02-28,120,107,13,1,0,0,0
JD_12352628,2021-02-28,3,3,1,0,0,0,0
JD_12352627,2021-02-28,5,5,2,0,0,0,0
JD_12352626,2021-02-28,6099,5352,5020,10,7,6,13
JD_12352625,2021-02-28,97,64,69,0,0,0,0
JD_12352623,2021-02-28,1,1,0,0,0,0,0
JD_12352621,2021-02-28,136,108,69,0,0,0,0
JD_12352615,2021-02-28,0,0,0,0,0,0,0
