JD_19127738,2021-02-28,4,4,0,0,0,0,0
JD_19127737,2021-02-28,6,4,4,0,0,0,0
JD_19127736,2021-02-28,0,0,0,0,0,0,0
JD_19127734,2021-02-28,3,2,1,0,0,0,0
JD_19127724,2021-02-28,3,3,1,0,0,0,0
JD_19127720,2021-02-28,6,5,3,0,0,0,0
JD_19127719,2021-02-28,1,1,0,0,0,0,0
JD_19127704,2021-02-28,3,2,2,0,0,0,0
JD_19127699,2021-02-28,37,21,33,0,0,0,0
JD_19127698,2021-02-28,4,3,2,0,0,0,0
JD_19127690,2021-02-28,2,2,0,0,0,0,0
JD_19127688,2021-02-28,5,3,5,0,0,0,0
JD_19127686,2021-02-28,7,5,3,0,0,0,0
JD_19127663,2021-02-28,11,10,3,0,0,0,0
JD_19127656,2021-02-28,4,1,3,0,0,0,0
JD_19127653,2021-02-28,1,1,0,0,0,0,0
JD_19127649,2021-02-28,10,6,10,0,0,0,0
JD_19127632,2021-02-28,39,25,38,0,0,0,1
JD_19127631,2021-02-28,0,0,0,0,0,0,0
JD_19127623,2021-02-28,1,0,1,0,0,0,0
JD_19127622,2021-02-28,10,9,8,0,0,0,0
JD_19127619,2021-02-28,2,2,1,0,0,0,0
JD_19127616,2021-02-28,42,25,25,1,2,0,1
JD_19127609,2021-02-28,21,18,7,0,0,0,0
JD_19127602,2021-02-28,6,2,6,0,0,0,0
JD_19127600,2021-02-28,6,5,4,0,0,0,0
JD_19127596,2021-02-28,7,5,3,0,0,0,0
JD_19127592,2021-02-28,3,2,2,0,0,0,0
JD_19127587,2021-02-28,26,20,13,1,1,0,1
JD_19127582,2021-02-28,6,3,3,0,0,0,0
JD_19127565,2021-02-28,7,1,7,0,0,0,0
JD_19127558,2021-02-28,62,43,51,0,0,0,0
JD_19127557,2021-02-28,5,3,4,0,0,0,0
JD_19127555,2021-02-28,21,17,10,0,0,0,0
JD_19127551,2021-02-28,27,22,8,0,0,0,0
JD_19127549,2021-02-28,3,2,2,0,0,0,0
JD_19127547,2021-02-28,3,3,0,0,0,0,0
JD_19127545,2021-02-28,0,0,0,0,0,0,0
JD_19127536,2021-02-28,5,2,2,1,0,0,0
JD_19127535,2021-02-28,5,2,4,0,0,0,0
JD_19127532,2021-02-28,7,4,5,0,0,0,0
JD_19127528,2021-02-28,6,6,5,0,0,0,0
JD_19127527,2021-02-28,21,15,14,1,0,0,0
JD_19127523,2021-02-28,8,4,6,0,0,0,0
JD_19127521,2021-02-28,10,8,6,0,0,0,0
JD_19127519,2021-02-28,2,0,2,0,0,0,0
JD_19127518,2021-02-28,5,2,4,1,0,0,0
JD_19127499,2021-02-28,53,38,42,1,0,0,1
JD_19127495,2021-02-28,5,2,4,0,0,0,0
JD_19127489,2021-02-28,3,2,3,0,0,0,0
JD_19127487,2021-02-28,7,5,5,0,0,0,0
JD_19127483,2021-02-28,2,1,2,0,0,0,0
JD_19127482,2021-02-28,10,9,7,0,0,0,0
JD_19127479,2021-02-28,3,1,2,0,0,0,0
JD_19127478,2021-02-28,3,1,2,0,0,0,0
JD_19127476,2021-02-28,11,5,10,0,0,0,0
JD_19127471,2021-02-28,12,10,5,0,0,0,0
JD_19127469,2021-02-28,9,6,9,0,0,0,0
JD_19127458,2021-02-28,12,7,7,0,0,0,0
JD_19127457,2021-02-28,4,4,0,0,0,0,0
JD_19127456,2021-02-28,46,39,13,0,0,0,1
JD_19107995,2021-02-28,1,1,0,0,0,0,0
JD_19107969,2021-02-28,0,0,0,0,0,0,0
JD_19107935,2021-02-28,1,1,0,0,0,0,0
JD_19107927,2021-02-28,1,1,0,0,0,0,0
JD_19107924,2021-02-28,1,0,1,0,0,0,0
JD_19107922,2021-02-28,1,1,0,0,0,0,0
JD_19107909,2021-02-28,1,1,0,0,0,0,0
JD_19107906,2021-02-28,1,1,0,0,0,0,0
JD_19107896,2021-02-28,1,1,0,0,0,0,0
