JD_11293906,2021-02-28,0,0,0,0,0,0,0
JD_11293903,2021-02-28,15,10,7,0,0,0,0
JD_11293901,2021-02-28,3,1,3,0,0,0,0
JD_11293900,2021-02-28,6,4,3,0,0,0,0
JD_11293896,2021-02-28,36,25,29,0,0,0,0
JD_11293892,2021-02-28,4,3,1,0,0,0,0
JD_11293891,2021-02-28,16,6,12,0,0,0,1
JD_11293890,2021-02-28,5,0,5,0,0,0,0
JD_11293889,2021-02-28,3,0,3,0,0,0,0
JD_11293888,2021-02-28,3,2,3,0,0,0,0
JD_11293887,2021-02-28,3,0,3,0,0,0,0
JD_11293886,2021-02-28,53,24,51,1,1,0,0
JD_11293885,2021-02-28,18,12,11,0,0,0,0
JD_11293883,2021-02-28,7,3,3,0,1,0,0
JD_11293882,2021-02-28,748,565,362,2,2,0,0
JD_11293881,2021-02-28,8,8,3,0,0,0,0
JD_11293879,2021-02-28,3,2,2,0,0,0,0
JD_11293877,2021-02-28,9,6,5,0,0,0,0
JD_11293876,2021-02-28,5,3,4,0,0,0,0
JD_11293874,2021-02-28,45,30,23,1,0,0,2
JD_11293872,2021-02-28,12,8,6,0,0,0,0
JD_11293870,2021-02-28,11,10,8,0,0,0,0
JD_11293866,2021-02-28,112,0,104,6,2,0,0
JD_11293865,2021-02-28,197,0,191,4,2,0,0
JD_11293864,2021-02-28,156,0,156,0,0,0,0
JD_11293863,2021-02-28,177,0,174,3,0,0,0
JD_11293862,2021-02-28,77620,152,76486,748,235,0,91
JD_11293860,2021-02-28,463,0,450,11,2,0,0
JD_11293859,2021-02-28,2511,34,2452,19,10,0,1
JD_11293857,2021-02-28,96,60,65,0,0,0,0
JD_11293856,2021-02-28,402,299,235,1,0,0,0
JD_11293855,2021-02-28,78,47,54,0,0,0,0
JD_11293854,2021-02-28,134,81,87,0,0,0,0
JD_11293853,2021-02-28,277,197,172,1,1,0,0
JD_11293852,2021-02-28,491,379,280,1,0,0,2
JD_11293851,2021-02-28,596,444,368,1,1,0,0
JD_11293850,2021-02-28,393,296,224,1,1,0,1
JD_11293849,2021-02-28,1038,769,641,1,1,0,1
JD_11293848,2021-02-28,0,0,0,0,0,0,0
JD_11293847,2021-02-28,1,1,1,0,0,0,0
JD_11293841,2021-02-28,6,3,3,1,0,0,0
JD_11293840,2021-02-28,27,18,24,0,0,0,0
JD_11293839,2021-02-28,2,2,2,0,0,0,0
JD_11293838,2021-02-28,2,2,1,0,0,0,0
JD_11293837,2021-02-28,25,19,13,0,0,0,0
JD_11293833,2021-02-28,16,0,16,0,0,0,0
JD_11293830,2021-02-28,0,0,0,0,0,0,0
JD_11293827,2021-02-28,13,10,9,0,0,0,0
JD_11293825,2021-02-28,0,0,0,0,0,0,0
JD_11293823,2021-02-28,0,0,0,0,0,0,0
JD_11293820,2021-02-28,0,0,0,0,0,0,0
JD_11293819,2021-02-28,0,0,0,0,0,0,0
JD_11293813,2021-02-28,17,14,12,0,0,0,0
JD_11293811,2021-02-28,0,0,0,0,0,0,0
JD_11293809,2021-02-28,43,27,35,0,0,0,0
JD_11293808,2021-02-28,83,33,75,0,1,0,1
JD_11293806,2021-02-28,24,0,24,0,0,0,1
JD_11293805,2021-02-28,0,0,0,0,0,0,0
JD_11293804,2021-02-28,10,0,10,0,0,0,0
JD_11293803,2021-02-28,0,0,0,0,0,0,0
JD_11293802,2021-02-28,4,0,4,0,0,0,0
JD_11293801,2021-02-28,59,31,53,0,0,0,0
JD_11293800,2021-02-28,12,11,4,0,0,0,0
JD_11293799,2021-02-28,16,10,12,0,0,0,0
JD_11293796,2021-02-28,12,7,12,0,0,0,0
JD_11293795,2021-02-28,13,4,12,0,0,0,0
JD_11293794,2021-02-28,158,0,155,3,0,0,0
JD_11293793,2021-02-28,26,18,17,0,0,0,0
JD_11293791,2021-02-28,0,0,0,0,0,0,0
JD_11293790,2021-02-28,18,9,13,0,0,0,0
