JD_11367540,2021-02-28,40,28,33,0,0,0,0
JD_11367536,2021-02-28,30,21,25,0,0,0,0
JD_11367530,2021-02-28,19,11,8,2,0,0,0
JD_11367529,2021-02-28,16,14,11,0,0,0,0
JD_11367526,2021-02-28,0,0,0,0,0,0,0
JD_11367525,2021-02-28,12,7,6,0,1,0,0
JD_11367524,2021-02-28,5,5,2,0,0,0,0
JD_11367523,2021-02-28,5,2,3,0,0,0,0
JD_11367522,2021-02-28,6,2,5,0,0,0,0
JD_11367521,2021-02-28,4,1,3,0,0,0,0
JD_11367518,2021-02-28,39,25,25,0,0,0,0
JD_11367517,2021-02-28,8,0,8,0,0,0,0
JD_11367516,2021-02-28,9,1,9,0,0,0,0
JD_11367512,2021-02-28,4,2,3,0,0,0,0
JD_11367511,2021-02-28,13,3,13,0,0,0,0
JD_11367510,2021-02-28,12,2,12,0,0,0,0
JD_11367508,2021-02-28,9,0,9,0,0,0,0
JD_11367507,2021-02-28,8,2,6,1,0,0,0
JD_11367505,2021-02-28,5,1,5,0,0,0,0
JD_11367504,2021-02-28,12,5,12,0,0,0,0
JD_11367503,2021-02-28,15,1,15,0,0,0,0
JD_11367498,2021-02-28,1,1,1,0,0,0,0
JD_11367489,2021-02-28,77,5,74,2,1,0,0
JD_11367486,2021-02-28,28,14,17,0,1,0,0
JD_11367485,2021-02-28,118,1,116,2,0,0,0
JD_11367484,2021-02-28,6,2,6,0,0,0,0
JD_11367483,2021-02-28,7,0,6,0,1,0,0
JD_11367480,2021-02-28,11,4,9,0,0,0,0
JD_11367479,2021-02-28,338,0,327,9,2,0,0
JD_11367478,2021-02-28,15,9,15,0,0,0,0
JD_11367477,2021-02-28,25,20,18,0,0,0,0
JD_11367476,2021-02-28,8,4,8,0,0,0,0
JD_11367475,2021-02-28,13,1,12,0,0,0,0
JD_11367474,2021-02-28,11,1,11,0,0,0,0
JD_11367473,2021-02-28,30,0,28,2,0,0,0
JD_11367472,2021-02-28,254,163,159,0,0,0,2
JD_11367471,2021-02-28,2,1,1,0,0,0,0
JD_11367469,2021-02-28,178,0,173,3,2,0,0
JD_11367468,2021-02-28,75,18,74,1,0,0,0
JD_11367457,2021-02-28,0,0,0,0,0,0,0
JD_11367456,2021-02-28,0,0,0,0,0,0,0
JD_11367455,2021-02-28,10,2,9,1,0,0,0
JD_11367452,2021-02-28,0,0,0,0,0,0,0
JD_11367451,2021-02-28,5,5,5,0,0,0,0
JD_11367450,2021-02-28,28,17,27,0,0,0,0
JD_11367448,2021-02-28,0,0,0,0,0,0,0
JD_11367447,2021-02-28,67,3,59,6,2,0,0
JD_11367446,2021-02-28,14,0,13,1,0,0,0
JD_11367445,2021-02-28,24,2,20,3,0,0,0
JD_11367444,2021-02-28,81,26,79,2,0,0,0
JD_11367443,2021-02-28,11,0,10,1,0,0,0
JD_11367440,2021-02-28,2,0,2,0,0,0,0
JD_11367439,2021-02-28,3,3,3,0,0,0,0
JD_11367437,2021-02-28,444,24,432,4,0,0,0
JD_11367436,2021-02-28,1,1,0,0,0,0,0
JD_11367435,2021-02-28,977,475,945,8,2,1,2
JD_11367434,2021-02-28,1078,188,1069,5,2,0,0
JD_11367433,2021-02-28,888,225,859,4,2,1,0
JD_11367431,2021-02-28,38,0,35,2,1,0,0
JD_11367430,2021-02-28,231,0,219,8,4,0,0
JD_11367429,2021-02-28,637,139,621,3,1,0,0
JD_11367428,2021-02-28,721,155,714,5,0,0,0
JD_11367427,2021-02-28,1255,223,1231,10,5,1,0
JD_11367426,2021-02-28,1431,778,1065,4,7,3,3
JD_11367425,2021-02-28,0,0,0,0,0,0,0
JD_11367423,2021-02-28,147,112,35,0,0,0,0
JD_11367419,2021-02-28,79,2,75,3,1,0,0
JD_11367418,2021-02-28,27,17,24,0,0,0,0
JD_11367417,2021-02-28,6,4,5,0,0,0,0
JD_11367416,2021-02-28,3,3,2,0,0,0,0
