JD_11299290,2021-02-28,1766,532,1666,18,7,1,0
JD_11299289,2021-02-28,547,4,527,16,0,0,0
JD_11299288,2021-02-28,4363,2915,2974,30,13,2,4
JD_11299287,2021-02-28,488,1,474,8,5,0,0
JD_11299286,2021-02-28,2940,1600,2443,27,3,0,0
JD_11299285,2021-02-28,3153,0,3088,52,13,0,1
JD_11299284,2021-02-28,0,0,0,0,0,0,0
JD_11299283,2021-02-28,5,3,4,0,0,0,0
JD_11299280,2021-02-28,6,3,5,0,0,0,0
JD_11299279,2021-02-28,10,6,6,0,0,0,0
JD_11299278,2021-02-28,4,4,2,0,0,0,0
JD_11299277,2021-02-28,2,2,1,0,0,0,0
JD_11299276,2021-02-28,5,3,5,0,0,0,0
JD_11299275,2021-02-28,11,8,6,0,0,0,0
JD_11299274,2021-02-28,1,1,1,0,0,0,0
JD_11299273,2021-02-28,0,0,0,0,0,0,0
JD_11299267,2021-02-28,49,29,40,0,0,0,0
JD_11299264,2021-02-28,95,17,91,4,0,0,0
JD_11299258,2021-02-28,0,0,0,0,0,0,0
JD_11299257,2021-02-28,0,0,0,0,0,0,0
JD_11299255,2021-02-28,105,0,103,2,0,0,0
JD_11299254,2021-02-28,0,0,0,0,0,0,0
JD_11299249,2021-02-28,54,21,40,3,0,0,0
JD_11299248,2021-02-28,28,17,22,1,0,0,0
JD_11299247,2021-02-28,2,2,2,0,0,0,0
JD_11299246,2021-02-28,10,4,7,0,0,0,0
JD_11299245,2021-02-28,2,2,0,0,0,0,0
JD_11299244,2021-02-28,21,13,10,0,0,0,0
JD_11299243,2021-02-28,0,0,0,0,0,0,0
JD_11299242,2021-02-28,14,6,8,0,0,0,0
JD_11299240,2021-02-28,6,3,6,0,0,0,0
JD_11299237,2021-02-28,11,2,11,0,0,0,0
JD_11299236,2021-02-28,64,12,58,1,2,0,0
JD_11299235,2021-02-28,131,3,123,5,3,0,0
JD_11299234,2021-02-28,189,10,183,6,0,0,1
JD_11299233,2021-02-28,0,0,0,0,0,0,0
JD_11299231,2021-02-28,62,19,61,1,0,0,0
JD_11299230,2021-02-28,2,1,1,0,0,0,0
JD_11299229,2021-02-28,0,0,0,0,0,0,0
JD_11299227,2021-02-28,6,2,4,0,0,0,0
JD_11299226,2021-02-28,40,29,22,0,0,0,0
JD_11299225,2021-02-28,1,1,0,0,0,0,0
JD_11299224,2021-02-28,23,20,7,0,0,0,0
JD_11299222,2021-02-28,193,134,92,2,0,0,0
JD_11299219,2021-02-28,1,0,1,0,0,0,0
JD_11299218,2021-02-28,24,17,13,1,0,0,0
JD_11299217,2021-02-28,10,4,8,0,0,0,0
JD_11299216,2021-02-28,6,4,4,0,0,0,0
JD_11299215,2021-02-28,3,3,2,0,0,0,0
JD_11299214,2021-02-28,2,2,0,0,0,0,0
JD_11299212,2021-02-28,8,6,6,0,0,0,0
JD_11299211,2021-02-28,1262,750,701,8,3,8,5
JD_11299210,2021-02-28,14,3,10,2,0,0,0
JD_11299209,2021-02-28,2,1,1,0,0,0,0
JD_11299208,2021-02-28,9,3,8,0,0,0,0
JD_11299207,2021-02-28,4,2,3,0,0,0,0
JD_11299206,2021-02-28,18,12,15,0,0,0,0
JD_11299205,2021-02-28,124,99,50,1,0,0,0
JD_11299204,2021-02-28,245,74,232,2,1,0,0
JD_11299203,2021-02-28,270,70,255,2,0,0,0
JD_11299202,2021-02-28,1,1,0,0,0,0,0
JD_11299201,2021-02-28,3,0,3,0,0,0,0
JD_11299199,2021-02-28,6,3,3,0,0,0,0
JD_11299196,2021-02-28,36,0,35,1,0,0,0
JD_11299195,2021-02-28,1,0,1,0,0,0,0
JD_11299194,2021-02-28,38,21,38,0,0,0,1
JD_11299192,2021-02-28,0,0,0,0,0,0,0
JD_11299191,2021-02-28,15,4,13,0,0,0,0
JD_11299187,2021-02-28,36,27,28,0,0,0,0
JD_11299185,2021-02-28,16,10,16,0,0,0,0
