JD_11329671,2021-02-28,4,3,3,0,0,0,0
JD_11329670,2021-02-28,11,0,11,0,0,0,0
JD_11329658,2021-02-28,6,2,4,1,0,0,0
JD_11329657,2021-02-28,114,4,104,7,1,0,0
JD_11329655,2021-02-28,12,4,12,0,0,0,0
JD_11329653,2021-02-28,7,0,7,0,0,0,0
JD_11329651,2021-02-28,30,14,21,0,1,0,0
JD_11329650,2021-02-28,28,2,25,1,0,0,0
JD_11329649,2021-02-28,18,0,18,0,0,0,0
JD_11329648,2021-02-28,19,6,16,1,0,0,0
JD_11329647,2021-02-28,9,2,7,1,0,0,0
JD_11329640,2021-02-28,709,106,667,32,6,0,1
JD_11329639,2021-02-28,7,0,7,0,0,0,0
JD_11329638,2021-02-28,12,2,11,0,0,0,0
JD_11329637,2021-02-28,141,7,140,1,0,0,0
JD_11329636,2021-02-28,635,5,622,12,1,0,0
JD_11329634,2021-02-28,7468,4432,4585,38,26,7,15
JD_11329633,2021-02-28,4,2,4,0,0,0,0
JD_11329632,2021-02-28,10,4,9,0,0,0,0
JD_11329631,2021-02-28,12,6,8,0,0,0,0
JD_11329630,2021-02-28,13,9,12,0,0,0,0
JD_11329629,2021-02-28,69,26,67,1,1,0,1
JD_11329628,2021-02-28,94,22,94,0,0,0,0
JD_11329627,2021-02-28,75,20,74,1,0,0,0
JD_11329626,2021-02-28,99,27,95,1,2,0,0
JD_11329625,2021-02-28,491,111,482,5,4,1,0
JD_11329624,2021-02-28,90,65,74,0,1,0,0
JD_11329623,2021-02-28,32,14,31,0,0,0,0
JD_11329622,2021-02-28,98,19,97,1,0,0,2
JD_11329620,2021-02-28,192,109,138,2,1,0,0
JD_11329619,2021-02-28,824,205,813,10,1,0,0
JD_11329617,2021-02-28,3,1,3,0,0,0,0
JD_11329616,2021-02-28,44,0,41,2,1,0,0
JD_11329614,2021-02-28,3,0,3,0,0,0,0
JD_11329612,2021-02-28,29,12,24,0,0,0,0
JD_11329608,2021-02-28,161,0,156,4,1,0,0
JD_11329607,2021-02-28,1485,1266,364,1,1,0,0
JD_11329604,2021-02-28,2,2,2,0,0,0,0
JD_11329599,2021-02-28,2358,1251,2309,11,6,2,6
JD_11329598,2021-02-28,0,0,0,0,0,0,0
JD_11329596,2021-02-28,1,0,1,0,0,0,0
JD_11329595,2021-02-28,0,0,0,0,0,0,0
JD_11329594,2021-02-28,0,0,0,0,0,0,0
JD_11329593,2021-02-28,14,9,9,0,0,0,0
JD_11329590,2021-02-28,96,66,62,1,0,0,0
JD_11329588,2021-02-28,0,0,0,0,0,0,0
JD_11329587,2021-02-28,78,53,63,1,0,1,0
JD_11329586,2021-02-28,145,99,113,0,0,0,1
JD_11329585,2021-02-28,75,56,54,0,0,0,0
JD_11329584,2021-02-28,147,94,116,1,0,0,0
JD_11329583,2021-02-28,94,45,64,1,0,0,0
JD_11329582,2021-02-28,122,100,94,1,0,0,0
JD_11329581,2021-02-28,15,10,5,0,0,0,0
JD_11329580,2021-02-28,49,38,11,0,0,0,0
JD_11329579,2021-02-28,0,0,0,0,0,0,0
JD_11329578,2021-02-28,87,55,74,0,0,0,0
JD_11329577,2021-02-28,0,0,0,0,0,0,0
JD_11329576,2021-02-28,0,0,0,0,0,0,0
JD_11329575,2021-02-28,10,4,9,0,0,0,0
JD_11329573,2021-02-28,15,10,14,0,1,0,0
JD_11329572,2021-02-28,0,0,0,0,0,0,0
JD_11329571,2021-02-28,13,8,7,0,0,0,0
JD_11329570,2021-02-28,12,9,10,0,0,0,0
JD_11329569,2021-02-28,2,1,2,0,0,0,0
JD_11329568,2021-02-28,0,0,0,0,0,0,0
JD_11329567,2021-02-28,13,10,9,1,0,0,0
JD_11329566,2021-02-28,64,3,62,1,0,0,0
JD_11329565,2021-02-28,2,0,2,0,0,0,0
JD_11329564,2021-02-28,5,4,3,0,0,0,0
JD_11329563,2021-02-28,2,1,1,0,0,0,0
