JD_11450988,2021-02-28,131,0,128,3,0,0,0
JD_11450985,2021-02-28,194,0,192,1,1,0,0
JD_11450984,2021-02-28,233,0,230,2,1,0,0
JD_11450983,2021-02-28,110,0,109,0,1,0,0
JD_11450979,2021-02-28,2,1,1,0,0,0,0
JD_11450978,2021-02-28,9,8,3,0,0,0,0
JD_11450976,2021-02-28,142,0,139,2,1,0,0
JD_11450969,2021-02-28,35,0,33,0,2,0,0
JD_11450960,2021-02-28,11,0,11,0,0,0,0
JD_11450950,2021-02-28,124,0,121,1,2,0,0
JD_11450947,2021-02-28,118,0,113,3,2,0,0
JD_11450944,2021-02-28,42,0,40,1,1,0,0
JD_11450942,2021-02-28,17,0,17,0,0,0,0
JD_11450940,2021-02-28,116,0,107,7,2,0,0
JD_11450939,2021-02-28,209,0,207,1,1,0,0
JD_11450937,2021-02-28,128,0,126,1,1,0,0
JD_11450921,2021-02-28,11,7,5,0,0,0,0
JD_11450920,2021-02-28,3,3,2,0,0,0,0
JD_11450918,2021-02-28,18,16,6,0,0,0,0
JD_11450917,2021-02-28,12,8,8,0,0,0,0
JD_11450916,2021-02-28,16,11,8,0,0,0,1
JD_11450915,2021-02-28,4,2,3,0,0,0,0
JD_11450914,2021-02-28,19,13,13,0,0,0,0
JD_11450913,2021-02-28,6,5,5,0,0,0,0
JD_11450912,2021-02-28,11,8,5,0,0,0,0
JD_11450910,2021-02-28,4,2,2,0,0,0,0
JD_11450909,2021-02-28,35,7,34,1,0,0,0
JD_11450908,2021-02-28,3,1,3,0,0,0,0
JD_11450907,2021-02-28,15,13,7,0,0,0,0
JD_11450906,2021-02-28,4,1,4,0,0,0,0
JD_11450905,2021-02-28,5,5,3,0,0,0,0
JD_11450904,2021-02-28,1,1,0,0,0,0,0
JD_11450901,2021-02-28,66,28,54,0,0,0,0
JD_11450900,2021-02-28,369,298,165,3,2,0,2
JD_11450899,2021-02-28,232,134,182,5,1,0,0
JD_11450898,2021-02-28,107,58,77,1,1,0,0
JD_11450897,2021-02-28,96,50,70,3,1,0,0
JD_11450896,2021-02-28,88,44,65,2,3,0,0
JD_11450895,2021-02-28,418,227,330,4,6,0,0
JD_11450894,2021-02-28,74,46,46,1,2,0,0
JD_11450893,2021-02-28,198,119,119,3,1,0,0
JD_11450892,2021-02-28,278,151,231,4,2,0,1
JD_11450891,2021-02-28,17,10,9,0,0,0,0
JD_11450890,2021-02-28,410,280,289,3,1,0,0
JD_11450889,2021-02-28,8,1,8,0,0,0,0
JD_11450888,2021-02-28,4,3,3,0,0,0,0
JD_11450887,2021-02-28,2,2,2,0,0,0,0
JD_11450886,2021-02-28,0,0,0,0,0,0,0
JD_11450885,2021-02-28,7,4,4,0,0,0,0
JD_11450884,2021-02-28,3,1,2,0,0,0,0
JD_11450883,2021-02-28,2,1,2,0,0,0,0
JD_11450882,2021-02-28,7,3,5,0,0,0,0
JD_11450881,2021-02-28,2,2,1,0,0,0,0
JD_11450879,2021-02-28,0,0,0,0,0,0,0
JD_11450878,2021-02-28,4,3,4,0,0,0,0
JD_11450877,2021-02-28,21,8,21,0,0,0,0
JD_11450876,2021-02-28,14,10,9,0,0,0,0
JD_11450875,2021-02-28,0,0,0,0,0,0,0
JD_11450874,2021-02-28,10,9,4,0,0,0,0
JD_11450873,2021-02-28,4,2,3,0,0,0,0
JD_11450872,2021-02-28,2,2,0,0,0,0,0
JD_11450871,2021-02-28,1,1,0,0,0,0,0
JD_11450870,2021-02-28,1,0,1,0,0,0,0
JD_11450869,2021-02-28,3,0,3,0,0,0,0
JD_11450868,2021-02-28,0,0,0,0,0,0,0
JD_11450867,2021-02-28,48,24,41,0,1,0,0
JD_11450866,2021-02-28,0,0,0,0,0,0,0
JD_11450865,2021-02-28,5,4,2,0,0,0,1
JD_11450864,2021-02-28,0,0,0,0,0,0,0
JD_11450863,2021-02-28,0,0,0,0,0,0,0
