JD_11406403,2021-02-28,0,0,0,0,0,0,0
JD_11406402,2021-02-28,46,31,30,0,0,0,0
JD_11406401,2021-02-28,43,31,26,1,0,1,1
JD_11406400,2021-02-28,46,24,32,0,0,0,0
JD_11406399,2021-02-28,7,3,6,0,0,0,0
JD_11406398,2021-02-28,770,292,703,20,9,0,1
JD_11406397,2021-02-28,41,10,38,0,1,0,0
JD_11406396,2021-02-28,8,0,8,0,0,0,0
JD_11406395,2021-02-28,10,3,9,0,0,0,0
JD_11406394,2021-02-28,10,1,10,0,0,0,0
JD_11406393,2021-02-28,1,1,1,0,0,0,0
JD_11406392,2021-02-28,1,1,1,0,0,0,0
JD_11406391,2021-02-28,301,106,242,2,1,1,4
JD_11406390,2021-02-28,8,5,8,0,0,0,0
JD_11406388,2021-02-28,157,106,66,1,1,0,1
JD_11406387,2021-02-28,58,41,25,0,0,0,0
JD_11406386,2021-02-28,68,47,31,0,0,0,0
JD_11406385,2021-02-28,47,29,25,0,1,0,0
JD_11406384,2021-02-28,34,22,17,1,0,0,0
JD_11406383,2021-02-28,58,47,15,0,0,0,0
JD_11406382,2021-02-28,33,28,13,0,0,0,0
JD_11406381,2021-02-28,18,5,16,0,0,0,0
JD_11406379,2021-02-28,58,38,24,0,0,0,0
JD_11406378,2021-02-28,59,39,28,1,0,0,0
JD_11406376,2021-02-28,23,16,11,0,0,0,0
JD_11406335,2021-02-28,27728,5632,27425,185,60,1,68
JD_11406332,2021-02-28,1767,391,1730,22,7,0,4
JD_11406331,2021-02-28,20050,6348,19796,196,43,3,24
JD_11406330,2021-02-28,8041,1204,7625,105,24,2,7
JD_11406325,2021-02-28,4,2,4,0,0,0,0
JD_11406323,2021-02-28,1868,1497,647,5,0,1,2
JD_11406322,2021-02-28,1684,1261,826,2,1,1,2
JD_11406321,2021-02-28,157,120,146,3,0,0,1
JD_11406320,2021-02-28,0,0,0,0,0,0,0
JD_11406314,2021-02-28,0,0,0,0,0,0,0
JD_11406309,2021-02-28,0,0,0,0,0,0,0
JD_11406306,2021-02-28,178,126,79,1,0,0,0
JD_11406305,2021-02-28,98,56,57,2,1,0,0
JD_11406304,2021-02-28,117,67,113,0,0,0,0
JD_11406303,2021-02-28,132,77,126,0,0,0,1
JD_11406302,2021-02-28,97,68,58,2,0,0,1
JD_11406301,2021-02-28,176,110,174,1,0,0,1
JD_11406298,2021-02-28,4,2,3,0,0,0,0
JD_11406297,2021-02-28,46,25,29,0,0,0,0
JD_11406296,2021-02-28,36,25,17,0,0,0,0
JD_11406295,2021-02-28,44,30,25,1,0,0,0
JD_11406294,2021-02-28,0,0,0,0,0,0,0
JD_11406293,2021-02-28,31,12,29,1,0,0,0
JD_11406292,2021-02-28,52,30,31,0,0,0,0
JD_11406291,2021-02-28,24,10,21,0,0,0,0
JD_11406290,2021-02-28,33,20,16,0,0,0,2
JD_11406289,2021-02-28,1,0,1,0,0,0,0
JD_11406288,2021-02-28,8,4,8,0,0,0,0
JD_11406287,2021-02-28,0,0,0,0,0,0,0
JD_11406286,2021-02-28,7,7,1,0,0,0,0
JD_11406285,2021-02-28,6,2,5,0,0,0,0
JD_11406284,2021-02-28,16,14,7,0,0,0,0
JD_11406283,2021-02-28,11,9,6,0,0,0,0
JD_11406281,2021-02-28,140,96,73,1,0,0,0
JD_11406278,2021-02-28,128,89,62,0,1,0,1
JD_11406275,2021-02-28,38,10,35,0,0,0,0
JD_11406273,2021-02-28,0,0,0,0,0,0,0
JD_11406271,2021-02-28,0,0,0,0,0,0,0
JD_11406270,2021-02-28,0,0,0,0,0,0,0
JD_11406268,2021-02-28,156,0,151,5,0,0,0
JD_11406267,2021-02-28,10,8,3,0,0,0,0
JD_11406266,2021-02-28,0,0,0,0,0,0,0
JD_11406264,2021-02-28,0,0,0,0,0,0,0
JD_11406262,2021-02-28,0,0,0,0,0,0,0
JD_11406259,2021-02-28,239,136,168,1,0,1,0
