JD_11658477,2021-02-28,1,1,1,0,0,0,0
JD_11658476,2021-02-28,359,272,151,1,1,0,0
JD_11658475,2021-02-28,66,30,59,2,0,0,0
JD_11658474,2021-02-28,26,19,14,0,0,0,0
JD_11658473,2021-02-28,5,3,5,0,0,0,0
JD_11658472,2021-02-28,22,0,21,1,0,0,0
JD_11658471,2021-02-28,0,0,0,0,0,0,0
JD_11658470,2021-02-28,44,3,42,1,0,0,0
JD_11658469,2021-02-28,331,77,311,0,2,0,0
JD_11658468,2021-02-28,3,1,3,0,0,0,0
JD_11658467,2021-02-28,18,5,18,0,0,0,0
JD_11658466,2021-02-28,48,13,40,0,0,0,0
JD_11658465,2021-02-28,34,1,34,0,0,0,0
JD_11658464,2021-02-28,24,1,22,2,0,0,0
JD_11658463,2021-02-28,169,0,169,0,0,0,0
JD_11658462,2021-02-28,25,0,25,0,0,0,0
JD_11658461,2021-02-28,12,0,12,0,0,0,0
JD_11658460,2021-02-28,6,0,6,0,0,0,0
JD_11658459,2021-02-28,22,0,22,0,0,0,0
JD_11658458,2021-02-28,29,0,29,0,0,0,0
JD_11658457,2021-02-28,8,0,8,0,0,0,0
JD_11658456,2021-02-28,8,0,8,0,0,0,0
JD_11658455,2021-02-28,4,0,4,0,0,0,0
JD_11658454,2021-02-28,15,9,11,1,0,0,0
JD_11658453,2021-02-28,28,0,28,0,0,0,0
JD_11658452,2021-02-28,1,0,1,0,0,0,0
JD_11658451,2021-02-28,18,0,17,0,1,0,0
JD_11658450,2021-02-28,15,0,15,0,0,0,0
JD_11658449,2021-02-28,2,0,2,0,0,0,0
JD_11658448,2021-02-28,19,0,19,0,0,0,0
JD_11658446,2021-02-28,39,0,36,3,0,0,0
JD_11658445,2021-02-28,128,0,123,4,1,0,0
JD_11658444,2021-02-28,2,0,2,0,0,0,0
JD_11658443,2021-02-28,9,0,9,0,0,0,0
JD_11658442,2021-02-28,32,0,32,0,0,0,0
JD_11658441,2021-02-28,7,0,7,0,0,0,0
JD_11658440,2021-02-28,5,0,5,0,0,0,0
JD_11658439,2021-02-28,18,0,18,0,0,0,0
JD_11658438,2021-02-28,71,31,71,0,0,0,1
JD_11658437,2021-02-28,8,2,8,0,0,0,0
JD_11658436,2021-02-28,26,16,15,0,0,0,0
JD_11658435,2021-02-28,9,0,9,0,0,0,0
JD_11658434,2021-02-28,11,3,7,1,0,0,0
JD_11658433,2021-02-28,37,22,22,0,0,0,0
JD_11658432,2021-02-28,18,10,18,0,0,0,0
JD_11658431,2021-02-28,38,26,23,0,0,0,0
JD_11658430,2021-02-28,58,11,49,2,3,0,0
JD_11658429,2021-02-28,7,1,5,1,0,0,0
JD_11658428,2021-02-28,46,0,44,2,0,0,0
JD_11658427,2021-02-28,230,156,134,1,0,0,2
JD_11658426,2021-02-28,88,41,71,1,0,0,0
JD_11658424,2021-02-28,9,0,8,1,0,0,0
JD_11658423,2021-02-28,40,0,40,0,0,0,0
JD_11658422,2021-02-28,113,22,106,1,0,0,0
JD_11658421,2021-02-28,15,8,11,0,1,0,0
JD_11658419,2021-02-28,125,0,123,2,0,0,0
JD_11658418,2021-02-28,9,9,3,0,0,0,0
JD_11658417,2021-02-28,4,3,1,0,0,0,0
JD_11658416,2021-02-28,22,13,14,0,0,0,0
JD_11658415,2021-02-28,8,3,7,0,1,0,0
JD_11658412,2021-02-28,1674,1188,1018,2,3,4,8
JD_11658411,2021-02-28,503,327,288,3,4,0,2
JD_11658410,2021-02-28,137,49,130,1,0,0,0
JD_11658409,2021-02-28,86,39,62,0,0,0,0
JD_11658408,2021-02-28,5,1,5,0,0,0,0
JD_11658407,2021-02-28,524,322,451,1,0,0,4
JD_11658406,2021-02-28,66,7,64,1,1,0,0
JD_11658405,2021-02-28,158,132,60,1,0,1,1
JD_11658404,2021-02-28,13,5,12,0,0,0,0
JD_11658403,2021-02-28,50,41,20,1,0,0,0
