JD_11482109,2021-02-28,107,0,105,2,0,0,0
JD_11482108,2021-02-28,131,84,102,2,0,0,0
JD_11482107,2021-02-28,3,2,2,0,0,0,0
JD_11482106,2021-02-28,23,13,20,0,0,0,0
JD_11482104,2021-02-28,8,4,4,0,0,0,0
JD_11482099,2021-02-28,4,0,3,0,1,0,0
JD_11482097,2021-02-28,35,0,34,1,0,0,0
JD_11482096,2021-02-28,45,0,45,0,0,0,0
JD_11482092,2021-02-28,26,0,24,2,0,0,0
JD_11482087,2021-02-28,28,0,26,2,0,0,0
JD_11482086,2021-02-28,21169,15104,13199,102,67,14,33
JD_11482085,2021-02-28,6,2,4,0,0,0,0
JD_11482084,2021-02-28,11,0,11,0,0,0,0
JD_11482082,2021-02-28,856,0,826,23,7,0,0
JD_11482081,2021-02-28,649,438,329,0,1,1,1
JD_11482080,2021-02-28,246,143,128,3,0,0,0
JD_11482079,2021-02-28,225,86,151,6,1,0,1
JD_11482077,2021-02-28,129,71,80,2,0,0,1
JD_11482076,2021-02-28,1,1,1,0,0,0,0
JD_11482075,2021-02-28,0,0,0,0,0,0,0
JD_11482074,2021-02-28,0,0,0,0,0,0,0
JD_11482073,2021-02-28,2,0,2,0,0,0,0
JD_11482072,2021-02-28,0,0,0,0,0,0,0
JD_11482071,2021-02-28,3,1,2,0,0,0,0
JD_11482070,2021-02-28,2,0,2,0,0,0,0
JD_11482069,2021-02-28,1,1,1,0,0,0,0
JD_11482068,2021-02-28,28,17,22,0,0,0,0
JD_11482067,2021-02-28,3,3,1,0,0,0,0
JD_11482066,2021-02-28,3,3,1,0,0,0,0
JD_11482065,2021-02-28,0,0,0,0,0,0,0
JD_11482064,2021-02-28,421,115,416,5,0,0,1
JD_11482063,2021-02-28,1923,680,1599,15,5,1,1
JD_11482062,2021-02-28,2,2,2,0,0,0,0
JD_11482061,2021-02-28,0,0,0,0,0,0,0
JD_11482060,2021-02-28,2,2,0,0,0,0,0
JD_11482059,2021-02-28,8,6,4,0,0,0,0
JD_11482058,2021-02-28,6,5,3,0,0,0,0
JD_11482057,2021-02-28,6,3,3,0,0,0,0
JD_11482056,2021-02-28,95,62,63,0,0,0,0
JD_11482055,2021-02-28,12,0,11,1,0,0,0
JD_11482054,2021-02-28,0,0,0,0,0,0,0
JD_11482053,2021-02-28,0,0,0,0,0,0,0
JD_11482052,2021-02-28,1,1,1,0,0,0,0
JD_11482051,2021-02-28,1,0,1,0,0,0,0
JD_11482050,2021-02-28,0,0,0,0,0,0,0
JD_11482049,2021-02-28,998,714,536,3,0,0,3
JD_11482048,2021-02-28,1,0,1,0,0,0,0
JD_11482047,2021-02-28,0,0,0,0,0,0,0
JD_11482046,2021-02-28,5,4,3,0,0,0,0
JD_11482045,2021-02-28,63,48,33,0,0,0,0
JD_11482044,2021-02-28,0,0,0,0,0,0,0
JD_11482043,2021-02-28,4,3,3,0,0,0,0
JD_11482042,2021-02-28,2,2,2,0,0,0,0
JD_11482040,2021-02-28,1,0,0,1,0,0,0
JD_11482039,2021-02-28,1,0,1,0,0,0,0
JD_11482037,2021-02-28,1,0,1,0,0,0,0
JD_11482035,2021-02-28,114,89,62,1,0,0,0
JD_11482034,2021-02-28,4,4,2,0,0,0,0
JD_11482032,2021-02-28,10,8,3,0,0,0,0
JD_11482031,2021-02-28,39,26,24,0,0,0,0
JD_11482029,2021-02-28,6,4,3,0,0,0,0
JD_11482028,2021-02-28,0,0,0,0,0,0,0
JD_11482027,2021-02-28,4,3,2,0,0,0,0
JD_11482026,2021-02-28,196,0,191,3,2,0,0
JD_11482024,2021-02-28,59,44,32,0,0,0,0
JD_11482023,2021-02-28,201,0,196,5,0,0,0
JD_11482020,2021-02-28,62,11,50,4,1,0,0
JD_11482018,2021-02-28,6,2,5,0,0,0,0
JD_11482015,2021-02-28,56,23,45,0,0,0,0
JD_11482014,2021-02-28,13014,10586,3633,13,8,7,17
