JD_12611805,2021-02-28,520,447,72,1,0,0,0
JD_12611804,2021-02-28,13,10,2,1,0,0,0
JD_12611803,2021-02-28,1412,1205,206,1,0,1,1
JD_12611802,2021-02-28,13,11,1,1,0,0,0
JD_12611801,2021-02-28,458,410,47,1,0,0,0
JD_12611800,2021-02-28,62,48,14,0,0,0,0
JD_12611799,2021-02-28,7,7,0,0,0,0,0
JD_12611798,2021-02-28,98,74,23,1,0,0,0
JD_12611797,2021-02-28,9,7,2,0,0,0,0
JD_12611796,2021-02-28,22,18,4,0,0,0,0
JD_12611795,2021-02-28,12,10,2,0,0,0,0
JD_12611794,2021-02-28,14,11,3,0,0,0,0
JD_12611793,2021-02-28,16,7,9,0,0,0,1
JD_12611792,2021-02-28,11,10,1,0,0,0,0
JD_12611791,2021-02-28,6,5,1,0,0,0,0
JD_12611789,2021-02-28,31,26,5,0,0,0,0
JD_12611787,2021-02-28,120,108,12,0,0,0,0
JD_12611785,2021-02-28,1,1,0,0,0,0,0
JD_12611784,2021-02-28,3,3,0,0,0,0,0
JD_12611783,2021-02-28,0,0,0,0,0,0,0
JD_12611782,2021-02-28,7,6,1,0,0,0,0
JD_12611781,2021-02-28,0,0,0,0,0,0,0
JD_12611780,2021-02-28,24,22,2,0,0,0,0
JD_12611779,2021-02-28,12,11,1,0,0,0,0
JD_12611778,2021-02-28,18,14,4,0,0,0,0
JD_12611777,2021-02-28,34,32,2,0,0,0,0
JD_12611775,2021-02-28,14,13,1,0,0,0,0
JD_12611773,2021-02-28,56,51,5,0,0,0,0
JD_12611771,2021-02-28,38,31,7,0,0,0,0
JD_12611769,2021-02-28,5,3,2,0,0,0,0
JD_12611767,2021-02-28,13,12,1,0,0,0,0
JD_12611766,2021-02-28,5,4,1,0,0,0,0
JD_12611765,2021-02-28,17,17,0,0,0,0,0
JD_12611764,2021-02-28,6,4,2,0,0,0,0
JD_12611763,2021-02-28,34,28,6,0,0,1,0
JD_12611762,2021-02-28,11,9,2,0,0,0,0
JD_12611761,2021-02-28,1,1,0,0,0,0,0
JD_12611760,2021-02-28,7,7,0,0,0,0,0
JD_12611759,2021-02-28,11,10,1,0,0,0,0
JD_12611758,2021-02-28,2,1,1,0,0,0,0
JD_12611757,2021-02-28,16,16,0,0,0,0,0
JD_12611756,2021-02-28,2,2,0,0,0,0,0
JD_12611755,2021-02-28,96,85,11,0,0,0,0
JD_12611754,2021-02-28,7,6,1,0,0,0,0
JD_12611753,2021-02-28,21,14,6,0,1,0,1
JD_12611752,2021-02-28,1,1,0,0,0,0,0
JD_12611751,2021-02-28,43,37,6,0,0,0,0
JD_12611750,2021-02-28,7,6,1,0,0,0,0
JD_12611749,2021-02-28,54,47,7,0,0,0,0
JD_12611748,2021-02-28,152,131,20,1,0,0,0
JD_12611747,2021-02-28,102,89,13,0,0,0,0
JD_12611746,2021-02-28,1,1,0,0,0,0,0
JD_12611745,2021-02-28,7,7,0,0,0,0,0
JD_12611744,2021-02-28,9,7,2,0,0,0,0
JD_12611743,2021-02-28,26,22,4,0,0,0,0
JD_12611742,2021-02-28,8,8,0,0,0,0,0
JD_12611741,2021-02-28,3,3,0,0,0,0,0
JD_12611740,2021-02-28,3,2,1,0,0,0,0
JD_12611739,2021-02-28,736,661,74,1,0,0,0
JD_12611738,2021-02-28,14,12,2,0,0,0,0
JD_12611737,2021-02-28,116,102,13,0,1,0,0
JD_12611736,2021-02-28,14,13,1,0,0,0,0
JD_12611735,2021-02-28,74,65,9,0,0,0,0
JD_12611734,2021-02-28,3,0,3,0,0,0,0
JD_12611733,2021-02-28,66,55,11,0,0,0,0
JD_12611732,2021-02-28,0,0,0,0,0,0,0
JD_12611731,2021-02-28,8,7,1,0,0,0,0
JD_12611730,2021-02-28,0,0,0,0,0,0,0
JD_12611729,2021-02-28,2,2,0,0,0,0,0
JD_12611728,2021-02-28,13,12,1,0,0,0,0
