JD_11619750,2021-02-28,32,9,29,0,0,0,0
JD_11619749,2021-02-28,49,16,47,2,0,0,0
JD_11619748,2021-02-28,11,4,8,1,0,0,0
JD_11619747,2021-02-28,9942,7863,8271,15,11,13,15
JD_11619746,2021-02-28,8,1,8,0,0,0,1
JD_11619745,2021-02-28,457,157,431,4,1,0,0
JD_11619744,2021-02-28,117,0,116,1,0,0,0
JD_11619742,2021-02-28,21,1,21,0,0,0,0
JD_11619741,2021-02-28,10,3,8,0,0,0,0
JD_11619740,2021-02-28,1839,1060,1528,11,4,1,3
JD_11619739,2021-02-28,2398,1308,2334,16,7,3,8
JD_11619735,2021-02-28,9,3,9,0,0,0,0
JD_11619734,2021-02-28,10,3,8,1,0,0,0
JD_11619733,2021-02-28,28,15,16,0,0,0,1
JD_11619728,2021-02-28,8,3,8,0,0,0,0
JD_11619726,2021-02-28,18,13,15,0,0,0,0
JD_11619724,2021-02-28,6,3,6,0,0,0,0
JD_11619721,2021-02-28,327,228,268,1,1,0,1
JD_11619720,2021-02-28,1,1,1,0,0,0,0
JD_11619715,2021-02-28,12,6,11,0,0,0,0
JD_11619714,2021-02-28,0,0,0,0,0,0,0
JD_11619711,2021-02-28,22,16,15,0,0,0,0
JD_11619709,2021-02-28,0,0,0,0,0,0,0
JD_11619708,2021-02-28,0,0,0,0,0,0,0
JD_11619706,2021-02-28,12,9,5,0,0,0,0
JD_11619705,2021-02-28,0,0,0,0,0,0,0
JD_11619704,2021-02-28,7,4,4,0,0,0,0
JD_11619703,2021-02-28,0,0,0,0,0,0,0
JD_11619701,2021-02-28,11,1,11,0,0,0,0
JD_11619700,2021-02-28,11,1,11,0,0,0,0
JD_11619698,2021-02-28,14,7,9,0,1,0,1
JD_11619697,2021-02-28,1,0,1,0,0,0,0
JD_11619696,2021-02-28,46,25,32,0,0,0,0
JD_11619694,2021-02-28,3,1,3,0,0,0,0
JD_11619692,2021-02-28,4,1,3,0,0,0,0
JD_11619691,2021-02-28,6,4,4,0,0,0,0
JD_11619690,2021-02-28,0,0,0,0,0,0,0
JD_11619688,2021-02-28,40,30,24,0,0,0,0
JD_11619687,2021-02-28,0,0,0,0,0,0,0
JD_11619686,2021-02-28,23,17,13,0,0,0,0
JD_11619592,2021-02-28,10,6,10,0,0,0,0
JD_11619591,2021-02-28,19,17,8,0,0,0,0
JD_11619590,2021-02-28,57,38,26,0,1,0,0
JD_11619589,2021-02-28,45,28,28,0,0,0,0
JD_11619588,2021-02-28,61,38,41,0,0,0,0
JD_11619587,2021-02-28,131,107,84,0,0,0,1
JD_11619586,2021-02-28,4,3,2,0,0,0,0
JD_11619585,2021-02-28,0,0,0,0,0,0,0
JD_11619583,2021-02-28,2,2,1,0,0,0,0
JD_11619581,2021-02-28,755,449,634,5,2,1,1
JD_11619580,2021-02-28,80,39,74,0,0,1,1
JD_11619579,2021-02-28,5,2,5,0,0,0,0
JD_11619578,2021-02-28,27,19,11,0,0,0,0
JD_11619577,2021-02-28,6,5,3,0,0,0,0
JD_11619576,2021-02-28,9,8,6,0,0,0,0
JD_11619575,2021-02-28,13,10,10,0,0,0,0
JD_11619574,2021-02-28,79,35,61,0,0,0,1
JD_11619573,2021-02-28,163,92,122,1,0,0,2
JD_11619572,2021-02-28,11,9,6,0,1,0,0
JD_11619569,2021-02-28,8,5,7,0,0,0,0
JD_11619567,2021-02-28,207,136,133,0,0,0,0
JD_11619566,2021-02-28,192,134,102,1,0,0,2
JD_11619565,2021-02-28,6,6,0,0,0,0,0
JD_11619564,2021-02-28,130,66,91,1,2,0,0
JD_11619563,2021-02-28,0,0,0,0,0,0,0
JD_11619562,2021-02-28,1,1,0,0,0,0,0
JD_11619561,2021-02-28,0,0,0,0,0,0,0
JD_11619560,2021-02-28,1,0,1,0,0,0,0
JD_11619559,2021-02-28,0,0,0,0,0,0,0
JD_11619558,2021-02-28,1,1,0,0,0,0,0
