JD_11487417,2021-02-28,22,18,14,0,0,0,0
JD_11487415,2021-02-28,0,0,0,0,0,0,0
JD_11487414,2021-02-28,43,17,42,0,0,0,0
JD_11487413,2021-02-28,26,18,14,0,1,0,0
JD_11487412,2021-02-28,1589,345,1570,16,3,0,4
JD_11487409,2021-02-28,5,3,3,0,0,0,0
JD_11487408,2021-02-28,2,1,2,0,0,0,0
JD_11487407,2021-02-28,307,247,172,2,1,0,1
JD_11487383,2021-02-28,47,9,44,0,0,0,0
JD_11487382,2021-02-28,40,10,38,0,0,0,0
JD_11487374,2021-02-28,237,0,235,2,0,0,0
JD_11487373,2021-02-28,2,1,1,0,0,0,0
JD_11487372,2021-02-28,3,2,1,0,0,0,0
JD_11487369,2021-02-28,572,293,549,2,0,0,3
JD_11487368,2021-02-28,385,147,383,1,0,0,1
JD_11487367,2021-02-28,77,50,56,0,0,0,0
JD_11487357,2021-02-28,0,0,0,0,0,0,0
JD_11487347,2021-02-28,0,0,0,0,0,0,0
JD_11487346,2021-02-28,2,1,1,0,0,0,0
JD_11487345,2021-02-28,916,708,462,2,1,2,1
JD_11487344,2021-02-28,0,0,0,0,0,0,0
JD_11487343,2021-02-28,95,63,49,0,1,0,0
JD_11487342,2021-02-28,338,252,160,2,0,0,0
JD_11487341,2021-02-28,6,3,4,0,0,0,0
JD_11487340,2021-02-28,7,5,5,0,0,0,0
JD_11487339,2021-02-28,7,0,6,1,0,0,0
JD_11487338,2021-02-28,27,10,26,0,1,0,0
JD_11487334,2021-02-28,10,6,10,0,0,0,0
JD_11487331,2021-02-28,43,6,43,0,0,0,0
JD_11487330,2021-02-28,6,2,5,0,0,0,0
JD_11487329,2021-02-28,31,4,30,1,0,0,0
JD_11487328,2021-02-28,0,0,0,0,0,0,0
JD_11487327,2021-02-28,1097,632,982,15,18,6,14
JD_11487326,2021-02-28,9,8,4,0,0,0,0
JD_11487325,2021-02-28,24,1,22,1,1,0,0
JD_11487324,2021-02-28,8921,6813,5968,31,15,2,15
JD_11487323,2021-02-28,109,39,106,2,0,0,0
JD_11487322,2021-02-28,17,0,16,1,0,0,0
JD_11487321,2021-02-28,27,21,7,0,0,0,0
JD_11487318,2021-02-28,6,5,3,0,0,0,0
JD_11487316,2021-02-28,191,11,181,5,3,0,0
JD_11487315,2021-02-28,127,5,120,5,2,0,0
JD_11487314,2021-02-28,58,12,55,2,0,0,0
JD_11487313,2021-02-28,1639,1211,1262,5,1,2,1
JD_11487312,2021-02-28,16,11,14,1,0,0,0
JD_11487311,2021-02-28,72,3,67,3,2,0,0
JD_11487310,2021-02-28,429,0,399,23,7,0,0
JD_11487309,2021-02-28,37,11,36,1,0,0,0
JD_11487308,2021-02-28,115,25,101,3,0,0,0
JD_11487307,2021-02-28,898,478,565,6,1,2,3
JD_11487306,2021-02-28,2536,1776,896,3,5,6,5
JD_11487305,2021-02-28,600,364,403,2,1,1,2
JD_11487304,2021-02-28,121,28,106,7,0,0,0
JD_11487303,2021-02-28,1144,672,539,9,1,4,6
JD_11487302,2021-02-28,20,8,14,0,0,0,0
JD_11487301,2021-02-28,123,90,65,0,1,0,0
JD_11487298,2021-02-28,21,4,21,0,0,0,0
JD_11487297,2021-02-28,4656,3046,2652,4,1,3,10
JD_11487296,2021-02-28,103,14,102,1,0,0,0
JD_11487295,2021-02-28,42,21,28,0,0,0,0
JD_11487294,2021-02-28,18,1,16,1,0,0,0
JD_11487293,2021-02-28,157,127,115,1,0,0,0
JD_11487292,2021-02-28,69,0,64,3,2,0,0
JD_11487291,2021-02-28,1011,693,620,5,0,1,5
JD_11487290,2021-02-28,5,4,2,0,0,0,0
JD_11487289,2021-02-28,1433,906,861,14,11,3,2
JD_11487287,2021-02-28,70,56,18,0,0,0,0
JD_11487285,2021-02-28,34,8,34,0,0,0,0
JD_11487284,2021-02-28,24,10,23,1,0,0,0
JD_11487283,2021-02-28,18,7,17,0,0,0,0
