JD_11970217,2021-02-28,2,1,2,0,0,0,0
JD_11970216,2021-02-28,47,13,45,1,1,0,0
JD_11970215,2021-02-28,2,1,1,0,0,0,0
JD_11970214,2021-02-28,74,54,49,0,0,0,0
JD_11970213,2021-02-28,44,31,28,0,0,1,1
JD_11970212,2021-02-28,1496,1111,1395,3,2,1,3
JD_11970211,2021-02-28,9,5,9,0,0,0,0
JD_11970210,2021-02-28,27,18,27,0,0,0,0
JD_11970209,2021-02-28,12,7,10,0,0,0,0
JD_11970208,2021-02-28,16,11,11,0,0,0,0
JD_11970207,2021-02-28,30,23,16,0,0,0,0
JD_11970206,2021-02-28,103,67,102,1,0,0,0
JD_11970204,2021-02-28,13,9,12,0,0,0,0
JD_11970203,2021-02-28,1,1,0,0,0,0,0
JD_11970202,2021-02-28,4,2,3,0,0,0,0
JD_11970201,2021-02-28,384,307,223,0,0,0,0
JD_11970200,2021-02-28,13,10,7,0,0,0,0
JD_11970199,2021-02-28,1068,703,764,0,1,0,1
JD_11970198,2021-02-28,8,6,3,0,0,0,0
JD_11970197,2021-02-28,13,10,5,0,0,0,0
JD_11970196,2021-02-28,82,50,80,0,0,1,0
JD_11970195,2021-02-28,4,4,4,0,0,0,0
JD_11970194,2021-02-28,68,58,42,0,0,0,0
JD_11970193,2021-02-28,9,7,6,0,0,0,0
JD_11970192,2021-02-28,11,9,9,0,0,0,0
JD_11970191,2021-02-28,5,4,4,0,0,0,0
JD_11970190,2021-02-28,95,82,46,0,1,0,1
JD_11970189,2021-02-28,99,80,45,1,0,0,1
JD_11970188,2021-02-28,151,123,53,0,0,0,0
JD_11970187,2021-02-28,1,1,1,0,0,0,0
JD_11970186,2021-02-28,23,18,19,0,0,0,0
JD_11970185,2021-02-28,2080,1679,762,8,3,4,1
JD_11970184,2021-02-28,9,3,8,0,0,0,0
JD_11970183,2021-02-28,4,4,1,0,0,0,0
JD_11970182,2021-02-28,518,397,408,2,1,0,1
JD_11970181,2021-02-28,33,25,22,0,0,0,0
JD_11970180,2021-02-28,27,0,27,0,0,0,0
JD_11970179,2021-02-28,6,5,3,0,0,0,0
JD_11970178,2021-02-28,24,2,24,0,0,0,1
JD_11970176,2021-02-28,126,1,125,1,0,0,0
JD_11970175,2021-02-28,95,82,20,0,0,0,0
JD_11969772,2021-02-28,38,25,33,0,0,0,0
JD_11969771,2021-02-28,269,4,264,4,1,0,1
JD_11969769,2021-02-28,204,66,179,3,1,0,3
JD_11969768,2021-02-28,7,5,2,0,0,0,0
JD_11969766,2021-02-28,0,0,0,0,0,0,0
JD_11969764,2021-02-28,55,43,33,0,1,0,0
JD_11969763,2021-02-28,56,0,56,0,0,0,0
JD_11969761,2021-02-28,30,0,30,0,0,0,0
JD_11969760,2021-02-28,8,6,3,0,0,0,0
JD_11969759,2021-02-28,5,0,5,0,0,0,0
JD_11969758,2021-02-28,28,21,16,0,0,0,0
JD_11969757,2021-02-28,2,0,2,0,0,0,0
JD_11969755,2021-02-28,11,0,11,0,0,0,0
JD_11969754,2021-02-28,14,11,14,0,0,0,0
JD_11969753,2021-02-28,4,0,4,0,0,0,0
JD_11969752,2021-02-28,7,6,4,0,0,0,0
JD_11969751,2021-02-28,10,7,6,0,1,0,0
JD_11969750,2021-02-28,4,4,2,0,0,0,0
JD_11969749,2021-02-28,71,44,66,0,0,0,0
JD_11969748,2021-02-28,10,8,10,0,0,0,0
JD_11969747,2021-02-28,1,0,1,0,0,0,0
JD_11969746,2021-02-28,27,5,25,0,0,0,0
JD_11969745,2021-02-28,22,0,22,0,0,0,0
JD_11969744,2021-02-28,132,83,118,0,0,0,0
JD_11969743,2021-02-28,453,331,271,0,0,1,2
JD_11969742,2021-02-28,1,1,0,0,0,0,0
JD_11969740,2021-02-28,26,21,23,0,0,0,0
JD_11969739,2021-02-28,22,0,22,0,0,0,0
JD_11969738,2021-02-28,111,78,95,0,0,0,0
