JD_12342037,2021-02-28,47,42,23,0,0,0,0
JD_12342036,2021-02-28,0,0,0,0,0,0,0
JD_12342035,2021-02-28,164,124,114,0,0,0,1
JD_12342034,2021-02-28,1,1,0,0,0,0,0
JD_12342033,2021-02-28,72,63,21,0,0,0,0
JD_12342032,2021-02-28,1,1,1,0,0,0,0
JD_12342031,2021-02-28,116,84,68,0,0,0,0
JD_12342030,2021-02-28,21,15,13,0,0,0,0
JD_12342029,2021-02-28,315,262,161,1,1,0,0
JD_12342028,2021-02-28,0,0,0,0,0,0,0
JD_12342027,2021-02-28,44,37,18,0,0,0,0
JD_12342026,2021-02-28,4,2,2,0,0,0,0
JD_12342025,2021-02-28,3568,2721,3377,6,1,8,8
JD_12342024,2021-02-28,200,177,76,0,0,0,0
JD_12342023,2021-02-28,3,3,0,0,0,0,0
JD_12342022,2021-02-28,1,1,0,0,0,0,0
JD_12342021,2021-02-28,33,29,7,1,0,0,0
JD_12342020,2021-02-28,0,0,0,0,0,0,0
JD_12342019,2021-02-28,9277,7919,2470,6,2,3,14
JD_12342018,2021-02-28,0,0,0,0,0,0,0
JD_12342017,2021-02-28,335,285,189,0,0,0,0
JD_12342015,2021-02-28,54,37,34,0,0,0,0
JD_12342014,2021-02-28,3,3,0,0,0,0,0
JD_12342013,2021-02-28,111,97,35,0,0,0,1
JD_12342012,2021-02-28,2,2,1,0,0,0,0
JD_12342010,2021-02-28,2,1,1,0,0,0,0
JD_12342009,2021-02-28,5,4,2,0,0,0,0
JD_12342008,2021-02-28,1,1,1,0,0,0,0
JD_12342007,2021-02-28,581,508,174,0,0,2,0
JD_12342006,2021-02-28,9,6,8,0,0,0,0
JD_12342005,2021-02-28,170,152,64,0,0,0,0
JD_12342004,2021-02-28,15,12,12,0,0,0,0
JD_12342003,2021-02-28,3,3,2,0,0,0,0
JD_12342001,2021-02-28,291,225,144,0,1,0,1
JD_12341999,2021-02-28,67,55,17,0,0,0,0
JD_12341998,2021-02-28,27,25,7,0,0,0,0
JD_12341996,2021-02-28,149,113,66,0,0,1,1
JD_12341994,2021-02-28,135,107,53,0,0,0,0
JD_12341992,2021-02-28,90,77,27,0,0,0,0
JD_12341991,2021-02-28,58,45,24,0,0,0,0
JD_12341990,2021-02-28,47,28,29,0,0,0,0
JD_12341989,2021-02-28,478,374,188,2,1,0,0
JD_12341988,2021-02-28,2005,1775,1264,2,1,1,6
JD_12341987,2021-02-28,26,11,26,0,0,0,0
JD_12341986,2021-02-28,0,0,0,0,0,0,0
JD_12341985,2021-02-28,40,20,30,0,0,0,1
JD_12341984,2021-02-28,6,6,4,0,0,0,0
JD_12341983,2021-02-28,14,3,14,0,0,0,0
JD_12341982,2021-02-28,8,7,4,0,0,0,0
JD_12341981,2021-02-28,0,0,0,0,0,0,0
JD_12341979,2021-02-28,53,45,32,0,0,0,0
JD_12341978,2021-02-28,0,0,0,0,0,0,0
JD_12336228,2021-02-28,2063,1680,777,0,1,3,4
JD_12336227,2021-02-28,3133,2550,1151,1,0,5,4
JD_12336226,2021-02-28,26,20,12,0,0,0,0
JD_12336225,2021-02-28,37,27,30,0,0,0,0
JD_12336224,2021-02-28,1515,1240,907,0,5,2,0
JD_12336223,2021-02-28,3678,2867,1226,5,3,5,10
JD_12336222,2021-02-28,5234,4588,4382,10,12,1,4
JD_12336221,2021-02-28,19,15,5,0,0,0,0
JD_12336220,2021-02-28,907,810,376,0,2,1,0
JD_12336219,2021-02-28,16,13,3,0,0,0,0
JD_12336218,2021-02-28,349,239,235,0,0,2,2
JD_12336216,2021-02-28,171,150,132,0,0,1,1
JD_12336214,2021-02-28,21,18,17,0,0,0,0
JD_12336213,2021-02-28,1668,1327,840,0,0,5,5
JD_12336212,2021-02-28,14,10,6,0,0,0,0
JD_12336210,2021-02-28,14411,11354,8971,14,1,12,28
JD_12336209,2021-02-28,37,34,15,0,0,0,0
JD_12336208,2021-02-28,115,99,38,0,0,0,0
