JD_11349185,2021-02-28,0,0,0,0,0,0,0
JD_11349184,2021-02-28,133,115,63,0,0,0,0
JD_11349183,2021-02-28,16,6,15,0,0,0,0
JD_11349182,2021-02-28,50,20,47,2,0,0,0
JD_11349178,2021-02-28,0,0,0,0,0,0,0
JD_11349177,2021-02-28,36,6,35,1,0,0,1
JD_11349176,2021-02-28,3,2,1,0,0,0,0
JD_11349174,2021-02-28,113,29,102,2,0,1,0
JD_11349173,2021-02-28,186,108,126,1,2,0,0
JD_11349170,2021-02-28,7,0,6,1,0,0,0
JD_11349168,2021-02-28,613,399,431,5,5,0,1
JD_11349167,2021-02-28,70,36,54,3,1,0,0
JD_11349166,2021-02-28,73,13,71,1,0,0,0
JD_11349165,2021-02-28,4939,1842,4358,108,35,0,4
JD_11349163,2021-02-28,17,0,15,2,0,0,0
JD_11349161,2021-02-28,93,20,89,3,0,0,0
JD_11349158,2021-02-28,41,2,41,0,0,0,0
JD_11349157,2021-02-28,56,6,55,0,0,0,0
JD_11349155,2021-02-28,14,0,14,0,0,0,0
JD_11349153,2021-02-28,266,6,254,8,4,0,0
JD_11349149,2021-02-28,0,0,0,0,0,0,0
JD_11349148,2021-02-28,123,15,107,0,2,0,0
JD_11349147,2021-02-28,231,78,221,2,0,0,0
JD_11349146,2021-02-28,125,1,122,2,1,0,0
JD_11349145,2021-02-28,7,1,7,0,0,0,0
JD_11349144,2021-02-28,5,0,3,1,1,0,0
JD_11349143,2021-02-28,188,31,178,1,2,0,0
JD_11349142,2021-02-28,153,0,152,0,1,0,0
JD_11349141,2021-02-28,241,0,235,3,3,0,0
JD_11349140,2021-02-28,1,0,1,0,0,0,0
JD_11349139,2021-02-28,93,55,55,2,0,0,0
JD_11349138,2021-02-28,11,8,8,0,0,0,0
JD_11349137,2021-02-28,19,9,15,0,0,0,0
JD_11349136,2021-02-28,152,72,109,1,1,0,1
JD_11349135,2021-02-28,4,3,3,0,0,0,0
JD_11349134,2021-02-28,2,0,2,0,0,0,0
JD_11349133,2021-02-28,24,15,18,1,0,0,0
JD_11349132,2021-02-28,14,10,10,0,0,0,0
JD_11349131,2021-02-28,3,1,2,0,0,0,0
JD_11349130,2021-02-28,11,4,8,1,0,0,0
JD_11349129,2021-02-28,0,0,0,0,0,0,0
JD_11349128,2021-02-28,55,34,33,0,0,0,1
JD_11349127,2021-02-28,10,6,7,0,0,0,0
JD_11349125,2021-02-28,28,12,25,0,1,0,0
JD_11349124,2021-02-28,0,0,0,0,0,0,0
JD_11349123,2021-02-28,150,109,117,0,0,0,0
JD_11349115,2021-02-28,0,0,0,0,0,0,0
JD_11349114,2021-02-28,25,0,24,0,1,0,0
JD_11349112,2021-02-28,0,0,0,0,0,0,0
JD_11349106,2021-02-28,4190,2756,3133,9,8,3,7
JD_11349105,2021-02-28,6460,2232,6255,79,36,0,13
JD_11349100,2021-02-28,20,0,20,0,0,0,0
JD_11349096,2021-02-28,0,0,0,0,0,0,0
JD_11349095,2021-02-28,0,0,0,0,0,0,0
JD_11349094,2021-02-28,18,12,15,0,0,0,0
JD_11349093,2021-02-28,37,27,29,1,0,0,0
JD_11349092,2021-02-28,5,4,3,0,0,0,0
JD_11349091,2021-02-28,191,0,188,2,1,0,0
JD_11349089,2021-02-28,49,37,45,0,0,0,0
JD_11349088,2021-02-28,214,0,210,4,0,0,0
JD_11349087,2021-02-28,336,0,329,3,4,0,0
JD_11349086,2021-02-28,2,2,2,0,0,0,0
JD_11349085,2021-02-28,37,23,25,0,0,0,0
JD_11349084,2021-02-28,118,24,110,1,1,0,0
JD_11349083,2021-02-28,7,3,7,0,0,0,0
JD_11349081,2021-02-28,32,4,30,0,0,0,0
JD_11349077,2021-02-28,7,2,4,1,0,0,0
JD_11349076,2021-02-28,6,2,6,0,0,0,0
JD_11349075,2021-02-28,2,1,1,0,0,0,0
JD_11349074,2021-02-28,54,6,50,1,0,0,0
