JD_11709643,2021-02-28,11,6,8,0,0,0,0
JD_11709642,2021-02-28,97,0,96,1,0,0,0
JD_11709641,2021-02-28,171,0,168,2,1,0,0
JD_11709640,2021-02-28,133,0,131,2,0,0,0
JD_11709639,2021-02-28,111,0,110,1,0,0,0
JD_11709637,2021-02-28,79,2,78,1,0,0,0
JD_11709636,2021-02-28,0,0,0,0,0,0,0
JD_11709635,2021-02-28,0,0,0,0,0,0,0
JD_11709634,2021-02-28,27,9,24,1,0,0,0
JD_11709633,2021-02-28,84,0,81,3,0,0,0
JD_11709632,2021-02-28,123,0,123,0,0,0,0
JD_11709631,2021-02-28,1,0,1,0,0,0,0
JD_11709630,2021-02-28,3,0,3,0,0,0,0
JD_11709629,2021-02-28,61,0,61,0,0,0,0
JD_11709628,2021-02-28,79,0,77,2,0,0,0
JD_11709627,2021-02-28,42,1,41,1,0,0,0
JD_11709626,2021-02-28,171,2,166,2,3,0,0
JD_11709625,2021-02-28,23,0,22,1,0,0,0
JD_11709624,2021-02-28,718,591,394,1,1,4,0
JD_11709622,2021-02-28,3,0,3,0,0,0,0
JD_11709621,2021-02-28,0,0,0,0,0,0,0
JD_11709620,2021-02-28,553,397,361,1,0,0,3
JD_11709619,2021-02-28,0,0,0,0,0,0,0
JD_11709618,2021-02-28,5,0,5,0,0,0,0
JD_11709617,2021-02-28,3,0,3,0,0,0,0
JD_11709616,2021-02-28,0,0,0,0,0,0,0
JD_11709615,2021-02-28,2584,1898,1981,2,2,2,11
JD_11709614,2021-02-28,17,0,17,0,0,0,0
JD_11709613,2021-02-28,120,83,66,0,0,0,0
JD_11709612,2021-02-28,677,532,210,0,0,1,2
JD_11709611,2021-02-28,212,140,138,0,0,0,0
JD_11709610,2021-02-28,815,590,646,2,1,0,1
JD_11709609,2021-02-28,0,0,0,0,0,0,0
JD_11709608,2021-02-28,19,0,19,0,0,0,0
JD_11709607,2021-02-28,0,0,0,0,0,0,0
JD_11709606,2021-02-28,163,93,161,1,0,0,0
JD_11709605,2021-02-28,157,77,154,1,0,0,0
JD_11709604,2021-02-28,33,16,23,0,0,0,0
JD_11709603,2021-02-28,124,60,95,1,1,0,0
JD_11709602,2021-02-28,194,122,120,0,0,1,0
JD_11709601,2021-02-28,452,276,326,3,1,0,2
JD_11709600,2021-02-28,101,57,101,0,0,0,2
JD_11709599,2021-02-28,189,130,189,0,0,0,3
JD_11709598,2021-02-28,130,44,119,1,1,0,0
JD_11709597,2021-02-28,239,147,225,0,0,0,0
JD_11709596,2021-02-28,198,115,169,2,0,0,0
JD_11709595,2021-02-28,253,158,174,1,0,2,1
JD_11709594,2021-02-28,3216,2678,665,2,1,0,1
JD_11709593,2021-02-28,144,94,77,0,0,0,0
JD_11709592,2021-02-28,145,91,97,0,0,0,0
JD_11709591,2021-02-28,332,197,244,1,0,2,0
JD_11709588,2021-02-28,69,57,39,1,0,0,0
JD_11709587,2021-02-28,149,91,142,0,0,0,0
JD_11709586,2021-02-28,141,112,74,0,0,0,1
JD_11709585,2021-02-28,199,151,130,0,0,0,0
JD_11709584,2021-02-28,161,130,49,1,0,0,1
JD_11709583,2021-02-28,49,27,29,0,0,0,0
JD_11709582,2021-02-28,129,98,55,0,0,0,0
JD_11709581,2021-02-28,109,85,62,0,0,0,0
JD_11709580,2021-02-28,3,3,1,0,0,0,0
JD_11709579,2021-02-28,92,50,65,0,0,1,0
JD_11709578,2021-02-28,235,151,230,2,0,1,0
JD_11709577,2021-02-28,193,132,163,0,0,0,0
JD_11709576,2021-02-28,99,74,46,0,1,0,0
JD_11709574,2021-02-28,355,278,232,2,0,0,1
JD_11709573,2021-02-28,199,156,88,0,0,0,1
JD_11709571,2021-02-28,925,672,505,4,2,0,5
JD_11709569,2021-02-28,10,7,7,0,1,0,0
JD_11709567,2021-02-28,338,243,268,1,1,0,0
JD_11709564,2021-02-28,588,454,451,6,4,0,3
