JD_11335584,2021-02-28,0,0,0,0,0,0,0
JD_11335583,2021-02-28,0,0,0,0,0,0,0
JD_11335582,2021-02-28,0,0,0,0,0,0,0
JD_11335579,2021-02-28,0,0,0,0,0,0,0
JD_11335576,2021-02-28,0,0,0,0,0,0,0
JD_11335573,2021-02-28,0,0,0,0,0,0,0
JD_11335572,2021-02-28,0,0,0,0,0,0,0
JD_11335568,2021-02-28,0,0,0,0,0,0,0
JD_11335567,2021-02-28,0,0,0,0,0,0,0
JD_11335566,2021-02-28,0,0,0,0,0,0,0
JD_11335565,2021-02-28,0,0,0,0,0,0,0
JD_11335563,2021-02-28,0,0,0,0,0,0,0
JD_11335562,2021-02-28,0,0,0,0,0,0,0
JD_11335561,2021-02-28,0,0,0,0,0,0,0
JD_11335560,2021-02-28,0,0,0,0,0,0,0
JD_11335559,2021-02-28,0,0,0,0,0,0,0
JD_11335558,2021-02-28,0,0,0,0,0,0,0
JD_11335556,2021-02-28,0,0,0,0,0,0,0
JD_11335555,2021-02-28,0,0,0,0,0,0,0
JD_11335554,2021-02-28,0,0,0,0,0,0,0
JD_11335553,2021-02-28,0,0,0,0,0,0,0
JD_11335552,2021-02-28,0,0,0,0,0,0,0
JD_11335551,2021-02-28,0,0,0,0,0,0,0
JD_11335550,2021-02-28,0,0,0,0,0,0,0
JD_11335549,2021-02-28,0,0,0,0,0,0,0
JD_11335548,2021-02-28,0,0,0,0,0,0,0
JD_11335547,2021-02-28,0,0,0,0,0,0,0
JD_11335544,2021-02-28,0,0,0,0,0,0,0
JD_11335539,2021-02-28,0,0,0,0,0,0,0
JD_11335538,2021-02-28,0,0,0,0,0,0,0
JD_11335537,2021-02-28,0,0,0,0,0,0,0
JD_11335536,2021-02-28,0,0,0,0,0,0,0
JD_11335535,2021-02-28,0,0,0,0,0,0,0
JD_11335534,2021-02-28,0,0,0,0,0,0,0
JD_11335532,2021-02-28,0,0,0,0,0,0,0
JD_11335531,2021-02-28,0,0,0,0,0,0,0
JD_11335530,2021-02-28,0,0,0,0,0,0,0
JD_11335529,2021-02-28,0,0,0,0,0,0,0
JD_11335528,2021-02-28,0,0,0,0,0,0,0
JD_11335527,2021-02-28,0,0,0,0,0,0,0
JD_11335525,2021-02-28,0,0,0,0,0,0,0
JD_11335524,2021-02-28,0,0,0,0,0,0,0
JD_11335523,2021-02-28,0,0,0,0,0,0,0
JD_11335522,2021-02-28,0,0,0,0,0,0,0
JD_11335521,2021-02-28,0,0,0,0,0,0,0
JD_11335520,2021-02-28,0,0,0,0,0,0,0
JD_11335519,2021-02-28,0,0,0,0,0,0,0
JD_11335518,2021-02-28,0,0,0,0,0,0,0
JD_11335517,2021-02-28,0,0,0,0,0,0,0
JD_11335516,2021-02-28,0,0,0,0,0,0,0
JD_11335515,2021-02-28,0,0,0,0,0,0,0
JD_11335514,2021-02-28,0,0,0,0,0,0,0
JD_11335513,2021-02-28,0,0,0,0,0,0,0
JD_11335512,2021-02-28,0,0,0,0,0,0,0
JD_11335511,2021-02-28,0,0,0,0,0,0,0
JD_11335510,2021-02-28,28,8,28,0,0,0,0
JD_11335508,2021-02-28,10,1,8,0,1,0,0
JD_11335507,2021-02-28,0,0,0,0,0,0,0
JD_11335506,2021-02-28,55,10,54,0,0,0,0
JD_11335505,2021-02-28,120,0,119,1,0,0,0
JD_11335504,2021-02-28,5,3,3,0,0,0,0
JD_11335502,2021-02-28,1,1,0,0,0,0,0
JD_11335501,2021-02-28,69,3,65,0,3,0,0
JD_11335499,2021-02-28,52,10,48,1,1,0,0
JD_11335497,2021-02-28,516,290,467,1,2,0,1
JD_11335495,2021-02-28,187,127,143,2,0,0,0
JD_11335494,2021-02-28,55,16,55,0,0,0,0
JD_11335493,2021-02-28,205,56,179,7,2,0,0
JD_11335492,2021-02-28,268,104,256,6,2,0,1
JD_11335491,2021-02-28,402,148,374,5,0,1,1
