JD_11327026,2021-02-28,2,1,1,0,0,0,0
JD_11327025,2021-02-28,0,0,0,0,0,0,0
JD_11327024,2021-02-28,0,0,0,0,0,0,0
JD_11327023,2021-02-28,1,0,1,0,0,0,0
JD_11327022,2021-02-28,6,3,3,0,0,0,0
JD_11327021,2021-02-28,11,8,10,0,0,0,0
JD_11327018,2021-02-28,4,2,3,0,0,0,0
JD_11327017,2021-02-28,23,17,17,0,0,0,0
JD_11327016,2021-02-28,880,627,721,5,0,1,2
JD_11327013,2021-02-28,9,1,8,0,0,0,0
JD_11327012,2021-02-28,0,0,0,0,0,0,0
JD_11327011,2021-02-28,177,98,177,0,0,1,1
JD_11327010,2021-02-28,11,8,4,0,0,0,0
JD_11327009,2021-02-28,49,35,26,0,1,0,0
JD_11327008,2021-02-28,0,0,0,0,0,0,0
JD_11327006,2021-02-28,0,0,0,0,0,0,0
JD_11327005,2021-02-28,2,2,0,0,0,0,0
JD_11327003,2021-02-28,10,6,7,0,0,0,0
JD_11327002,2021-02-28,9,4,7,0,0,0,0
JD_11327001,2021-02-28,36,21,25,2,0,0,0
JD_11327000,2021-02-28,6,0,5,1,0,0,0
JD_11326999,2021-02-28,133,53,81,2,0,0,0
JD_11326998,2021-02-28,13,6,13,0,0,0,0
JD_11326997,2021-02-28,0,0,0,0,0,0,0
JD_11326996,2021-02-28,45,34,27,0,1,0,0
JD_11326995,2021-02-28,1,0,1,0,0,0,0
JD_11326994,2021-02-28,0,0,0,0,0,0,0
JD_11326993,2021-02-28,28,4,27,0,0,0,0
JD_11326992,2021-02-28,10,0,9,1,0,0,0
JD_11326991,2021-02-28,120,0,115,5,0,0,0
JD_11326990,2021-02-28,62,0,61,1,0,0,0
JD_11326989,2021-02-28,27,3,27,0,0,0,0
JD_11326988,2021-02-28,19,0,18,1,0,0,0
JD_11326987,2021-02-28,25,4,21,2,2,0,0
JD_11326986,2021-02-28,9,3,9,0,0,0,0
JD_11326985,2021-02-28,149,84,128,2,0,0,0
JD_11326984,2021-02-28,27,0,26,1,0,0,0
JD_11326983,2021-02-28,31,6,29,2,0,0,0
JD_11326982,2021-02-28,37,0,35,1,1,0,0
JD_11326981,2021-02-28,10,3,9,0,0,0,0
JD_11326980,2021-02-28,12,9,3,0,0,0,0
JD_11326979,2021-02-28,9,3,9,0,0,0,0
JD_11326978,2021-02-28,9,8,3,1,0,0,0
JD_11326977,2021-02-28,18,12,10,0,0,0,0
JD_11326976,2021-02-28,20,5,19,0,0,0,0
JD_11326975,2021-02-28,24,12,20,1,0,0,0
JD_11326974,2021-02-28,10,3,8,1,0,0,0
JD_11326973,2021-02-28,54,45,18,0,0,0,0
JD_11326972,2021-02-28,10,5,7,0,0,0,0
JD_11326970,2021-02-28,137,0,135,2,0,0,0
JD_11326969,2021-02-28,174,53,172,2,0,0,1
JD_11326967,2021-02-28,95,45,53,2,2,0,0
JD_11326966,2021-02-28,149,63,147,1,0,0,0
JD_11326965,2021-02-28,180,86,175,1,1,0,0
JD_11326963,2021-02-28,9006,5404,6489,60,21,13,19
JD_11326962,2021-02-28,228,94,223,4,0,0,0
JD_11326961,2021-02-28,134,59,132,1,0,0,0
JD_11326960,2021-02-28,234,80,229,4,1,0,0
JD_11326959,2021-02-28,36,6,33,0,2,0,0
JD_11326958,2021-02-28,417,205,277,6,1,0,1
JD_11326957,2021-02-28,477,0,458,14,5,0,0
JD_11326955,2021-02-28,786,278,766,17,1,0,1
JD_11326954,2021-02-28,5,1,4,0,0,0,0
JD_11326953,2021-02-28,4,1,4,0,0,0,0
JD_11326952,2021-02-28,804,149,779,7,4,1,1
JD_11326950,2021-02-28,518,189,477,7,0,1,0
JD_11326948,2021-02-28,3,3,2,0,0,0,0
JD_11326947,2021-02-28,10,6,7,0,0,0,0
JD_11326946,2021-02-28,5,3,3,0,0,0,0
JD_11326945,2021-02-28,40,24,29,0,0,0,0
