JD_11317434,2021-02-28,166,113,115,0,0,0,0
JD_11317433,2021-02-28,40,10,37,1,0,0,0
JD_11317432,2021-02-28,24,1,23,0,0,0,0
JD_11317431,2021-02-28,38,6,36,0,1,0,0
JD_11317429,2021-02-28,22,11,16,1,0,0,1
JD_11317428,2021-02-28,52,30,33,0,0,0,0
JD_11317427,2021-02-28,125,0,118,6,1,0,0
JD_11317424,2021-02-28,222,165,123,1,0,0,0
JD_11317423,2021-02-28,9,4,5,0,0,0,0
JD_11317422,2021-02-28,5,0,5,0,0,0,0
JD_11317420,2021-02-28,18,2,18,0,0,0,0
JD_11317418,2021-02-28,32,1,32,0,0,0,0
JD_11317417,2021-02-28,35,26,16,0,1,0,0
JD_11317416,2021-02-28,0,0,0,0,0,0,0
JD_11317415,2021-02-28,0,0,0,0,0,0,0
JD_11317414,2021-02-28,2,1,2,0,0,0,0
JD_11317413,2021-02-28,1,0,1,0,0,0,0
JD_11317411,2021-02-28,4,3,3,0,0,0,0
JD_11317410,2021-02-28,36,20,20,1,0,0,0
JD_11317409,2021-02-28,0,0,0,0,0,0,0
JD_11317408,2021-02-28,7,7,1,0,0,0,0
JD_11317407,2021-02-28,28,4,25,1,2,0,0
JD_11317406,2021-02-28,39,9,29,2,0,0,0
JD_11317404,2021-02-28,24,1,22,1,1,0,0
JD_11317403,2021-02-28,8,0,8,0,0,0,0
JD_11317402,2021-02-28,18,6,18,0,0,0,0
JD_11317401,2021-02-28,272,219,93,0,0,0,0
JD_11317400,2021-02-28,1130,817,557,5,1,1,2
JD_11317399,2021-02-28,86,1,83,2,0,0,0
JD_11317398,2021-02-28,27,19,11,2,0,0,0
JD_11317397,2021-02-28,28,12,19,1,0,0,0
JD_11317396,2021-02-28,1065,923,335,3,1,1,2
JD_11317395,2021-02-28,176,132,98,0,0,0,0
JD_11317394,2021-02-28,15,9,8,0,0,0,0
JD_11317393,2021-02-28,7,1,7,0,0,0,0
JD_11317392,2021-02-28,45,29,32,0,0,0,0
JD_11317391,2021-02-28,76,35,64,0,1,0,0
JD_11317390,2021-02-28,62,18,52,0,1,0,0
JD_11317389,2021-02-28,0,0,0,0,0,0,0
JD_11317388,2021-02-28,37,33,10,1,0,0,0
JD_11317387,2021-02-28,6,1,5,0,0,0,0
JD_11317386,2021-02-28,209,118,208,0,1,0,2
JD_11317385,2021-02-28,61,21,48,1,1,0,0
JD_11317384,2021-02-28,79,24,61,1,4,0,1
JD_11317380,2021-02-28,6,2,5,0,0,0,0
JD_11317376,2021-02-28,29,8,26,0,1,0,0
JD_11317375,2021-02-28,29,7,24,1,0,0,0
JD_11317374,2021-02-28,23,6,20,0,0,0,0
JD_11317373,2021-02-28,102,64,61,0,1,0,0
JD_11317370,2021-02-28,0,0,0,0,0,0,0
JD_11317369,2021-02-28,0,0,0,0,0,0,0
JD_11317367,2021-02-28,0,0,0,0,0,0,0
JD_11317366,2021-02-28,0,0,0,0,0,0,0
JD_11317365,2021-02-28,0,0,0,0,0,0,0
JD_11317364,2021-02-28,470,0,462,8,0,0,0
JD_11317363,2021-02-28,0,0,0,0,0,0,0
JD_11317362,2021-02-28,0,0,0,0,0,0,0
JD_11317359,2021-02-28,223,0,218,4,1,0,0
JD_11317358,2021-02-28,5,0,4,1,0,0,0
JD_11317357,2021-02-28,4,3,3,0,0,0,0
JD_11317356,2021-02-28,2,0,2,0,0,0,0
JD_11317352,2021-02-28,0,0,0,0,0,0,0
JD_11317351,2021-02-28,0,0,0,0,0,0,0
JD_11317349,2021-02-28,0,0,0,0,0,0,0
JD_11317348,2021-02-28,6,0,6,0,0,0,0
JD_11317347,2021-02-28,1,1,0,0,0,0,0
JD_11317341,2021-02-28,12,8,6,0,0,0,0
JD_11317329,2021-02-28,1,0,1,0,0,0,0
JD_11317326,2021-02-28,0,0,0,0,0,0,0
JD_11317325,2021-02-28,1,1,1,0,0,0,0
