JD_11347821,2021-02-28,4,2,3,0,0,0,0
JD_11347820,2021-02-28,64,22,43,3,3,0,0
JD_11347819,2021-02-28,8,5,8,0,0,0,0
JD_11347818,2021-02-28,6,5,4,0,0,0,0
JD_11347817,2021-02-28,10,0,9,1,0,0,0
JD_11347816,2021-02-28,76,19,76,0,0,0,0
JD_11347815,2021-02-28,108,78,71,2,2,0,0
JD_11347814,2021-02-28,123,93,85,2,1,0,0
JD_11347800,2021-02-28,6,0,6,0,0,0,0
JD_11347799,2021-02-28,267,187,177,4,0,0,0
JD_11347798,2021-02-28,624,508,370,2,2,2,1
JD_11347794,2021-02-28,91,22,82,1,0,1,1
JD_11347793,2021-02-28,1,1,0,0,0,0,0
JD_11347792,2021-02-28,154,68,128,5,1,0,2
JD_11347789,2021-02-28,0,0,0,0,0,0,0
JD_11347788,2021-02-28,0,0,0,0,0,0,0
JD_11347770,2021-02-28,46,32,30,0,0,0,1
JD_11347766,2021-02-28,79,61,36,0,1,0,1
JD_11347765,2021-02-28,5,3,4,0,0,0,0
JD_11347764,2021-02-28,14,4,13,0,0,0,0
JD_11347763,2021-02-28,3132,1858,3075,26,10,2,6
JD_11347761,2021-02-28,3,2,3,0,0,0,0
JD_11347760,2021-02-28,10,5,8,0,0,0,0
JD_11347759,2021-02-28,12,4,8,0,0,0,0
JD_11347758,2021-02-28,37,11,28,0,0,0,0
JD_11347757,2021-02-28,5,3,2,0,0,0,0
JD_11347752,2021-02-28,181,6,171,8,1,0,0
JD_11347751,2021-02-28,1,0,1,0,0,0,0
JD_11347748,2021-02-28,3,2,3,0,0,0,0
JD_11347747,2021-02-28,862,639,490,2,0,0,2
JD_11347746,2021-02-28,25,7,22,0,0,0,0
JD_11347745,2021-02-28,3,0,3,0,0,0,0
JD_11347744,2021-02-28,49,15,47,0,1,0,0
JD_11347742,2021-02-28,17,8,9,0,0,0,0
JD_11347741,2021-02-28,110,25,108,1,0,0,0
JD_11347740,2021-02-28,16,2,16,0,0,0,0
JD_11347738,2021-02-28,12,2,12,0,0,0,0
JD_11347736,2021-02-28,21,3,20,0,1,0,0
JD_11347735,2021-02-28,22,9,18,0,0,0,0
JD_11347733,2021-02-28,26,10,26,0,0,0,0
JD_11347731,2021-02-28,0,0,0,0,0,0,0
JD_11347728,2021-02-28,1,0,1,0,0,0,0
JD_11347726,2021-02-28,61,28,43,0,2,0,0
JD_11347725,2021-02-28,3,2,1,0,0,0,0
JD_11347719,2021-02-28,3,2,1,0,0,0,0
JD_11347714,2021-02-28,287,150,279,1,1,0,0
JD_11347710,2021-02-28,45,5,44,1,0,0,0
JD_11347709,2021-02-28,497,15,481,15,1,0,0
JD_11347706,2021-02-28,13,5,12,1,0,0,0
JD_11347703,2021-02-28,27,6,26,1,0,0,0
JD_11347701,2021-02-28,3,2,3,0,0,0,0
JD_11347700,2021-02-28,15,7,15,0,0,0,0
JD_11347699,2021-02-28,13,7,13,0,0,0,0
JD_11347698,2021-02-28,9,2,9,0,0,0,0
JD_11347696,2021-02-28,1043,2,1016,23,4,0,0
JD_11347695,2021-02-28,16,6,14,0,0,0,0
JD_11347694,2021-02-28,77,6,71,4,2,0,0
JD_11347692,2021-02-28,8,2,6,1,0,0,0
JD_11347690,2021-02-28,18,2,17,0,1,0,0
JD_11347688,2021-02-28,78,1,77,1,0,0,0
JD_11347687,2021-02-28,141,1,134,5,2,0,0
JD_11347685,2021-02-28,19,5,18,0,0,0,0
JD_11347684,2021-02-28,8,5,8,0,0,0,0
JD_11347681,2021-02-28,22,6,21,0,0,0,0
JD_11347680,2021-02-28,24,8,21,1,2,0,0
JD_11347678,2021-02-28,60,0,59,1,0,0,0
JD_11347677,2021-02-28,1352,802,957,3,2,2,2
JD_11347676,2021-02-28,1728,1157,1061,7,3,2,4
JD_11347675,2021-02-28,793,463,526,3,3,0,3
JD_11347672,2021-02-28,1178,832,608,0,1,1,4
