JD_11745160,2021-02-28,1065,672,628,6,7,2,6
JD_11745159,2021-02-28,10,8,5,0,0,0,0
JD_11745158,2021-02-28,12,8,6,0,0,0,0
JD_11745157,2021-02-28,0,0,0,0,0,0,0
JD_11745156,2021-02-28,16,7,12,1,0,0,0
JD_11745155,2021-02-28,107,56,74,1,1,0,1
JD_11745154,2021-02-28,328,228,167,2,0,0,2
JD_11745153,2021-02-28,747,516,642,3,1,3,2
JD_11745152,2021-02-28,183,116,102,0,0,0,0
JD_11745151,2021-02-28,336,251,114,2,0,0,0
JD_11745150,2021-02-28,9718,7412,4203,32,13,14,33
JD_11745149,2021-02-28,16,13,7,0,0,0,0
JD_11745147,2021-02-28,10,7,6,0,0,0,0
JD_11745146,2021-02-28,8,5,3,1,0,0,0
JD_11745145,2021-02-28,352,259,184,0,2,0,0
JD_11745144,2021-02-28,763,551,394,4,3,7,2
JD_11745143,2021-02-28,1680,1071,1047,18,3,3,5
JD_11745142,2021-02-28,225,151,186,1,3,0,0
JD_11745141,2021-02-28,1779,1322,1558,3,1,2,3
JD_11745140,2021-02-28,730,588,203,1,3,0,0
JD_11745139,2021-02-28,8821,6721,6152,17,10,18,18
JD_11745138,2021-02-28,517,410,357,0,0,0,0
JD_11745137,2021-02-28,245,172,149,0,1,1,0
JD_11745136,2021-02-28,469,310,354,2,0,1,1
JD_11745135,2021-02-28,544,423,241,1,2,3,0
JD_11745134,2021-02-28,847,622,350,4,1,1,2
JD_11744898,2021-02-28,97,25,94,3,0,0,0
JD_11744897,2021-02-28,1255,960,536,2,3,1,3
JD_11744896,2021-02-28,30,26,14,0,0,0,0
JD_11744895,2021-02-28,5,1,5,0,0,0,0
JD_11744894,2021-02-28,3,0,3,0,0,0,0
JD_11744893,2021-02-28,18,10,15,0,0,0,0
JD_11744892,2021-02-28,284,227,239,0,0,0,0
JD_11744891,2021-02-28,132,0,128,3,1,0,1
JD_11744890,2021-02-28,5,4,5,0,0,0,0
JD_11744889,2021-02-28,63,29,50,0,0,0,0
JD_11744888,2021-02-28,16,10,12,0,0,0,2
JD_11744887,2021-02-28,1,1,1,0,0,0,0
JD_11744886,2021-02-28,24,22,7,0,0,0,0
JD_11744885,2021-02-28,131,20,125,4,1,0,1
JD_11744884,2021-02-28,39,30,24,0,0,0,0
JD_11744883,2021-02-28,559,435,327,0,0,1,1
JD_11744882,2021-02-28,18,13,11,0,0,0,0
JD_11744881,2021-02-28,21,8,16,0,0,1,0
JD_11744880,2021-02-28,0,0,0,0,0,0,0
JD_11744879,2021-02-28,849,431,682,6,6,0,1
JD_11744878,2021-02-28,17,8,16,1,0,0,0
JD_11744877,2021-02-28,8,7,1,0,0,0,0
JD_11744876,2021-02-28,34,31,22,0,0,0,0
JD_11744875,2021-02-28,64,0,63,0,1,0,0
JD_11744874,2021-02-28,302,140,223,3,1,0,1
JD_11744873,2021-02-28,18,11,18,0,0,0,0
JD_11744872,2021-02-28,3,0,3,0,0,0,0
JD_11744871,2021-02-28,58,43,35,0,0,0,0
JD_11744870,2021-02-28,111,52,106,2,3,0,0
JD_11744869,2021-02-28,10,7,8,0,1,0,0
JD_11744868,2021-02-28,11,4,8,1,0,0,1
JD_11744867,2021-02-28,6,5,2,0,0,0,0
JD_11744866,2021-02-28,47,23,34,0,1,0,1
JD_11744865,2021-02-28,9,6,4,0,0,0,0
JD_11744864,2021-02-28,702,527,373,2,1,0,0
JD_11744863,2021-02-28,0,0,0,0,0,0,0
JD_11744862,2021-02-28,8,8,2,0,0,0,0
JD_11744861,2021-02-28,6,5,2,0,0,0,0
JD_11744860,2021-02-28,22,17,8,1,0,0,0
JD_11744859,2021-02-28,0,0,0,0,0,0,0
JD_11744858,2021-02-28,25,19,13,0,0,0,0
JD_11744857,2021-02-28,6,3,5,0,0,0,0
JD_11744856,2021-02-28,0,0,0,0,0,0,0
JD_11744855,2021-02-28,0,0,0,0,0,0,0
