JD_11535362,2021-02-28,0,0,0,0,0,0,0
JD_11535360,2021-02-28,47,28,30,0,0,0,1
JD_11535358,2021-02-28,339,153,273,1,1,0,0
JD_11535355,2021-02-28,21,0,21,0,0,0,0
JD_11535350,2021-02-28,31,0,30,0,1,0,0
JD_11535346,2021-02-28,1548,257,1362,27,13,1,2
JD_11535341,2021-02-28,1,1,0,0,0,0,0
JD_11535340,2021-02-28,310,190,204,1,0,0,0
JD_11535335,2021-02-28,15,8,15,0,0,0,0
JD_11535334,2021-02-28,141,89,106,1,0,0,0
JD_11535333,2021-02-28,19,1,19,0,0,0,0
JD_11535332,2021-02-28,673,548,200,1,0,2,0
JD_11535331,2021-02-28,37,2,35,1,1,0,0
JD_11535330,2021-02-28,620,463,260,4,4,0,0
JD_11535329,2021-02-28,258,204,75,0,0,0,0
JD_11535328,2021-02-28,507,398,207,2,0,0,0
JD_11535327,2021-02-28,101,27,100,0,0,0,0
JD_11535326,2021-02-28,1701,1200,1006,6,4,1,2
JD_11535324,2021-02-28,636,465,439,3,2,1,1
JD_11535323,2021-02-28,2021,1568,821,3,1,0,4
JD_11535321,2021-02-28,101,19,97,3,0,1,0
JD_11535310,2021-02-28,41,25,28,0,0,0,0
JD_11535303,2021-02-28,986,508,504,5,1,0,1
JD_11535301,2021-02-28,30,11,21,0,0,0,0
JD_11535299,2021-02-28,69,11,64,2,0,0,0
JD_11535290,2021-02-28,574,354,416,0,1,1,2
JD_11535285,2021-02-28,144,117,80,0,0,0,1
JD_11535281,2021-02-28,6,3,4,0,0,0,0
JD_11535280,2021-02-28,212,0,210,2,0,0,1
JD_11535279,2021-02-28,40,30,34,0,0,0,0
JD_11535278,2021-02-28,4,0,4,0,0,0,0
JD_11535277,2021-02-28,3,1,2,0,0,0,0
JD_11535276,2021-02-28,5,2,3,0,0,0,0
JD_11535275,2021-02-28,0,0,0,0,0,0,0
JD_11535273,2021-02-28,14,7,10,0,0,0,0
JD_11535272,2021-02-28,4,2,4,0,0,0,0
JD_11535271,2021-02-28,4,3,3,0,0,0,0
JD_11535270,2021-02-28,4,3,4,0,0,0,0
JD_11535269,2021-02-28,30,24,11,0,0,0,0
JD_11535268,2021-02-28,4,3,4,0,0,0,0
JD_11535267,2021-02-28,63,51,21,0,0,0,0
JD_11535266,2021-02-28,6,5,5,0,0,0,0
JD_11535265,2021-02-28,1,0,1,0,0,0,0
JD_11535264,2021-02-28,7,3,6,0,0,0,1
JD_11535263,2021-02-28,1,0,1,0,0,0,0
JD_11535262,2021-02-28,5,0,5,0,0,0,0
JD_11535259,2021-02-28,9,7,7,0,0,0,0
JD_11535258,2021-02-28,7,6,6,0,0,0,0
JD_11535257,2021-02-28,4,2,3,0,0,0,0
JD_11535245,2021-02-28,0,0,0,0,0,0,0
JD_11535242,2021-02-28,8,0,8,0,0,0,0
JD_11535241,2021-02-28,0,0,0,0,0,0,0
JD_11535236,2021-02-28,671,137,651,8,1,0,1
JD_11535235,2021-02-28,3899,940,3831,51,12,0,6
JD_11535233,2021-02-28,290,5,284,3,3,0,0
JD_11535232,2021-02-28,95,16,87,2,0,0,0
JD_11535231,2021-02-28,97,55,64,0,0,0,0
JD_11535230,2021-02-28,163,1,158,4,0,0,0
JD_11535229,2021-02-28,3,3,0,0,0,0,0
JD_11535227,2021-02-28,6,0,6,0,0,0,0
JD_11535226,2021-02-28,2,0,2,0,0,0,0
JD_11535224,2021-02-28,168,55,153,1,0,0,0
JD_11535223,2021-02-28,1,1,1,0,0,0,0
JD_11535221,2021-02-28,14,2,13,0,0,0,0
JD_11535220,2021-02-28,6,4,4,0,0,0,0
JD_11535219,2021-02-28,2,0,2,0,0,0,0
JD_11535218,2021-02-28,10,7,7,0,0,0,0
JD_11535215,2021-02-28,44,2,44,0,0,0,0
JD_11535214,2021-02-28,10,2,8,1,0,0,0
JD_11535213,2021-02-28,6,2,6,0,0,0,0
