JD_11362363,2021-02-28,24,0,22,2,0,0,0
JD_11362362,2021-02-28,13,0,13,0,0,0,0
JD_11362361,2021-02-28,0,0,0,0,0,0,0
JD_11362359,2021-02-28,20,0,20,0,0,0,0
JD_11362358,2021-02-28,18,0,18,0,0,0,0
JD_11362357,2021-02-28,15,0,15,0,0,0,0
JD_11362355,2021-02-28,2,1,2,0,0,0,0
JD_11362353,2021-02-28,3,2,3,0,0,0,0
JD_11362352,2021-02-28,22,18,9,0,0,0,0
JD_11362351,2021-02-28,11,5,11,0,0,0,0
JD_11362350,2021-02-28,7,5,4,0,0,0,0
JD_11362348,2021-02-28,11,7,11,0,0,0,0
JD_11362346,2021-02-28,29,14,16,0,1,0,0
JD_11362345,2021-02-28,6,0,6,0,0,0,0
JD_11362344,2021-02-28,19,8,18,1,0,0,1
JD_11362343,2021-02-28,5,1,5,0,0,0,0
JD_11362342,2021-02-28,50,21,45,1,0,0,0
JD_11362341,2021-02-28,42,18,28,0,1,0,1
JD_11362339,2021-02-28,2,2,0,0,0,0,0
JD_11362338,2021-02-28,0,0,0,0,0,0,0
JD_11362337,2021-02-28,6,1,6,0,0,0,0
JD_11362336,2021-02-28,39,24,15,0,0,0,0
JD_11362334,2021-02-28,28,14,18,0,1,0,0
JD_11362332,2021-02-28,1,1,1,0,0,0,0
JD_11362330,2021-02-28,14,10,7,0,0,0,0
JD_11362329,2021-02-28,32,21,24,0,0,0,0
JD_11362325,2021-02-28,42,19,42,0,0,0,0
JD_11362323,2021-02-28,2,2,2,0,0,0,0
JD_11362322,2021-02-28,0,0,0,0,0,0,0
JD_11362321,2021-02-28,26,22,10,0,0,0,0
JD_11362320,2021-02-28,15,0,15,0,0,0,0
JD_11362310,2021-02-28,2,1,1,0,0,0,0
JD_11362304,2021-02-28,12,0,12,0,0,0,0
JD_11362289,2021-02-28,5,0,5,0,0,0,0
JD_11362285,2021-02-28,4,3,4,0,0,0,0
JD_11362282,2021-02-28,3,2,3,0,0,0,0
JD_11362281,2021-02-28,6,2,6,0,0,0,0
JD_11362280,2021-02-28,4,2,4,0,0,0,0
JD_11362276,2021-02-28,845,656,423,0,1,2,2
JD_11362274,2021-02-28,535,411,254,3,1,3,0
JD_11362270,2021-02-28,9,0,9,0,0,0,0
JD_11362259,2021-02-28,4,2,2,0,0,0,0
JD_11362258,2021-02-28,7,7,0,0,0,0,0
JD_11362254,2021-02-28,2,2,0,0,0,0,0
JD_11362253,2021-02-28,0,0,0,0,0,0,0
JD_11362252,2021-02-28,1,1,0,0,0,0,0
JD_11362249,2021-02-28,9,8,4,0,0,0,0
JD_11362248,2021-02-28,7,5,6,0,0,0,0
JD_11362247,2021-02-28,0,0,0,0,0,0,0
JD_11362245,2021-02-28,8,6,2,0,0,0,0
JD_11362244,2021-02-28,110,0,102,6,2,0,0
JD_11362243,2021-02-28,4,2,3,0,0,0,0
JD_11362242,2021-02-28,22,18,10,0,0,0,0
JD_11362241,2021-02-28,199,109,176,5,0,0,0
JD_11362240,2021-02-28,27,23,18,0,0,0,0
JD_11362239,2021-02-28,61,20,61,0,0,0,0
JD_11362238,2021-02-28,4,4,2,0,0,0,0
JD_11362234,2021-02-28,0,0,0,0,0,0,0
JD_11362233,2021-02-28,0,0,0,0,0,0,0
JD_11362232,2021-02-28,0,0,0,0,0,0,0
JD_11362231,2021-02-28,0,0,0,0,0,0,0
JD_11362230,2021-02-28,1,0,1,0,0,0,0
JD_11362229,2021-02-28,0,0,0,0,0,0,0
JD_11362228,2021-02-28,0,0,0,0,0,0,0
JD_11362227,2021-02-28,0,0,0,0,0,0,0
JD_11362226,2021-02-28,0,0,0,0,0,0,0
JD_11362225,2021-02-28,0,0,0,0,0,0,0
JD_11362224,2021-02-28,0,0,0,0,0,0,0
JD_11362223,2021-02-28,0,0,0,0,0,0,0
JD_11362222,2021-02-28,0,0,0,0,0,0,0
