JD_11355776,2021-02-28,211,123,162,0,0,1,0
JD_11355775,2021-02-28,6,6,3,0,0,0,0
JD_11355774,2021-02-28,0,0,0,0,0,0,0
JD_11355773,2021-02-28,0,0,0,0,0,0,0
JD_11355772,2021-02-28,0,0,0,0,0,0,0
JD_11355761,2021-02-28,1,1,0,0,0,0,0
JD_11355760,2021-02-28,3,2,0,1,0,0,0
JD_11355758,2021-02-28,0,0,0,0,0,0,0
JD_11355757,2021-02-28,6,4,4,0,0,0,0
JD_11355754,2021-02-28,29,15,21,1,1,0,0
JD_11355753,2021-02-28,245,157,244,0,1,0,2
JD_11355744,2021-02-28,0,0,0,0,0,0,0
JD_11355743,2021-02-28,0,0,0,0,0,0,0
JD_11355742,2021-02-28,130,94,129,0,0,0,0
JD_11355740,2021-02-28,119,79,79,2,0,0,2
JD_11355738,2021-02-28,0,0,0,0,0,0,0
JD_11355736,2021-02-28,1,1,0,0,0,0,0
JD_11355735,2021-02-28,3,1,2,0,0,0,0
JD_11355734,2021-02-28,0,0,0,0,0,0,0
JD_11355733,2021-02-28,4,0,4,0,0,0,0
JD_11355729,2021-02-28,10,2,10,0,0,0,0
JD_11355728,2021-02-28,92,66,53,1,1,0,0
JD_11355726,2021-02-28,179,75,175,2,0,0,1
JD_11355723,2021-02-28,239,160,188,2,0,0,0
JD_11355720,2021-02-28,446,314,438,1,2,0,0
JD_11355707,2021-02-28,155,78,131,4,0,0,3
JD_11355706,2021-02-28,74,63,71,0,0,0,0
JD_11355702,2021-02-28,110,47,110,0,0,0,0
JD_11355699,2021-02-28,0,0,0,0,0,0,0
JD_11355697,2021-02-28,0,0,0,0,0,0,0
JD_11355696,2021-02-28,0,0,0,0,0,0,0
JD_11355691,2021-02-28,106,31,101,4,1,0,0
JD_11355690,2021-02-28,22,7,22,0,0,0,1
JD_11355689,2021-02-28,27,6,25,2,0,0,0
JD_11355686,2021-02-28,23,15,12,0,0,0,0
JD_11355684,2021-02-28,0,0,0,0,0,0,0
JD_11355683,2021-02-28,35,25,35,0,0,0,0
JD_11355682,2021-02-28,25,3,25,0,0,0,0
JD_11355678,2021-02-28,62,35,60,1,0,0,0
JD_11355677,2021-02-28,14,12,8,0,0,0,0
JD_11355673,2021-02-28,0,0,0,0,0,0,0
JD_11355672,2021-02-28,0,0,0,0,0,0,0
JD_11355671,2021-02-28,3,2,1,0,0,0,0
JD_11355670,2021-02-28,0,0,0,0,0,0,0
JD_11355655,2021-02-28,0,0,0,0,0,0,0
JD_11355645,2021-02-28,27,21,21,0,0,0,0
JD_11355643,2021-02-28,225,0,216,6,3,0,0
JD_11355641,2021-02-28,89,29,87,1,1,0,0
JD_11355640,2021-02-28,102,67,102,0,0,0,0
JD_11355639,2021-02-28,67,39,37,1,0,0,2
JD_11355638,2021-02-28,67,44,66,0,0,0,1
JD_11355637,2021-02-28,92,51,91,0,0,0,0
JD_11355636,2021-02-28,91,64,91,0,0,0,0
JD_11355635,2021-02-28,204,125,203,0,0,0,0
JD_11355634,2021-02-28,1549,1198,1405,2,1,1,3
JD_11355633,2021-02-28,94,7,92,1,0,0,3
JD_11355632,2021-02-28,18,12,18,0,0,0,0
JD_11355631,2021-02-28,1948,1387,1937,6,1,1,0
JD_11355630,2021-02-28,155,103,142,1,0,0,1
JD_11355629,2021-02-28,483,371,347,1,0,0,2
JD_11355628,2021-02-28,89,71,18,0,0,0,0
JD_11355627,2021-02-28,538,427,536,1,1,0,3
JD_11355626,2021-02-28,37,26,37,0,0,0,0
JD_11355625,2021-02-28,61,47,60,0,0,0,0
JD_11355624,2021-02-28,31,5,30,0,1,0,0
JD_11355623,2021-02-28,29,7,28,1,0,0,0
JD_11355622,2021-02-28,227,132,220,0,0,0,0
JD_11355620,2021-02-28,54,44,25,0,0,0,0
JD_11355619,2021-02-28,906,620,899,1,3,0,1
JD_11355618,2021-02-28,214,6,212,2,0,0,2
