JD_11307846,2021-02-28,238,0,231,5,2,0,0
JD_11307845,2021-02-28,38,6,32,4,2,0,0
JD_11307844,2021-02-28,276,222,270,2,1,0,1
JD_11307843,2021-02-28,213,178,207,0,2,0,1
JD_11307841,2021-02-28,2,2,2,0,0,0,0
JD_11307840,2021-02-28,9,4,8,0,0,0,0
JD_11307839,2021-02-28,150,110,137,1,2,0,0
JD_11307836,2021-02-28,14,9,10,0,1,0,0
JD_11307834,2021-02-28,4,4,2,0,0,0,0
JD_11307833,2021-02-28,6,3,4,0,0,0,0
JD_11307832,2021-02-28,1,1,1,0,0,0,0
JD_11307831,2021-02-28,2,2,0,0,0,0,0
JD_11307825,2021-02-28,11,6,5,0,0,0,0
JD_11307824,2021-02-28,11,5,9,0,0,0,0
JD_11307822,2021-02-28,0,0,0,0,0,0,0
JD_11307821,2021-02-28,6,4,5,0,0,0,0
JD_11307820,2021-02-28,1,1,0,0,0,0,0
JD_11307819,2021-02-28,1,1,0,0,0,0,0
JD_11307818,2021-02-28,0,0,0,0,0,0,0
JD_11307817,2021-02-28,26,13,14,0,1,0,0
JD_11307816,2021-02-28,1,1,1,0,0,0,0
JD_11307815,2021-02-28,4,2,3,0,0,0,0
JD_11307814,2021-02-28,0,0,0,0,0,0,0
JD_11307813,2021-02-28,28,24,14,0,0,0,0
JD_11307812,2021-02-28,49,34,30,0,0,0,0
JD_11307811,2021-02-28,2586,2195,1091,7,2,2,2
JD_11307804,2021-02-28,17,8,12,0,0,0,0
JD_11307803,2021-02-28,868,602,576,2,1,0,4
JD_11307800,2021-02-28,8,8,4,0,0,0,0
JD_11307799,2021-02-28,5,4,2,0,0,0,0
JD_11307796,2021-02-28,87,19,82,2,2,0,1
JD_11307794,2021-02-28,31,7,28,0,0,0,0
JD_11307793,2021-02-28,0,0,0,0,0,0,0
JD_11307770,2021-02-28,73,19,61,2,0,0,0
JD_11307768,2021-02-28,83,4,80,2,0,0,0
JD_11307767,2021-02-28,237,43,190,10,8,0,0
JD_11307766,2021-02-28,0,0,0,0,0,0,0
JD_11307765,2021-02-28,0,0,0,0,0,0,0
JD_11307764,2021-02-28,358,180,345,0,2,0,0
JD_11307763,2021-02-28,279,95,240,2,0,0,1
JD_11307762,2021-02-28,3550,2582,2134,2,1,9,7
JD_11307759,2021-02-28,12,0,12,0,0,0,0
JD_11307758,2021-02-28,21,1,19,2,0,0,0
JD_11307756,2021-02-28,48,11,45,1,0,0,0
JD_11307755,2021-02-28,0,0,0,0,0,0,0
JD_11307754,2021-02-28,4,2,3,0,1,0,0
JD_11307753,2021-02-28,791,102,768,16,7,0,2
JD_11307752,2021-02-28,0,0,0,0,0,0,0
JD_11307751,2021-02-28,15,7,14,0,0,1,1
JD_11307747,2021-02-28,99,63,70,0,0,0,1
JD_11307743,2021-02-28,32,19,21,1,0,0,0
JD_11307742,2021-02-28,139,107,73,0,0,0,1
JD_11307741,2021-02-28,202,137,129,0,1,0,0
JD_11307740,2021-02-28,592,362,413,0,0,0,1
JD_11307737,2021-02-28,104,85,48,0,1,0,0
JD_11307735,2021-02-28,110,47,105,0,0,0,1
JD_11307733,2021-02-28,4,2,4,0,0,0,0
JD_11307732,2021-02-28,141,0,132,9,0,0,0
JD_11307728,2021-02-28,4,1,3,0,0,0,0
JD_11307727,2021-02-28,121,0,120,0,1,0,0
JD_11307726,2021-02-28,43,31,27,0,0,0,0
JD_11307725,2021-02-28,9,7,5,0,0,0,0
JD_11307720,2021-02-28,37,21,37,0,0,0,0
JD_11307719,2021-02-28,40,7,38,2,0,0,0
JD_11307718,2021-02-28,25,7,21,0,1,0,0
JD_11307717,2021-02-28,73,31,66,0,0,0,1
JD_11307716,2021-02-28,104,45,99,2,0,0,0
JD_11307715,2021-02-28,0,0,0,0,0,0,0
JD_11307713,2021-02-28,12,5,12,0,0,0,0
JD_11307712,2021-02-28,11,6,9,0,1,0,0
