JD_11643412,2021-02-28,0,0,0,0,0,0,0
JD_11643411,2021-02-28,13,9,9,0,0,0,0
JD_11643410,2021-02-28,21,17,8,0,0,0,0
JD_11643409,2021-02-28,0,0,0,0,0,0,0
JD_11643408,2021-02-28,280,0,269,9,2,0,0
JD_11643407,2021-02-28,90,4,85,3,2,0,1
JD_11643405,2021-02-28,710,484,459,4,2,0,2
JD_11643403,2021-02-28,0,0,0,0,0,0,0
JD_11643402,2021-02-28,2,1,2,0,0,0,0
JD_11643401,2021-02-28,4,0,4,0,0,0,1
JD_11643400,2021-02-28,3,0,3,0,0,0,0
JD_11643399,2021-02-28,56,0,55,0,1,0,0
JD_11643398,2021-02-28,12,11,6,0,0,0,0
JD_11643397,2021-02-28,527,270,367,5,2,1,1
JD_11643396,2021-02-28,1,0,1,0,0,0,0
JD_11643395,2021-02-28,3,0,3,0,0,0,0
JD_11643394,2021-02-28,1,0,1,0,0,0,0
JD_11643393,2021-02-28,1,0,1,0,0,0,0
JD_11643392,2021-02-28,1,0,0,0,1,0,0
JD_11643391,2021-02-28,2,0,2,0,0,0,0
JD_11643390,2021-02-28,1,0,1,0,0,0,0
JD_11643383,2021-02-28,23,20,10,0,0,0,0
JD_11643382,2021-02-28,43,22,33,0,0,0,0
JD_11643379,2021-02-28,1,0,1,0,0,0,0
JD_11643378,2021-02-28,0,0,0,0,0,0,0
JD_11643377,2021-02-28,0,0,0,0,0,0,0
JD_11643375,2021-02-28,603,452,371,1,1,0,2
JD_11643373,2021-02-28,132,102,79,0,0,0,1
JD_11643372,2021-02-28,913,693,532,3,1,0,1
JD_11643079,2021-02-28,762,376,757,0,2,0,5
JD_11643078,2021-02-28,225,110,219,1,0,1,1
JD_11643077,2021-02-28,8,4,8,0,0,0,0
JD_11643076,2021-02-28,404,184,316,0,1,0,2
JD_11643075,2021-02-28,188,86,184,3,0,0,1
JD_11643074,2021-02-28,0,0,0,0,0,0,0
JD_11643073,2021-02-28,64,0,61,2,1,0,0
JD_11643072,2021-02-28,11,8,6,0,0,0,0
JD_11643071,2021-02-28,2891,2116,1839,12,10,0,6
JD_11643070,2021-02-28,4,2,4,0,0,0,0
JD_11643069,2021-02-28,8,6,5,0,0,0,0
JD_11643068,2021-02-28,155,72,116,0,0,0,0
JD_11643067,2021-02-28,5495,4215,4325,9,3,6,12
JD_11643066,2021-02-28,10,8,4,0,0,0,0
JD_11643065,2021-02-28,286,115,218,0,0,0,1
JD_11643064,2021-02-28,53,26,38,0,0,0,0
JD_11643062,2021-02-28,2,0,2,0,0,0,0
JD_11643061,2021-02-28,81,32,68,1,0,0,1
JD_11643059,2021-02-28,97,34,84,1,0,0,0
JD_11643058,2021-02-28,4,4,4,0,0,0,0
JD_11643057,2021-02-28,180,90,176,1,1,0,1
JD_11643056,2021-02-28,9,6,5,1,0,0,0
JD_11643055,2021-02-28,3877,2435,2383,5,3,5,5
JD_11643053,2021-02-28,9,0,9,0,0,0,0
JD_11643052,2021-02-28,51,32,28,0,1,0,1
JD_11643051,2021-02-28,4,2,3,0,0,0,0
JD_11643050,2021-02-28,4831,3205,2902,9,7,5,10
JD_11643049,2021-02-28,48,17,47,0,1,0,0
JD_11643048,2021-02-28,11,4,11,0,0,0,0
JD_11643047,2021-02-28,16290,12173,9529,33,14,11,41
JD_11643046,2021-02-28,18301,13310,11492,40,26,16,49
JD_11643045,2021-02-28,7,3,7,0,0,0,0
JD_11643044,2021-02-28,4221,2823,2789,10,5,4,6
JD_11643043,2021-02-28,3287,2074,2153,9,4,3,7
JD_11643042,2021-02-28,561,254,468,1,1,0,0
JD_11643041,2021-02-28,2132,1075,1643,6,6,4,12
JD_11643039,2021-02-28,6989,4855,4327,9,6,9,21
JD_11643038,2021-02-28,4299,2702,2929,8,3,5,10
JD_11643037,2021-02-28,531,226,506,3,2,0,1
JD_11643035,2021-02-28,254,17,250,2,2,0,0
JD_11643034,2021-02-28,179,5,178,1,0,0,1
