JD_11511772,2021-02-28,36,24,18,1,0,0,0
JD_11511771,2021-02-28,26,22,16,0,0,0,1
JD_11511770,2021-02-28,25,14,18,0,0,0,0
JD_11511769,2021-02-28,9,5,9,0,0,0,0
JD_11511768,2021-02-28,13,11,6,0,0,0,0
JD_11511767,2021-02-28,1,1,0,0,0,0,0
JD_11511765,2021-02-28,4,2,3,0,0,0,0
JD_11511764,2021-02-28,36,17,26,0,0,0,0
JD_11511763,2021-02-28,2,1,2,0,0,0,0
JD_11511762,2021-02-28,29,18,14,0,0,0,0
JD_11511760,2021-02-28,13,8,8,0,0,0,0
JD_11511759,2021-02-28,70,52,26,0,0,0,0
JD_11511758,2021-02-28,24,19,21,0,0,0,0
JD_11511757,2021-02-28,779,417,502,2,2,1,1
JD_11511756,2021-02-28,34,27,15,0,0,0,0
JD_11511755,2021-02-28,36,29,18,0,0,0,1
JD_11511754,2021-02-28,22,14,13,0,0,0,0
JD_11511753,2021-02-28,11,7,10,0,0,0,0
JD_11511752,2021-02-28,19,14,6,0,0,0,0
JD_11511751,2021-02-28,32,0,30,2,0,0,0
JD_11511750,2021-02-28,33,15,26,0,0,0,0
JD_11511749,2021-02-28,14,13,7,0,0,0,0
JD_11511748,2021-02-28,48,40,44,0,0,0,0
JD_11511747,2021-02-28,5,1,5,0,0,0,0
JD_11511746,2021-02-28,3,2,3,0,0,0,0
JD_11511745,2021-02-28,6,3,5,0,0,0,0
JD_11511744,2021-02-28,27,1,27,0,0,0,0
JD_11511743,2021-02-28,11,1,9,2,0,0,0
JD_11511742,2021-02-28,20,11,20,0,0,0,0
JD_11511741,2021-02-28,224,121,206,1,1,0,1
JD_11511740,2021-02-28,16485,1057,15962,299,130,0,5
JD_11511739,2021-02-28,46,27,31,0,0,0,0
JD_11511738,2021-02-28,1005,110,952,17,10,0,1
JD_11511737,2021-02-28,6277,2531,5524,69,37,7,23
JD_11511736,2021-02-28,0,0,0,0,0,0,0
JD_11511735,2021-02-28,1,0,1,0,0,0,0
JD_11511734,2021-02-28,0,0,0,0,0,0,0
JD_11511732,2021-02-28,4,1,4,0,0,0,0
JD_11511731,2021-02-28,7818,4800,5468,23,14,5,14
JD_11511730,2021-02-28,1942,1178,1477,12,8,4,1
JD_11511729,2021-02-28,0,0,0,0,0,0,0
JD_11511728,2021-02-28,338,52,298,6,2,1,2
JD_11511725,2021-02-28,0,0,0,0,0,0,0
JD_11511724,2021-02-28,700,125,692,8,0,0,3
JD_11511723,2021-02-28,4,2,3,0,1,0,0
JD_11511720,2021-02-28,3,0,3,0,0,0,0
JD_11511718,2021-02-28,566,303,562,2,1,1,1
JD_11511717,2021-02-28,79,58,49,0,0,0,0
JD_11511715,2021-02-28,3656,2227,2703,13,10,2,7
JD_11511714,2021-02-28,52,22,50,0,0,0,0
JD_11511713,2021-02-28,20,0,20,0,0,0,0
JD_11511712,2021-02-28,65,13,60,2,0,0,1
JD_11511711,2021-02-28,20,7,19,0,0,0,0
JD_11511710,2021-02-28,518,254,510,4,1,0,5
JD_11511709,2021-02-28,1,0,1,0,0,0,0
JD_11511708,2021-02-28,4664,2721,3916,23,5,0,10
JD_11511707,2021-02-28,9777,6579,6775,45,25,10,21
JD_11511705,2021-02-28,1,1,1,0,0,0,0
JD_11511704,2021-02-28,69,2,68,1,0,0,0
JD_11511703,2021-02-28,13,2,12,1,0,0,0
JD_11511702,2021-02-28,120,69,88,2,0,1,0
JD_11511701,2021-02-28,11,2,10,0,0,0,0
JD_11511700,2021-02-28,25,8,19,2,0,0,0
JD_11511699,2021-02-28,27,15,26,0,0,0,0
JD_11511698,2021-02-28,19,6,15,1,0,0,1
JD_11511697,2021-02-28,34,13,33,1,0,0,1
JD_11511696,2021-02-28,9,2,8,0,1,0,0
JD_11511695,2021-02-28,6,2,4,0,0,0,0
JD_11511693,2021-02-28,120,0,120,0,0,0,0
JD_11511692,2021-02-28,208,88,193,1,1,0,1
