JD_11420638,2021-02-28,1757,718,1724,22,7,0,2
JD_11420636,2021-02-28,1,0,1,0,0,0,0
JD_11420634,2021-02-28,10,6,6,0,0,0,0
JD_11420628,2021-02-28,4,2,4,0,0,0,0
JD_11420627,2021-02-28,8,3,6,1,1,0,0
JD_11420626,2021-02-28,25,11,14,0,0,0,0
JD_11420623,2021-02-28,0,0,0,0,0,0,0
JD_11420622,2021-02-28,0,0,0,0,0,0,0
JD_11420621,2021-02-28,41,17,31,1,1,0,0
JD_11420620,2021-02-28,0,0,0,0,0,0,0
JD_11420618,2021-02-28,25,15,16,0,1,0,0
JD_11420617,2021-02-28,2,2,1,0,0,0,0
JD_11420616,2021-02-28,42,28,28,0,0,0,0
JD_11420614,2021-02-28,1,0,1,0,0,0,0
JD_11420611,2021-02-28,78,51,61,0,1,0,0
JD_11420610,2021-02-28,0,0,0,0,0,0,0
JD_11420604,2021-02-28,2,1,1,0,0,0,0
JD_11420603,2021-02-28,0,0,0,0,0,0,0
JD_11420602,2021-02-28,0,0,0,0,0,0,0
JD_11420599,2021-02-28,0,0,0,0,0,0,0
JD_11420597,2021-02-28,0,0,0,0,0,0,0
JD_11420594,2021-02-28,0,0,0,0,0,0,0
JD_11420593,2021-02-28,0,0,0,0,0,0,0
JD_11420591,2021-02-28,0,0,0,0,0,0,0
JD_11420590,2021-02-28,0,0,0,0,0,0,0
JD_11420589,2021-02-28,0,0,0,0,0,0,0
JD_11420588,2021-02-28,0,0,0,0,0,0,0
JD_11420587,2021-02-28,64,2,62,1,1,0,0
JD_11420586,2021-02-28,1921,1083,1897,13,10,0,3
JD_11420583,2021-02-28,55,32,33,0,1,0,0
JD_11420582,2021-02-28,37,3,36,0,1,0,0
JD_11420581,2021-02-28,90,54,62,0,0,0,0
JD_11420580,2021-02-28,5,1,4,0,0,0,1
JD_11420579,2021-02-28,33,18,22,0,0,0,0
JD_11420577,2021-02-28,16,4,12,0,0,0,0
JD_11420576,2021-02-28,484,71,405,8,7,0,0
JD_11420575,2021-02-28,929,113,814,19,8,0,1
JD_11420573,2021-02-28,161,0,157,3,1,0,0
JD_11420572,2021-02-28,42,24,21,0,0,0,0
JD_11420571,2021-02-28,182,0,174,6,2,0,0
JD_11420569,2021-02-28,193,82,190,1,2,0,0
JD_11420568,2021-02-28,389,99,352,6,0,0,2
JD_11420567,2021-02-28,201,26,195,4,1,0,0
JD_11420564,2021-02-28,132,11,119,3,1,0,0
JD_11420561,2021-02-28,0,0,0,0,0,0,0
JD_11420559,2021-02-28,8,5,4,1,0,0,0
JD_11420558,2021-02-28,8,6,4,1,0,0,0
JD_11420557,2021-02-28,9,7,5,1,0,0,0
JD_11420555,2021-02-28,73,7,73,0,0,0,0
JD_11420554,2021-02-28,9,2,9,0,0,0,0
JD_11420553,2021-02-28,8,6,5,1,0,0,0
JD_11420552,2021-02-28,9,7,4,0,0,0,0
JD_11420547,2021-02-28,53,2,53,0,0,0,0
JD_11420546,2021-02-28,104,0,102,2,0,0,0
JD_11420545,2021-02-28,60,0,58,2,0,0,0
JD_11420544,2021-02-28,331,218,198,0,1,0,0
JD_11420543,2021-02-28,2,1,1,1,0,0,0
JD_11420541,2021-02-28,63,0,61,1,1,0,0
JD_11420540,2021-02-28,74,0,70,3,1,0,0
JD_11420538,2021-02-28,76,0,74,1,1,0,0
JD_11420536,2021-02-28,61,0,60,1,0,0,0
JD_11420535,2021-02-28,51,0,49,2,0,0,0
JD_11420534,2021-02-28,53,9,51,1,1,0,0
JD_11420533,2021-02-28,29,0,28,0,1,0,0
JD_11420532,2021-02-28,37,4,36,0,1,0,0
JD_11420531,2021-02-28,51,1,51,0,0,0,0
JD_11420527,2021-02-28,13,7,11,0,0,0,0
JD_11420526,2021-02-28,0,0,0,0,0,0,0
JD_11420525,2021-02-28,32,23,20,0,0,0,0
JD_11420522,2021-02-28,33,10,30,2,0,0,0
