JD_11292518,2021-02-28,35,13,31,0,1,0,0
JD_11292517,2021-02-28,13,3,12,0,0,0,0
JD_11292515,2021-02-28,14,1,13,0,0,0,0
JD_11292513,2021-02-28,1,0,1,0,0,0,0
JD_11292511,2021-02-28,26,14,23,0,1,0,0
JD_11292510,2021-02-28,217,128,169,2,1,0,0
JD_11292509,2021-02-28,21,13,15,0,0,0,1
JD_11292507,2021-02-28,124,53,96,0,0,0,0
JD_11292506,2021-02-28,38,13,32,0,0,0,0
JD_11292505,2021-02-28,6,4,5,0,0,0,0
JD_11292504,2021-02-28,6,2,5,0,0,0,0
JD_11292503,2021-02-28,20,11,11,0,0,0,0
JD_11292502,2021-02-28,37,27,23,0,0,0,0
JD_11292501,2021-02-28,6,3,4,0,0,0,0
JD_11292500,2021-02-28,0,0,0,0,0,0,0
JD_11292499,2021-02-28,0,0,0,0,0,0,0
JD_11292498,2021-02-28,9,5,4,1,0,0,0
JD_11292497,2021-02-28,104,17,103,1,0,0,0
JD_11292496,2021-02-28,229,64,223,6,0,0,0
JD_11292495,2021-02-28,42,21,29,0,0,0,0
JD_11292494,2021-02-28,349,139,344,2,1,0,2
JD_11292493,2021-02-28,46,12,45,0,0,0,0
JD_11292490,2021-02-28,10,1,9,1,0,0,0
JD_11292489,2021-02-28,18,7,14,0,0,0,0
JD_11292488,2021-02-28,18,2,16,2,0,0,0
JD_11292487,2021-02-28,25,16,12,0,0,0,0
JD_11292486,2021-02-28,0,0,0,0,0,0,0
JD_11292484,2021-02-28,0,0,0,0,0,0,0
JD_11292481,2021-02-28,0,0,0,0,0,0,0
JD_11292480,2021-02-28,0,0,0,0,0,0,0
JD_11292479,2021-02-28,0,0,0,0,0,0,0
JD_11292478,2021-02-28,2,0,2,0,0,0,0
JD_11292476,2021-02-28,0,0,0,0,0,0,0
JD_11292475,2021-02-28,1,0,1,0,0,0,0
JD_11292473,2021-02-28,4,1,4,0,0,0,0
JD_11292472,2021-02-28,1,0,1,0,0,0,0
JD_11292468,2021-02-28,9,0,9,0,0,0,0
JD_11292467,2021-02-28,152,74,148,1,1,0,0
JD_11292462,2021-02-28,0,0,0,0,0,0,0
JD_11292458,2021-02-28,155,75,132,0,1,0,2
JD_11292457,2021-02-28,49,27,34,0,0,1,0
JD_11292456,2021-02-28,3,1,2,0,0,0,0
JD_11292455,2021-02-28,2,1,2,0,0,0,0
JD_11292454,2021-02-28,15,10,11,0,0,0,0
JD_11292450,2021-02-28,5,3,2,1,0,0,0
JD_11292448,2021-02-28,0,0,0,0,0,0,0
JD_11292444,2021-02-28,4,2,3,0,0,0,0
JD_11292443,2021-02-28,0,0,0,0,0,0,0
JD_11292441,2021-02-28,0,0,0,0,0,0,0
JD_11292440,2021-02-28,3,1,3,0,0,0,0
JD_11292439,2021-02-28,7,0,7,0,0,0,0
JD_11292434,2021-02-28,4,0,4,0,0,0,0
JD_11292433,2021-02-28,3,1,3,0,0,0,0
JD_11292432,2021-02-28,1,1,1,0,0,0,0
JD_11292431,2021-02-28,4,0,4,0,0,0,0
JD_11292426,2021-02-28,0,0,0,0,0,0,0
JD_11292425,2021-02-28,6,5,4,0,0,0,0
JD_11292423,2021-02-28,6,1,4,1,1,0,0
JD_11292422,2021-02-28,1,1,0,0,0,0,0
JD_11292421,2021-02-28,3,2,2,0,0,0,0
JD_11292420,2021-02-28,18,11,11,0,0,0,0
JD_11292417,2021-02-28,19,8,12,1,1,0,0
JD_11292416,2021-02-28,8,5,3,0,1,0,0
JD_11292415,2021-02-28,6,3,5,0,0,0,0
JD_11292414,2021-02-28,0,0,0,0,0,0,0
JD_11292413,2021-02-28,13,8,11,0,0,0,0
JD_11292412,2021-02-28,14,5,11,1,1,0,0
JD_11292410,2021-02-28,0,0,0,0,0,0,0
JD_11292406,2021-02-28,140,26,138,1,1,0,0
JD_11292405,2021-02-28,9,3,9,0,0,0,0
