JD_11485264,2021-02-28,105,51,84,1,0,0,0
JD_11485263,2021-02-28,19,15,11,0,0,0,0
JD_11485262,2021-02-28,56,18,50,3,1,0,0
JD_11485261,2021-02-28,0,0,0,0,0,0,0
JD_11485260,2021-02-28,0,0,0,0,0,0,0
JD_11485259,2021-02-28,13,5,11,0,0,0,0
JD_11485258,2021-02-28,1,0,1,0,0,0,0
JD_11485257,2021-02-28,8,8,5,0,0,0,0
JD_11485256,2021-02-28,1,1,0,0,0,0,0
JD_11485255,2021-02-28,3,1,1,1,0,0,0
JD_11485254,2021-02-28,3,2,3,0,0,0,0
JD_11485253,2021-02-28,57,35,30,0,1,0,0
JD_11485249,2021-02-28,10,4,10,0,0,0,0
JD_11485248,2021-02-28,4583,3450,2834,16,3,3,7
JD_11485247,2021-02-28,39,8,36,1,0,0,0
JD_11485246,2021-02-28,135,108,83,0,0,0,0
JD_11485245,2021-02-28,0,0,0,0,0,0,0
JD_11485244,2021-02-28,0,0,0,0,0,0,0
JD_11485232,2021-02-28,54,39,21,0,0,0,0
JD_11485231,2021-02-28,6,6,1,0,0,0,0
JD_11485230,2021-02-28,0,0,0,0,0,0,0
JD_11485228,2021-02-28,17,7,14,0,0,0,0
JD_11485227,2021-02-28,12,9,4,1,0,0,0
JD_11485226,2021-02-28,6,6,1,0,0,0,0
JD_11485225,2021-02-28,0,0,0,0,0,0,0
JD_11485223,2021-02-28,3,3,1,0,0,0,0
JD_11485222,2021-02-28,4769,3677,2988,9,5,4,5
JD_11485220,2021-02-28,52,3,52,0,0,0,0
JD_11485219,2021-02-28,0,0,0,0,0,0,0
JD_11485218,2021-02-28,4,2,3,0,0,0,0
JD_11485217,2021-02-28,83,15,82,0,0,0,0
JD_11485215,2021-02-28,10,3,6,0,1,0,0
JD_11485212,2021-02-28,0,0,0,0,0,0,0
JD_11485211,2021-02-28,0,0,0,0,0,0,0
JD_11485209,2021-02-28,10,8,3,0,0,0,0
JD_11485208,2021-02-28,131,1,127,4,0,0,0
JD_11485202,2021-02-28,37,0,35,2,0,0,0
JD_11485199,2021-02-28,0,0,0,0,0,0,0
JD_11485195,2021-02-28,5,5,0,0,0,0,0
JD_11485193,2021-02-28,30,7,21,2,0,0,0
JD_11485192,2021-02-28,25,10,14,1,0,0,0
JD_11485191,2021-02-28,38,19,17,2,0,0,0
JD_11485190,2021-02-28,16,6,10,0,0,0,0
JD_11485188,2021-02-28,40,13,27,0,0,0,0
JD_11485187,2021-02-28,8,4,4,0,0,1,0
JD_11485186,2021-02-28,358,304,54,0,0,0,1
JD_11485185,2021-02-28,19,12,7,0,0,0,0
JD_11485184,2021-02-28,4,2,2,0,0,0,0
JD_11485183,2021-02-28,17,9,8,0,0,0,0
JD_11485181,2021-02-28,2137,1475,1595,5,5,3,7
JD_11485180,2021-02-28,509,259,324,2,1,1,0
JD_11485179,2021-02-28,16,10,6,0,0,0,0
JD_11485178,2021-02-28,34,20,14,0,0,0,0
JD_11485177,2021-02-28,0,0,0,0,0,0,0
JD_11485175,2021-02-28,4,0,4,0,0,0,0
JD_11485174,2021-02-28,22,14,12,0,1,0,0
JD_11485173,2021-02-28,350,158,330,2,0,0,3
JD_11485171,2021-02-28,3,2,3,0,0,0,0
JD_11485170,2021-02-28,0,0,0,0,0,0,0
JD_11485168,2021-02-28,3,0,3,0,0,0,0
JD_11485167,2021-02-28,110,85,46,0,0,0,0
JD_11485166,2021-02-28,67,52,67,0,0,0,0
JD_11485165,2021-02-28,0,0,0,0,0,0,0
JD_11485164,2021-02-28,15,2,13,2,0,0,0
JD_11485163,2021-02-28,4,2,3,0,0,0,0
JD_11485162,2021-02-28,3,1,3,0,0,0,0
JD_11485160,2021-02-28,52,12,49,0,1,0,0
JD_11485159,2021-02-28,4,3,3,0,0,0,0
JD_11485158,2021-02-28,96,35,78,1,0,0,0
JD_11485156,2021-02-28,25,11,19,0,0,0,0
