JD_11481047,2021-02-28,12,7,8,0,1,0,0
JD_11481046,2021-02-28,28,21,21,1,0,0,0
JD_11481044,2021-02-28,2,2,1,0,0,0,0
JD_11481043,2021-02-28,7,5,3,0,0,0,0
JD_11481042,2021-02-28,3,2,1,0,0,0,1
JD_11481041,2021-02-28,0,0,0,0,0,0,0
JD_11481040,2021-02-28,37,25,35,0,0,1,0
JD_11481039,2021-02-28,38,30,32,0,1,0,0
JD_11481038,2021-02-28,0,0,0,0,0,0,0
JD_11481037,2021-02-28,4,2,2,0,0,0,0
JD_11481036,2021-02-28,13,10,10,0,0,0,0
JD_11481035,2021-02-28,126,82,92,0,3,0,0
JD_11481033,2021-02-28,11,8,6,0,0,0,0
JD_11481032,2021-02-28,4,0,4,0,0,0,0
JD_11481031,2021-02-28,2,0,1,1,0,0,0
JD_11481030,2021-02-28,9,4,9,0,0,0,0
JD_11481029,2021-02-28,3,3,1,0,0,0,0
JD_11481028,2021-02-28,15,4,12,1,0,0,0
JD_11481027,2021-02-28,47,13,39,2,1,0,0
JD_11481026,2021-02-28,3,0,2,1,0,0,0
JD_11481025,2021-02-28,6,1,6,0,0,0,0
JD_11481024,2021-02-28,3,1,3,0,0,0,0
JD_11481023,2021-02-28,5,0,5,0,0,0,0
JD_11481022,2021-02-28,8,0,6,2,0,0,0
JD_11481021,2021-02-28,3,0,3,0,0,0,0
JD_11481020,2021-02-28,6,1,5,0,0,0,0
JD_11481019,2021-02-28,1,0,1,0,0,0,0
JD_11481018,2021-02-28,5,2,4,0,1,0,0
JD_11481017,2021-02-28,13,4,12,1,0,0,0
JD_11481016,2021-02-28,0,0,0,0,0,0,0
JD_11481014,2021-02-28,5,0,5,0,0,0,0
JD_11481013,2021-02-28,2,0,2,0,0,0,0
JD_11481009,2021-02-28,0,0,0,0,0,0,0
JD_11481006,2021-02-28,0,0,0,0,0,0,0
JD_11481005,2021-02-28,0,0,0,0,0,0,0
JD_11481003,2021-02-28,0,0,0,0,0,0,0
JD_11480996,2021-02-28,37,0,35,1,1,0,0
JD_11480995,2021-02-28,6,5,3,0,0,0,0
JD_11480994,2021-02-28,45,40,18,0,0,0,0
JD_11480993,2021-02-28,11,0,10,1,0,0,0
JD_11480992,2021-02-28,26,10,21,0,0,0,0
JD_11480991,2021-02-28,74,53,74,0,0,0,0
JD_11480990,2021-02-28,21,1,21,0,0,0,0
JD_11480989,2021-02-28,0,0,0,0,0,0,0
JD_11480988,2021-02-28,4251,3175,2231,7,4,3,9
JD_11480986,2021-02-28,28,3,25,0,0,0,0
JD_11480985,2021-02-28,32,0,30,1,1,0,0
JD_11480984,2021-02-28,28,21,14,0,0,0,0
JD_11480983,2021-02-28,25,18,10,0,0,0,0
JD_11480982,2021-02-28,11,7,7,0,0,0,0
JD_11480981,2021-02-28,12,4,9,1,0,0,0
JD_11480979,2021-02-28,3353,1513,3300,21,9,5,7
JD_11480978,2021-02-28,2120,589,2092,21,4,2,4
JD_11480975,2021-02-28,174,83,167,0,0,0,0
JD_11480974,2021-02-28,80,0,78,1,1,0,0
JD_11480973,2021-02-28,2204,1023,1730,19,4,8,3
JD_11480972,2021-02-28,2329,651,2290,23,7,1,0
JD_11480957,2021-02-28,33,24,21,0,0,0,0
JD_11480956,2021-02-28,282,195,280,1,0,1,2
JD_11480955,2021-02-28,176,118,174,0,0,0,0
JD_11480948,2021-02-28,149,0,149,0,0,0,0
JD_11480927,2021-02-28,2,1,1,0,0,0,0
JD_11480926,2021-02-28,8,5,6,0,0,0,0
JD_11480919,2021-02-28,14,11,6,0,0,0,0
JD_11480918,2021-02-28,11,8,5,0,0,0,0
JD_11480917,2021-02-28,7,3,6,0,0,0,0
JD_11480916,2021-02-28,7,3,5,0,0,0,0
JD_11480913,2021-02-28,19,8,18,0,0,0,0
JD_11480909,2021-02-28,307,160,239,2,0,2,0
JD_11480908,2021-02-28,284,133,269,2,0,0,0
