JD_11290085,2021-02-28,0,0,0,0,0,0,0
JD_11290075,2021-02-28,0,0,0,0,0,0,0
JD_11290074,2021-02-28,0,0,0,0,0,0,0
JD_11290073,2021-02-28,0,0,0,0,0,0,0
JD_11290054,2021-02-28,0,0,0,0,0,0,0
JD_11290050,2021-02-28,4,2,4,0,0,0,0
JD_11290045,2021-02-28,3,1,2,0,0,0,0
JD_11290042,2021-02-28,1,0,1,0,0,1,0
JD_11290037,2021-02-28,6,1,5,0,0,0,0
JD_11290036,2021-02-28,5,3,5,0,0,0,0
JD_11290034,2021-02-28,3,0,3,0,0,0,0
JD_11290032,2021-02-28,5,1,5,0,0,0,0
JD_11290031,2021-02-28,8,3,5,0,0,0,0
JD_11290029,2021-02-28,3,1,3,0,0,0,0
JD_11290028,2021-02-28,7,4,7,0,0,0,0
JD_11290027,2021-02-28,133,70,113,3,2,1,1
JD_11290026,2021-02-28,0,0,0,0,0,0,0
JD_11290024,2021-02-28,10,9,2,0,0,0,0
JD_11290020,2021-02-28,21,5,19,0,0,0,0
JD_11290013,2021-02-28,1,1,1,0,0,0,0
JD_11290006,2021-02-28,1,1,0,0,0,0,0
JD_11290005,2021-02-28,0,0,0,0,0,0,0
JD_11289998,2021-02-28,1,1,0,0,0,0,0
JD_11289997,2021-02-28,0,0,0,0,0,0,0
JD_11289996,2021-02-28,0,0,0,0,0,0,0
JD_11289995,2021-02-28,0,0,0,0,0,0,0
JD_11289993,2021-02-28,2,1,2,0,0,0,0
JD_11289991,2021-02-28,0,0,0,0,0,0,0
JD_11289989,2021-02-28,0,0,0,0,0,0,0
JD_11289987,2021-02-28,0,0,0,0,0,0,0
JD_11289986,2021-02-28,0,0,0,0,0,0,0
JD_11289983,2021-02-28,0,0,0,0,0,0,0
JD_11289982,2021-02-28,3,2,1,0,0,0,0
JD_11289981,2021-02-28,0,0,0,0,0,0,0
JD_11289973,2021-02-28,0,0,0,0,0,0,0
JD_11289971,2021-02-28,7,3,6,0,0,0,0
JD_11289953,2021-02-28,0,0,0,0,0,0,0
JD_11289952,2021-02-28,1,0,1,0,0,0,0
JD_11289949,2021-02-28,0,0,0,0,0,0,0
JD_11289948,2021-02-28,0,0,0,0,0,0,0
JD_11289945,2021-02-28,7,5,5,0,0,0,0
JD_11289944,2021-02-28,0,0,0,0,0,0,0
JD_11289943,2021-02-28,27,1,25,2,0,0,0
JD_11289941,2021-02-28,0,0,0,0,0,0,0
JD_11289940,2021-02-28,0,0,0,0,0,0,0
JD_11289938,2021-02-28,0,0,0,0,0,0,0
JD_11289937,2021-02-28,0,0,0,0,0,0,0
JD_11289935,2021-02-28,0,0,0,0,0,0,0
JD_11289924,2021-02-28,46,32,36,0,0,0,0
JD_11289922,2021-02-28,0,0,0,0,0,0,0
JD_11289921,2021-02-28,0,0,0,0,0,0,0
JD_11289916,2021-02-28,618,284,519,14,4,1,2
JD_11289915,2021-02-28,1,0,1,0,0,0,0
JD_11289912,2021-02-28,0,0,0,0,0,0,0
JD_11289909,2021-02-28,0,0,0,0,0,0,0
JD_11289908,2021-02-28,0,0,0,0,0,0,0
JD_11289906,2021-02-28,5,1,4,0,0,0,0
JD_11289905,2021-02-28,6,5,3,0,0,0,0
JD_11289904,2021-02-28,4,3,2,0,0,0,0
JD_11289903,2021-02-28,4,4,1,0,0,0,0
JD_11289901,2021-02-28,3,2,1,0,0,0,0
JD_11289898,2021-02-28,0,0,0,0,0,0,0
JD_11289895,2021-02-28,319,193,276,3,1,0,0
JD_11289894,2021-02-28,54,17,45,1,0,0,0
JD_11289893,2021-02-28,35,26,23,0,0,0,0
JD_11289889,2021-02-28,0,0,0,0,0,0,0
JD_11289887,2021-02-28,3,0,2,1,0,0,0
JD_11289884,2021-02-28,124,18,110,7,3,0,0
JD_11289883,2021-02-28,49,30,27,0,0,0,0
JD_11289882,2021-02-28,7,2,6,0,0,0,0
