JD_11333262,2021-02-28,5181,2970,3554,6,2,7,9
JD_11333258,2021-02-28,14,10,4,0,0,0,0
JD_11333250,2021-02-28,1,1,1,0,0,0,0
JD_11333249,2021-02-28,216,76,215,0,1,0,0
JD_11333248,2021-02-28,153,83,152,1,0,0,1
JD_11333246,2021-02-28,20,1,19,0,0,0,0
JD_11333245,2021-02-28,8,2,7,0,0,0,0
JD_11333244,2021-02-28,133,97,72,0,0,0,2
JD_11333243,2021-02-28,177,122,96,1,1,0,2
JD_11333242,2021-02-28,92,61,62,0,0,0,1
JD_11333241,2021-02-28,103,72,61,0,0,0,2
JD_11333239,2021-02-28,155,108,92,1,0,0,1
JD_11333238,2021-02-28,95,63,60,1,0,0,1
JD_11333237,2021-02-28,173,122,92,2,0,0,2
JD_11333234,2021-02-28,92,62,58,0,0,0,2
JD_11333233,2021-02-28,81,53,52,1,0,0,1
JD_11333229,2021-02-28,204,45,187,2,2,0,0
JD_11333228,2021-02-28,117,48,85,1,0,0,0
JD_11333225,2021-02-28,4952,3264,3586,38,16,2,8
JD_11333221,2021-02-28,4,3,1,0,0,0,0
JD_11333220,2021-02-28,6065,721,5699,96,25,0,2
JD_11333219,2021-02-28,29,11,20,0,0,0,0
JD_11333218,2021-02-28,40,24,31,1,0,0,0
JD_11333217,2021-02-28,1,1,0,0,0,0,0
JD_11333216,2021-02-28,0,0,0,0,0,0,0
JD_11333215,2021-02-28,1,0,1,0,0,0,0
JD_11333211,2021-02-28,2,1,1,0,0,0,0
JD_11333207,2021-02-28,14,5,10,0,1,0,0
JD_11333206,2021-02-28,130,23,117,2,1,0,0
JD_11333205,2021-02-28,21,0,20,0,1,0,0
JD_11333204,2021-02-28,0,0,0,0,0,0,0
JD_11333203,2021-02-28,5,5,1,0,0,0,0
JD_11333202,2021-02-28,2,1,1,0,0,0,0
JD_11333201,2021-02-28,2,2,0,0,0,0,0
JD_11333199,2021-02-28,109,32,92,3,3,0,2
JD_11333198,2021-02-28,4,1,4,0,0,0,0
JD_11333197,2021-02-28,3392,2153,2260,13,8,1,6
JD_11333196,2021-02-28,20,2,18,0,2,0,0
JD_11333194,2021-02-28,4,3,1,0,0,0,0
JD_11333192,2021-02-28,382,148,374,7,1,0,0
JD_11333191,2021-02-28,8,3,7,0,0,0,0
JD_11333190,2021-02-28,5,0,5,0,0,0,0
JD_11333189,2021-02-28,5,2,4,0,0,0,0
JD_11333188,2021-02-28,568,421,171,1,1,0,1
JD_11333187,2021-02-28,341,219,297,2,0,0,0
JD_11333185,2021-02-28,0,0,0,0,0,0,0
JD_11333184,2021-02-28,6,0,6,0,0,0,0
JD_11333183,2021-02-28,5,4,1,0,0,0,0
JD_11333181,2021-02-28,0,0,0,0,0,0,0
JD_11333180,2021-02-28,1,1,0,0,0,0,0
JD_11333178,2021-02-28,1,0,1,0,0,0,0
JD_11333177,2021-02-28,21,2,21,0,0,0,0
JD_11333168,2021-02-28,0,0,0,0,0,0,0
JD_11333165,2021-02-28,13,9,5,0,0,0,0
JD_11333163,2021-02-28,49,25,40,0,1,0,1
JD_11333162,2021-02-28,11,7,6,0,0,0,0
JD_11333161,2021-02-28,3,2,2,0,0,0,0
JD_11333160,2021-02-28,6,3,4,0,0,0,0
JD_11333159,2021-02-28,13,9,8,0,0,0,0
JD_11333158,2021-02-28,45,25,30,1,1,0,0
JD_11333157,2021-02-28,0,0,0,0,0,0,0
JD_11333156,2021-02-28,72,21,72,0,0,0,0
JD_11333155,2021-02-28,1,1,1,0,0,0,0
JD_11333154,2021-02-28,7,3,6,0,0,0,0
JD_11333152,2021-02-28,1,1,0,0,0,0,0
JD_11333151,2021-02-28,70,20,70,0,0,0,1
JD_11333149,2021-02-28,11,6,7,0,0,0,0
JD_11333148,2021-02-28,1,1,1,0,0,0,0
JD_11333147,2021-02-28,0,0,0,0,0,0,0
JD_11333146,2021-02-28,0,0,0,0,0,0,0
