JD_11465224,2021-02-28,20,14,9,0,0,0,0
JD_11465223,2021-02-28,10,9,2,0,0,0,0
JD_11465222,2021-02-28,3,2,1,0,0,0,0
JD_11465221,2021-02-28,13,8,5,0,0,0,0
JD_11465220,2021-02-28,5,5,3,0,0,0,0
JD_11465219,2021-02-28,1,1,1,0,0,0,0
JD_11465218,2021-02-28,3,1,2,0,0,0,0
JD_11465217,2021-02-28,4,2,3,0,0,0,0
JD_11465216,2021-02-28,76,55,57,0,0,0,0
JD_11465215,2021-02-28,1,0,1,0,0,0,0
JD_11465214,2021-02-28,32,26,17,0,0,0,0
JD_11465213,2021-02-28,13,5,10,0,0,0,0
JD_11465212,2021-02-28,16,6,16,0,0,0,0
JD_11465211,2021-02-28,26,15,19,0,0,0,0
JD_11465210,2021-02-28,24,13,16,1,1,0,0
JD_11465209,2021-02-28,20,14,11,1,0,0,0
JD_11465208,2021-02-28,12,9,6,0,0,0,0
JD_11465207,2021-02-28,19,12,10,1,0,0,0
JD_11465206,2021-02-28,12,9,8,1,0,0,0
JD_11465204,2021-02-28,4,3,3,0,0,0,0
JD_11465203,2021-02-28,10,6,7,0,0,0,0
JD_11465202,2021-02-28,900,480,671,3,1,1,2
JD_11465201,2021-02-28,0,0,0,0,0,0,0
JD_11465200,2021-02-28,0,0,0,0,0,0,0
JD_11465199,2021-02-28,1,1,1,0,0,0,0
JD_11465198,2021-02-28,8,3,8,0,0,0,0
JD_11465196,2021-02-28,0,0,0,0,0,0,0
JD_11465195,2021-02-28,0,0,0,0,0,0,0
JD_11465193,2021-02-28,197,0,195,2,0,0,0
JD_11465192,2021-02-28,121,0,120,1,0,0,0
JD_11465190,2021-02-28,186,0,175,10,1,0,0
JD_11465189,2021-02-28,6428,5003,2075,30,5,3,9
JD_11465187,2021-02-28,10,4,7,1,0,0,0
JD_11465186,2021-02-28,3,1,3,0,0,0,0
JD_11465181,2021-02-28,4,2,3,0,0,0,0
JD_11465180,2021-02-28,3,0,3,0,0,0,0
JD_11465179,2021-02-28,1,0,1,0,0,0,0
JD_11465178,2021-02-28,5,1,4,0,0,0,0
JD_11465177,2021-02-28,3,1,2,0,0,0,0
JD_11465175,2021-02-28,6,3,5,0,0,0,0
JD_11465173,2021-02-28,4,2,2,0,0,0,0
JD_11465171,2021-02-28,12,7,7,0,0,0,0
JD_11465170,2021-02-28,12,6,12,0,0,0,0
JD_11465169,2021-02-28,34,22,30,0,0,0,0
JD_11465168,2021-02-28,12,8,12,0,0,0,0
JD_11465167,2021-02-28,29,20,26,0,0,0,0
JD_11465166,2021-02-28,46,22,32,1,0,0,0
JD_11465165,2021-02-28,92,25,74,2,0,0,0
JD_11465161,2021-02-28,392,0,367,16,9,0,0
JD_11465159,2021-02-28,4,4,4,0,0,0,0
JD_11465158,2021-02-28,5171,1019,5111,48,11,3,14
JD_11465156,2021-02-28,101,0,95,3,3,0,0
JD_11465155,2021-02-28,43,27,30,2,0,0,1
JD_11465153,2021-02-28,84,31,63,1,0,0,0
JD_11465152,2021-02-28,38,7,37,1,0,0,0
JD_11465151,2021-02-28,66,32,52,0,0,0,1
JD_11465150,2021-02-28,655,452,408,2,3,0,1
JD_11465149,2021-02-28,227,149,151,2,0,1,0
JD_11465148,2021-02-28,617,407,324,1,1,0,0
JD_11465147,2021-02-28,21,8,17,1,0,0,0
JD_11465146,2021-02-28,46,24,32,0,0,0,0
JD_11465145,2021-02-28,521,291,467,5,1,1,1
JD_11465144,2021-02-28,167,31,164,2,0,0,0
JD_11465143,2021-02-28,122,57,76,2,0,0,0
JD_11465141,2021-02-28,329,211,175,1,0,0,0
JD_11465140,2021-02-28,9,5,7,0,0,0,0
JD_11465139,2021-02-28,50,7,47,0,0,0,0
JD_11465138,2021-02-28,191,0,185,5,1,0,0
JD_11465137,2021-02-28,134,0,127,3,4,0,0
JD_11465136,2021-02-28,598,0,592,5,1,0,0
