JD_11370217,2021-02-28,335,11,312,16,7,0,0
JD_11370216,2021-02-28,50,29,21,0,1,0,1
JD_11370213,2021-02-28,8,1,7,0,1,0,0
JD_11370212,2021-02-28,31,26,12,0,0,0,0
JD_11370211,2021-02-28,181,54,171,6,4,0,3
JD_11370210,2021-02-28,294,148,208,5,2,0,1
JD_11370209,2021-02-28,268,168,266,0,2,0,2
JD_11370208,2021-02-28,77,46,60,1,0,0,0
JD_11370207,2021-02-28,66,0,65,1,0,0,0
JD_11370205,2021-02-28,15772,10406,9894,36,8,15,22
JD_11370203,2021-02-28,168,46,160,5,3,0,0
JD_11370202,2021-02-28,24,7,23,1,0,0,0
JD_11370201,2021-02-28,55,21,53,0,1,0,0
JD_11370200,2021-02-28,95,0,91,2,2,0,0
JD_11370198,2021-02-28,41,6,41,0,0,0,0
JD_11370197,2021-02-28,14,9,10,0,0,0,0
JD_11370196,2021-02-28,52,39,38,0,0,0,0
JD_11370195,2021-02-28,23,15,18,0,0,0,0
JD_11370194,2021-02-28,28,17,24,0,0,0,0
JD_11370193,2021-02-28,48,25,44,2,2,0,0
JD_11370192,2021-02-28,5,2,4,0,0,0,0
JD_11370191,2021-02-28,556,352,441,2,1,0,1
JD_11370190,2021-02-28,19,12,15,0,0,0,0
JD_11370189,2021-02-28,177,20,174,2,1,0,0
JD_11370188,2021-02-28,74,46,57,1,0,0,0
JD_11370187,2021-02-28,49,23,42,0,1,0,0
JD_11370184,2021-02-28,210,0,202,5,3,0,0
JD_11370182,2021-02-28,9026,7341,3820,21,13,7,33
JD_11370181,2021-02-28,3,2,1,0,0,0,0
JD_11370180,2021-02-28,7941,5233,5771,22,13,7,16
JD_11370178,2021-02-28,0,0,0,0,0,0,0
JD_11370177,2021-02-28,5,4,3,0,0,0,0
JD_11370174,2021-02-28,1483,7,1472,9,2,3,1
JD_11370167,2021-02-28,949,379,917,6,3,0,5
JD_11370165,2021-02-28,123,0,123,0,0,0,0
JD_11370164,2021-02-28,4,1,4,0,0,0,0
JD_11370163,2021-02-28,634,225,620,1,2,1,0
JD_11370162,2021-02-28,3409,1426,3216,21,7,4,5
JD_11370155,2021-02-28,366,62,302,1,1,0,2
JD_11370149,2021-02-28,214,0,210,3,1,0,0
JD_11370148,2021-02-28,364,0,363,1,0,0,0
JD_11370145,2021-02-28,661,177,649,7,3,0,0
JD_11370137,2021-02-28,192,0,185,6,1,0,0
JD_11370135,2021-02-28,0,0,0,0,0,0,0
JD_11370134,2021-02-28,0,0,0,0,0,0,0
JD_11370123,2021-02-28,0,0,0,0,0,0,0
JD_11370122,2021-02-28,6,4,5,0,0,0,0
JD_11370121,2021-02-28,6,4,5,0,0,0,0
JD_11370120,2021-02-28,5,3,5,0,0,0,0
JD_11370119,2021-02-28,6,3,6,0,0,0,0
JD_11370116,2021-02-28,4,3,4,0,0,0,0
JD_11370114,2021-02-28,11,5,11,0,0,0,0
JD_11370111,2021-02-28,147,125,96,0,1,0,0
JD_11370110,2021-02-28,274,210,124,1,0,0,0
JD_11370108,2021-02-28,105,91,35,0,0,0,0
JD_11370107,2021-02-28,1,1,0,0,0,0,0
JD_11370095,2021-02-28,849,568,841,1,1,1,1
JD_11370086,2021-02-28,6,6,4,0,0,0,0
JD_11370081,2021-02-28,2,2,0,0,0,0,0
JD_11370077,2021-02-28,11,10,11,0,0,0,0
JD_11370076,2021-02-28,537,344,297,1,0,0,1
JD_11370072,2021-02-28,714,476,371,1,1,0,2
JD_11370070,2021-02-28,2,0,2,0,0,0,0
JD_11370068,2021-02-28,1,0,1,0,0,0,0
JD_11370067,2021-02-28,0,0,0,0,0,0,0
JD_11370065,2021-02-28,13,1,13,0,0,0,0
JD_11370064,2021-02-28,1,0,1,0,0,0,0
JD_11370063,2021-02-28,1,1,1,0,0,0,0
JD_11370061,2021-02-28,11,8,8,0,0,0,0
JD_11370060,2021-02-28,0,0,0,0,0,0,0
