JD_12432127,2021-02-28,5,5,0,0,0,0,0
JD_12432126,2021-02-28,4,3,1,0,0,0,0
JD_12432125,2021-02-28,3,3,0,0,0,0,0
JD_12432124,2021-02-28,10,7,4,0,0,0,0
JD_12432122,2021-02-28,8,7,2,0,0,0,0
JD_12432120,2021-02-28,2,2,0,0,0,0,0
JD_12432119,2021-02-28,1,1,0,0,0,0,0
JD_12432118,2021-02-28,26,17,9,0,0,0,0
JD_12432117,2021-02-28,859,718,503,1,0,4,3
JD_12432115,2021-02-28,24,17,10,0,0,0,0
JD_12432114,2021-02-28,86,74,21,1,0,0,0
JD_12432113,2021-02-28,2,1,2,0,0,0,0
JD_12432112,2021-02-28,314,246,93,0,3,1,0
JD_12432111,2021-02-28,21,20,2,0,0,0,0
JD_12432110,2021-02-28,760,620,277,1,1,0,3
JD_12432109,2021-02-28,2,2,1,0,0,0,0
JD_12432108,2021-02-28,1703,1468,1570,2,0,2,1
JD_12432107,2021-02-28,2,2,0,0,0,0,0
JD_12432106,2021-02-28,119,96,56,0,0,0,0
JD_12432105,2021-02-28,6,4,4,0,0,0,0
JD_12432104,2021-02-28,276,241,97,0,0,0,2
JD_12432102,2021-02-28,0,0,0,0,0,0,0
JD_12432101,2021-02-28,156,118,77,1,0,0,1
JD_12432100,2021-02-28,114,100,61,0,0,0,0
JD_12432099,2021-02-28,67,59,20,0,0,0,0
JD_12432098,2021-02-28,197,163,81,0,1,0,0
JD_12432097,2021-02-28,2101,1699,1079,1,1,9,3
JD_12432096,2021-02-28,35,31,12,0,0,0,0
JD_12432095,2021-02-28,18,13,13,0,0,0,0
JD_12432094,2021-02-28,21,16,9,0,0,0,0
JD_12432093,2021-02-28,42,37,31,0,0,0,0
JD_12432092,2021-02-28,2,1,1,0,0,0,1
JD_12432091,2021-02-28,0,0,0,0,0,0,0
JD_12432090,2021-02-28,0,0,0,0,0,0,0
JD_12432089,2021-02-28,0,0,0,0,0,0,0
JD_12432088,2021-02-28,2,2,2,0,0,0,0
JD_12432087,2021-02-28,3,3,1,0,0,0,0
JD_12432086,2021-02-28,35,30,8,0,0,0,0
JD_12432085,2021-02-28,0,0,0,0,0,0,0
JD_12432084,2021-02-28,5,4,2,0,0,0,0
JD_12432083,2021-02-28,5,4,3,0,0,0,0
JD_12432082,2021-02-28,128,99,59,0,0,0,0
JD_12432080,2021-02-28,3,2,1,0,0,0,0
JD_12432079,2021-02-28,7,6,1,0,0,0,0
JD_12432078,2021-02-28,136,115,45,0,1,0,0
JD_12432077,2021-02-28,21,20,6,0,0,0,0
JD_12432076,2021-02-28,11,8,3,0,0,0,0
JD_12432075,2021-02-28,24,20,7,0,0,0,0
JD_12432074,2021-02-28,136,108,85,1,2,2,0
JD_12432073,2021-02-28,941,776,368,2,1,0,1
JD_12432072,2021-02-28,148,130,36,0,0,0,0
JD_12432071,2021-02-28,17,13,10,0,0,0,0
JD_12432070,2021-02-28,5,3,5,0,0,0,0
JD_12432069,2021-02-28,23,21,17,0,0,0,0
JD_12432068,2021-02-28,1,1,0,0,0,0,0
JD_12432067,2021-02-28,0,0,0,0,0,0,0
JD_12432066,2021-02-28,10,10,2,0,0,0,0
JD_12432065,2021-02-28,0,0,0,0,0,0,0
JD_12432064,2021-02-28,13,13,3,0,0,0,0
JD_12432063,2021-02-28,0,0,0,0,0,0,0
JD_12432062,2021-02-28,524,423,149,0,0,0,0
JD_12432060,2021-02-28,24,19,12,0,0,0,0
JD_12432059,2021-02-28,113,92,40,0,0,0,0
JD_12432058,2021-02-28,83,75,17,0,0,0,0
JD_12432057,2021-02-28,2192,1843,607,3,3,2,1
JD_12432056,2021-02-28,10,9,2,0,0,0,0
JD_12432055,2021-02-28,2140,1847,703,1,2,1,9
JD_12431828,2021-02-28,213,164,206,0,0,0,0
JD_12431827,2021-02-28,934,656,535,0,1,0,1
JD_12431826,2021-02-28,55,50,13,0,0,0,0
