JD_12256005,2021-02-28,30,26,12,0,0,0,0
JD_12256004,2021-02-28,36,30,23,0,0,0,0
JD_12255918,2021-02-28,41,35,19,0,0,0,0
JD_12255917,2021-02-28,55,50,26,0,0,0,1
JD_12255916,2021-02-28,54,46,23,0,0,0,0
JD_12255914,2021-02-28,31,26,16,0,0,0,0
JD_12255912,2021-02-28,0,0,0,0,0,0,0
JD_12255911,2021-02-28,0,0,0,0,0,0,0
JD_12255910,2021-02-28,27,23,21,0,0,0,0
JD_12255908,2021-02-28,2,2,1,0,0,0,0
JD_12255906,2021-02-28,49,44,43,0,0,0,0
JD_12255904,2021-02-28,3,3,0,0,0,0,0
JD_12255903,2021-02-28,7,5,3,0,0,0,0
JD_12255902,2021-02-28,29,24,23,0,1,0,0
JD_12255901,2021-02-28,0,0,0,0,0,0,0
JD_12255900,2021-02-28,40,29,39,0,0,0,0
JD_12255899,2021-02-28,224,196,159,0,0,0,0
JD_12255898,2021-02-28,95,83,38,0,0,0,0
JD_12255897,2021-02-28,2,0,2,0,0,0,0
JD_12255896,2021-02-28,124,102,62,1,0,1,0
JD_12255894,2021-02-28,13,13,7,0,0,0,0
JD_12255893,2021-02-28,20,16,10,1,0,0,0
JD_12255892,2021-02-28,0,0,0,0,0,0,0
JD_12255891,2021-02-28,0,0,0,0,0,0,0
JD_12255890,2021-02-28,6,6,3,0,0,0,0
JD_12255889,2021-02-28,0,0,0,0,0,0,0
JD_12255888,2021-02-28,0,0,0,0,0,0,0
JD_12255887,2021-02-28,0,0,0,0,0,0,0
JD_12255886,2021-02-28,20,16,9,0,0,0,0
JD_12255885,2021-02-28,0,0,0,0,0,0,0
JD_12255884,2021-02-28,64,47,46,0,0,0,0
JD_12255883,2021-02-28,0,0,0,0,0,0,0
JD_12255882,2021-02-28,1,1,1,0,0,0,0
JD_12255881,2021-02-28,0,0,0,0,0,0,0
JD_12255880,2021-02-28,0,0,0,0,0,0,0
JD_12255878,2021-02-28,6,5,2,0,0,0,0
JD_12255877,2021-02-28,35,27,23,0,0,0,2
JD_12255876,2021-02-28,18,15,7,0,0,0,0
JD_12255875,2021-02-28,277,223,180,0,0,0,1
JD_12255874,2021-02-28,1,0,1,0,0,0,0
JD_12255873,2021-02-28,40,35,18,0,0,0,0
JD_12255872,2021-02-28,14,12,13,0,0,0,0
JD_12255871,2021-02-28,14,13,9,0,0,0,0
JD_12255870,2021-02-28,5,4,4,0,1,0,0
JD_12255869,2021-02-28,123,99,65,0,0,0,0
JD_12255868,2021-02-28,2,2,2,0,0,0,0
JD_12255867,2021-02-28,0,0,0,0,0,0,0
JD_12255866,2021-02-28,37,31,17,0,0,0,0
JD_12255865,2021-02-28,0,0,0,0,0,0,0
JD_12255864,2021-02-28,3,3,2,0,0,0,0
JD_12255863,2021-02-28,98,77,98,0,0,0,1
JD_12255862,2021-02-28,8,8,5,0,0,0,0
JD_12255861,2021-02-28,374,298,360,1,0,0,0
JD_12255860,2021-02-28,16,12,9,0,0,0,0
JD_12255859,2021-02-28,0,0,0,0,0,0,0
JD_12255858,2021-02-28,5,5,3,0,0,0,0
JD_12255857,2021-02-28,0,0,0,0,0,0,0
JD_12255856,2021-02-28,2,2,2,0,0,0,0
JD_12255855,2021-02-28,2,2,2,0,0,0,0
JD_12255854,2021-02-28,41,27,33,0,0,0,0
JD_12255853,2021-02-28,0,0,0,0,0,0,0
JD_12255852,2021-02-28,35,26,28,0,0,0,0
JD_12255851,2021-02-28,101,82,101,0,0,0,1
JD_12255850,2021-02-28,683,556,660,1,0,0,1
JD_12255849,2021-02-28,639,500,613,1,1,0,1
JD_12255848,2021-02-28,136,112,131,0,0,0,0
JD_12255847,2021-02-28,381,304,359,1,1,0,1
JD_12255846,2021-02-28,143,119,142,0,1,0,0
JD_12255845,2021-02-28,524,432,493,2,0,0,0
JD_12255844,2021-02-28,658,547,111,0,0,0,2
