JD_12466263,2021-02-28,2,2,0,0,0,0,0
JD_12466262,2021-02-28,2,1,1,0,0,0,0
JD_12466260,2021-02-28,3,2,1,0,0,0,0
JD_12466259,2021-02-28,1,1,1,0,0,0,0
JD_12466258,2021-02-28,24,14,10,0,0,0,0
JD_12466257,2021-02-28,87,72,18,0,0,0,0
JD_12466256,2021-02-28,1807,1580,231,0,0,2,2
JD_12466255,2021-02-28,16,14,7,0,0,0,0
JD_12466254,2021-02-28,8,7,6,0,0,0,0
JD_12466253,2021-02-28,13,12,2,0,0,0,0
JD_12466252,2021-02-28,128,106,25,0,0,0,0
JD_12466251,2021-02-28,3,3,0,0,0,0,0
JD_12466250,2021-02-28,93,83,15,0,0,0,0
JD_12466248,2021-02-28,34,30,4,0,0,0,0
JD_12466247,2021-02-28,0,0,0,0,0,0,0
JD_12466246,2021-02-28,42,35,7,0,0,0,0
JD_12466245,2021-02-28,756,612,191,0,0,0,1
JD_12466244,2021-02-28,11,11,9,0,0,0,0
JD_12466243,2021-02-28,158,140,58,0,0,0,0
JD_12466242,2021-02-28,9,7,2,0,0,0,1
JD_12466241,2021-02-28,79,69,30,0,0,0,0
JD_12466240,2021-02-28,92,82,15,0,0,0,0
JD_12466239,2021-02-28,2,1,1,0,0,0,0
JD_12466238,2021-02-28,27,21,6,0,0,0,0
JD_12466236,2021-02-28,3,3,1,0,0,0,0
JD_12466235,2021-02-28,146,129,46,0,0,0,0
JD_12466234,2021-02-28,35,29,6,0,0,0,0
JD_12466233,2021-02-28,6,4,2,0,0,0,0
JD_12466232,2021-02-28,51,43,11,0,0,0,0
JD_12466231,2021-02-28,10,8,4,0,0,0,0
JD_12466230,2021-02-28,4,2,2,0,0,0,0
JD_12466229,2021-02-28,6,5,2,0,0,0,0
JD_12466228,2021-02-28,22,16,11,0,0,0,0
JD_12466227,2021-02-28,8,7,5,0,0,0,0
JD_12466226,2021-02-28,18,16,2,0,0,0,0
JD_12466225,2021-02-28,348,303,92,0,0,1,0
JD_12466224,2021-02-28,5,4,1,0,0,0,0
JD_12466223,2021-02-28,2403,1959,704,0,0,7,1
JD_12466222,2021-02-28,243,191,53,0,0,1,0
JD_12466221,2021-02-28,154,137,21,0,0,0,0
JD_12466220,2021-02-28,0,0,0,0,0,0,0
JD_12466219,2021-02-28,51,47,6,0,0,0,0
JD_12466218,2021-02-28,36,28,27,0,0,0,0
JD_12466217,2021-02-28,55,47,11,0,0,0,0
JD_12466216,2021-02-28,0,0,0,0,0,0,0
JD_12466215,2021-02-28,14,13,2,0,0,0,0
JD_12466214,2021-02-28,3,3,0,0,0,0,0
JD_12466213,2021-02-28,13360,11851,1619,4,5,10,19
JD_12466212,2021-02-28,3,3,0,0,0,0,0
JD_12466211,2021-02-28,19,17,4,0,0,0,0
JD_12466210,2021-02-28,127,105,31,0,0,0,0
JD_12466209,2021-02-28,4,2,2,0,0,0,0
JD_12466208,2021-02-28,2,2,1,0,0,0,0
JD_12466207,2021-02-28,0,0,0,0,0,0,0
JD_12466206,2021-02-28,0,0,0,0,0,0,0
JD_12466205,2021-02-28,16,13,3,0,0,0,0
JD_12466204,2021-02-28,2,2,0,0,0,0,0
JD_12466203,2021-02-28,0,0,0,0,0,0,0
JD_12466202,2021-02-28,0,0,0,0,0,0,0
JD_12466201,2021-02-28,1,1,0,0,0,0,0
JD_12466200,2021-02-28,1,1,0,0,0,0,0
JD_12466199,2021-02-28,1218,1088,142,1,0,1,1
JD_12466198,2021-02-28,4433,3916,581,1,0,8,4
JD_12466197,2021-02-28,9,7,3,0,0,0,0
JD_12466196,2021-02-28,3,2,1,0,0,0,0
JD_12466195,2021-02-28,5,5,0,0,0,0,0
JD_12466194,2021-02-28,1,0,1,0,0,0,0
JD_12466193,2021-02-28,225,180,118,0,0,1,0
JD_12466192,2021-02-28,0,0,0,0,0,0,0
JD_12466191,2021-02-28,602,461,147,0,0,3,2
