JD_11366250,2021-02-28,139,97,57,2,0,0,1
JD_11366249,2021-02-28,31,24,15,0,0,0,0
JD_11366248,2021-02-28,23,7,18,0,0,0,0
JD_11366246,2021-02-28,2996,2149,2695,14,10,4,3
JD_11366245,2021-02-28,2708,2083,2429,2,5,4,3
JD_11366244,2021-02-28,83,58,31,1,0,1,0
JD_11366243,2021-02-28,1,1,1,0,0,0,0
JD_11366242,2021-02-28,119,26,117,1,0,0,0
JD_11366241,2021-02-28,153,95,66,1,0,0,0
JD_11366240,2021-02-28,663,387,392,0,1,0,2
JD_11366239,2021-02-28,2498,1715,1435,7,1,2,2
JD_11366238,2021-02-28,1946,1114,1337,10,4,1,1
JD_11366237,2021-02-28,3427,2456,2992,8,3,6,3
JD_11366236,2021-02-28,39,22,34,1,1,0,0
JD_11366235,2021-02-28,16,1,14,0,1,0,0
JD_11366234,2021-02-28,4264,3181,2964,9,2,8,3
JD_11366233,2021-02-28,1498,465,1046,19,7,1,6
JD_11366232,2021-02-28,37,5,36,0,0,0,0
JD_11366231,2021-02-28,25,1,24,0,1,0,0
JD_11366230,2021-02-28,443,26,428,9,4,0,0
JD_11366227,2021-02-28,12,4,12,0,0,0,0
JD_11366226,2021-02-28,71,10,70,0,0,0,0
JD_11366223,2021-02-28,261,84,207,6,1,0,0
JD_11366222,2021-02-28,0,0,0,0,0,0,0
JD_11366219,2021-02-28,0,0,0,0,0,0,0
JD_11366217,2021-02-28,0,0,0,0,0,0,0
JD_11366213,2021-02-28,0,0,0,0,0,0,0
JD_11366212,2021-02-28,0,0,0,0,0,0,0
JD_11366208,2021-02-28,0,0,0,0,0,0,0
JD_11366196,2021-02-28,0,0,0,0,0,0,0
JD_11366182,2021-02-28,1299,624,945,27,8,2,2
JD_11366181,2021-02-28,7,3,7,0,0,0,0
JD_11366180,2021-02-28,4,0,3,1,0,0,0
JD_11366179,2021-02-28,238,92,220,1,2,0,0
JD_11366178,2021-02-28,169,60,166,2,0,0,0
JD_11366177,2021-02-28,5,4,4,0,0,0,0
JD_11366176,2021-02-28,152,0,144,7,1,0,0
JD_11366175,2021-02-28,72,0,67,4,1,0,0
JD_11366173,2021-02-28,3,0,3,0,0,0,0
JD_11366172,2021-02-28,282,63,269,6,1,1,0
JD_11366171,2021-02-28,2,2,0,0,0,0,0
JD_11366167,2021-02-28,192,0,189,2,1,0,0
JD_11366165,2021-02-28,0,0,0,0,0,0,0
JD_11366157,2021-02-28,310,149,294,6,3,0,0
JD_11366155,2021-02-28,94,35,74,5,2,0,1
JD_11366154,2021-02-28,131,0,128,1,2,0,0
JD_11366153,2021-02-28,1158,679,765,4,3,4,4
JD_11366152,2021-02-28,52,10,50,2,0,0,0
JD_11366151,2021-02-28,39,0,35,3,1,0,0
JD_11366150,2021-02-28,9,7,5,0,0,0,0
JD_11366149,2021-02-28,3,1,3,0,0,0,0
JD_11366148,2021-02-28,3,2,3,0,0,0,0
JD_11366147,2021-02-28,741,255,720,10,1,0,1
JD_11366146,2021-02-28,46,24,33,1,0,0,0
JD_11366145,2021-02-28,689,500,355,5,2,0,1
JD_11366144,2021-02-28,70,47,45,0,0,0,0
JD_11366143,2021-02-28,213,161,126,1,0,0,1
JD_11366142,2021-02-28,0,0,0,0,0,0,0
JD_11366140,2021-02-28,268,96,197,1,0,0,0
JD_11366139,2021-02-28,212,31,186,5,0,0,0
JD_11366138,2021-02-28,149,4,144,5,0,0,0
JD_11366137,2021-02-28,335,42,314,10,1,0,0
JD_11366135,2021-02-28,169,14,168,1,0,0,1
JD_11366134,2021-02-28,34,4,34,0,0,0,0
JD_11366133,2021-02-28,53,29,51,1,1,0,0
JD_11366132,2021-02-28,0,0,0,0,0,0,0
JD_11366131,2021-02-28,447,0,432,11,4,0,0
JD_11366130,2021-02-28,361,181,355,2,1,0,3
JD_11366120,2021-02-28,0,0,0,0,0,0,0
JD_11366118,2021-02-28,0,0,0,0,0,0,0
