JD_11395858,2021-02-28,205,164,102,0,0,0,0
JD_11395857,2021-02-28,235,188,119,2,0,0,1
JD_11395856,2021-02-28,143,118,55,2,0,0,0
JD_11395855,2021-02-28,102,77,55,1,0,0,0
JD_11395852,2021-02-28,165,134,92,0,0,0,0
JD_11395851,2021-02-28,196,152,129,0,0,0,0
JD_11395850,2021-02-28,228,184,139,2,0,0,0
JD_11395849,2021-02-28,179,134,115,0,0,0,0
JD_11395848,2021-02-28,169,131,100,2,0,0,0
JD_11395847,2021-02-28,120,88,72,1,1,0,0
JD_11395846,2021-02-28,4,2,2,0,0,0,0
JD_11395845,2021-02-28,4,1,3,0,0,0,0
JD_11395844,2021-02-28,5,2,4,0,0,0,0
JD_11395843,2021-02-28,0,0,0,0,0,0,0
JD_11395842,2021-02-28,2,1,1,0,0,0,0
JD_11395841,2021-02-28,7,1,7,0,0,0,0
JD_11395840,2021-02-28,1,0,1,0,0,0,0
JD_11395839,2021-02-28,36,26,24,0,0,0,0
JD_11395838,2021-02-28,18,16,15,1,0,0,0
JD_11395837,2021-02-28,9,8,3,0,0,0,0
JD_11395836,2021-02-28,33,16,24,0,0,0,0
JD_11395835,2021-02-28,139,2,127,6,6,0,0
JD_11395834,2021-02-28,32,20,14,0,0,0,0
JD_11395833,2021-02-28,9,8,4,0,0,0,0
JD_11395832,2021-02-28,21,12,13,0,1,0,0
JD_11395831,2021-02-28,1,1,0,0,0,0,0
JD_11395830,2021-02-28,15,9,9,0,0,0,1
JD_11395829,2021-02-28,7,4,3,0,0,0,0
JD_11395828,2021-02-28,11,6,8,0,0,0,0
JD_11395827,2021-02-28,9,4,6,0,0,0,0
JD_11395826,2021-02-28,8,4,5,0,0,0,0
JD_11395825,2021-02-28,10,5,6,0,0,0,0
JD_11395824,2021-02-28,9,4,6,0,0,0,0
JD_11395823,2021-02-28,11,7,5,0,0,0,0
JD_11395822,2021-02-28,9,6,5,0,0,0,0
JD_11395821,2021-02-28,104,65,78,0,0,0,1
JD_11395820,2021-02-28,9,0,9,0,0,0,0
JD_11395819,2021-02-28,10,6,7,0,0,0,0
JD_11395818,2021-02-28,2,0,2,0,0,0,0
JD_11395817,2021-02-28,3,1,2,0,0,0,0
JD_11395815,2021-02-28,10,3,9,0,0,0,0
JD_11395812,2021-02-28,4,4,1,0,0,0,0
JD_11395811,2021-02-28,16,13,14,0,0,0,0
JD_11395810,2021-02-28,15,7,13,0,0,0,0
JD_11395809,2021-02-28,6,5,4,0,0,0,0
JD_11395808,2021-02-28,4,2,3,0,0,0,0
JD_11395807,2021-02-28,80,61,45,0,0,0,1
JD_11395806,2021-02-28,12,7,11,0,0,0,0
JD_11395805,2021-02-28,14,4,12,0,2,0,0
JD_11395804,2021-02-28,9,4,6,1,0,0,0
JD_11395803,2021-02-28,10,3,9,0,0,0,0
JD_11395802,2021-02-28,202,8,190,7,4,0,0
JD_11395801,2021-02-28,87,64,84,1,0,0,0
JD_11395800,2021-02-28,4,3,2,0,0,0,0
JD_11395799,2021-02-28,2,0,2,0,0,0,0
JD_11395798,2021-02-28,2,1,2,0,0,0,0
JD_11395797,2021-02-28,13,9,9,0,0,0,0
JD_11395796,2021-02-28,25,13,15,2,0,0,0
JD_11395795,2021-02-28,6,2,5,0,0,0,0
JD_11395794,2021-02-28,41,23,28,0,0,0,0
JD_11395793,2021-02-28,3,0,3,0,0,0,0
JD_11395792,2021-02-28,0,0,0,0,0,0,0
JD_11395791,2021-02-28,0,0,0,0,0,0,0
JD_11395790,2021-02-28,3,2,2,0,0,0,0
JD_11395789,2021-02-28,3,0,3,0,0,0,0
JD_11395788,2021-02-28,4,2,4,0,0,0,0
JD_11395787,2021-02-28,1,1,0,0,0,0,0
JD_11395786,2021-02-28,19,14,10,0,0,0,0
JD_11395785,2021-02-28,2,2,0,0,0,0,0
JD_11395784,2021-02-28,5,2,3,0,0,0,0
