JD_12378727,2021-02-28,0,0,0,0,0,0,0
JD_12378726,2021-02-28,11,8,11,0,0,0,1
JD_12378725,2021-02-28,36,29,7,0,0,0,0
JD_12378724,2021-02-28,0,0,0,0,0,0,0
JD_12378723,2021-02-28,261,191,124,1,0,0,2
JD_12378722,2021-02-28,0,0,0,0,0,0,0
JD_12378721,2021-02-28,9,8,4,0,0,0,0
JD_12378719,2021-02-28,8,6,4,0,0,0,0
JD_12378718,2021-02-28,0,0,0,0,0,0,0
JD_12378717,2021-02-28,9,7,7,0,0,0,0
JD_12378715,2021-02-28,5,3,3,0,0,0,0
JD_12378714,2021-02-28,4,4,2,0,0,0,0
JD_12378713,2021-02-28,0,0,0,0,0,0,0
JD_12378712,2021-02-28,0,0,0,0,0,0,0
JD_12378711,2021-02-28,2,1,2,0,0,0,0
JD_12378710,2021-02-28,0,0,0,0,0,0,0
JD_12378709,2021-02-28,4,4,2,0,0,0,0
JD_12378708,2021-02-28,110,97,22,0,0,0,0
JD_12378707,2021-02-28,4,4,0,0,0,0,0
JD_12378706,2021-02-28,0,0,0,0,0,0,0
JD_12378705,2021-02-28,2,1,1,0,0,0,0
JD_12378704,2021-02-28,9,9,5,0,0,0,0
JD_12378703,2021-02-28,1,1,0,0,0,0,0
JD_12378702,2021-02-28,4,3,3,1,0,0,0
JD_12378701,2021-02-28,13,12,7,0,0,0,0
JD_12378700,2021-02-28,0,0,0,0,0,0,0
JD_12378699,2021-02-28,0,0,0,0,0,0,0
JD_12378698,2021-02-28,0,0,0,0,0,0,0
JD_12378697,2021-02-28,39,36,18,0,0,0,0
JD_12378696,2021-02-28,0,0,0,0,0,0,0
JD_12378695,2021-02-28,5,3,3,0,0,0,0
JD_12378694,2021-02-28,0,0,0,0,0,0,0
JD_12378693,2021-02-28,6,4,5,0,0,0,0
JD_12378692,2021-02-28,7,7,2,0,0,0,0
JD_12378691,2021-02-28,1,1,1,0,0,0,0
JD_12378690,2021-02-28,294,231,234,0,2,0,0
JD_12378689,2021-02-28,4,4,0,0,0,0,0
JD_12378688,2021-02-28,20,19,8,0,0,0,0
JD_12378687,2021-02-28,2,2,1,0,0,0,0
JD_12378686,2021-02-28,5,4,2,0,0,0,0
JD_12378685,2021-02-28,6,3,5,0,0,0,0
JD_12378684,2021-02-28,56,43,23,0,0,0,0
JD_12378683,2021-02-28,7,5,4,0,0,0,0
JD_12378680,2021-02-28,37,29,19,0,1,0,1
JD_12378678,2021-02-28,33,23,18,0,0,0,0
JD_12378677,2021-02-28,7,6,3,0,0,0,0
JD_12378676,2021-02-28,807,695,123,0,0,0,0
JD_12378674,2021-02-28,588,500,122,1,0,0,1
JD_12378672,2021-02-28,0,0,0,0,0,0,0
JD_12378670,2021-02-28,0,0,0,0,0,0,0
JD_12378668,2021-02-28,0,0,0,0,0,0,0
JD_12378667,2021-02-28,6,6,1,0,0,0,0
JD_12378666,2021-02-28,0,0,0,0,0,0,0
JD_12378665,2021-02-28,9,9,0,0,0,0,0
JD_12378664,2021-02-28,0,0,0,0,0,0,0
JD_12378663,2021-02-28,3,3,1,0,0,0,0
JD_12378662,2021-02-28,74,64,21,0,0,0,0
JD_12378661,2021-02-28,11,8,6,0,0,0,0
JD_12378660,2021-02-28,444,392,139,3,0,0,0
JD_12378659,2021-02-28,9,9,0,0,0,0,0
JD_12378657,2021-02-28,2,2,0,0,0,0,0
JD_12378656,2021-02-28,94,79,26,0,0,0,0
JD_12378655,2021-02-28,2,2,0,0,0,0,0
JD_12378654,2021-02-28,61,50,28,0,0,0,0
JD_12378652,2021-02-28,0,0,0,0,0,0,0
JD_12378651,2021-02-28,5,5,3,0,0,0,0
JD_12378650,2021-02-28,0,0,0,0,0,0,0
JD_12378648,2021-02-28,0,0,0,0,0,0,0
JD_12378646,2021-02-28,0,0,0,0,0,0,0
JD_12378645,2021-02-28,6,6,1,0,0,0,0
