JD_11654272,2021-02-28,56,1,56,0,0,0,0
JD_11654271,2021-02-28,79,9,76,2,1,0,0
JD_11654270,2021-02-28,36,7,35,0,0,0,0
JD_11654266,2021-02-28,30,1,30,0,0,0,0
JD_11654264,2021-02-28,14,9,7,0,0,0,0
JD_11654263,2021-02-28,174,2,172,1,1,0,0
JD_11654260,2021-02-28,21,0,21,0,0,0,0
JD_11654256,2021-02-28,24,15,20,1,0,0,0
JD_11654252,2021-02-28,7,0,7,0,0,0,0
JD_11654251,2021-02-28,0,0,0,0,0,0,0
JD_11654250,2021-02-28,165,141,41,1,1,0,1
JD_11654249,2021-02-28,37,8,31,0,0,0,0
JD_11654248,2021-02-28,46,7,44,2,0,0,0
JD_11654247,2021-02-28,64,22,55,0,1,0,0
JD_11654245,2021-02-28,647,461,366,2,1,1,0
JD_11654244,2021-02-28,101,72,46,1,0,1,0
JD_11654243,2021-02-28,449,341,235,2,2,0,1
JD_11654242,2021-02-28,645,377,401,0,1,1,0
JD_11654241,2021-02-28,177,120,110,0,0,1,0
JD_11654237,2021-02-28,504,373,354,4,1,0,1
JD_11654236,2021-02-28,58,40,38,0,0,0,0
JD_11654235,2021-02-28,0,0,0,0,0,0,0
JD_11654233,2021-02-28,54,37,34,0,0,0,0
JD_11654231,2021-02-28,1602,997,1170,5,1,1,4
JD_11654230,2021-02-28,2,2,0,0,0,0,0
JD_11654228,2021-02-28,166,144,71,0,0,0,0
JD_11654225,2021-02-28,62,46,35,0,1,0,0
JD_11654223,2021-02-28,168,124,68,0,0,0,0
JD_11654222,2021-02-28,128,106,42,0,0,0,0
JD_11654221,2021-02-28,57,45,20,0,1,0,1
JD_11654220,2021-02-28,5,3,2,0,0,0,0
JD_11654218,2021-02-28,2899,1316,2882,9,4,0,7
JD_11654217,2021-02-28,9,4,5,0,0,0,0
JD_11654216,2021-02-28,3,0,3,0,0,0,0
JD_11654215,2021-02-28,422,240,248,2,1,1,4
JD_11654214,2021-02-28,29,17,20,0,0,0,0
JD_11654213,2021-02-28,25,10,21,0,0,0,0
JD_11654212,2021-02-28,2,2,0,0,0,0,0
JD_11654211,2021-02-28,15,11,9,0,0,0,0
JD_11654210,2021-02-28,104,68,59,0,0,0,0
JD_11654208,2021-02-28,20,4,17,0,1,0,0
JD_11654207,2021-02-28,5,0,5,0,0,0,0
JD_11654206,2021-02-28,24,11,21,1,0,0,0
JD_11654205,2021-02-28,313,186,213,0,0,0,1
JD_11654204,2021-02-28,32,26,24,0,0,0,0
JD_11654203,2021-02-28,76,35,56,0,0,0,3
JD_11654200,2021-02-28,81,17,66,2,3,0,0
JD_11654199,2021-02-28,27,15,18,1,0,0,0
JD_11654195,2021-02-28,82,47,77,1,0,0,0
JD_11654194,2021-02-28,0,0,0,0,0,0,0
JD_11654193,2021-02-28,53,0,48,4,1,0,0
JD_11654192,2021-02-28,1,0,1,0,0,0,0
JD_11654191,2021-02-28,327,218,191,2,0,0,0
JD_11654190,2021-02-28,4,0,3,0,1,0,0
JD_11654189,2021-02-28,153,89,137,1,0,0,0
JD_11654188,2021-02-28,1,0,1,0,0,0,0
JD_11654187,2021-02-28,3,0,2,1,0,0,0
JD_11654186,2021-02-28,1,0,1,0,0,0,0
JD_11654185,2021-02-28,2,0,2,0,0,0,0
JD_11654184,2021-02-28,2,1,1,0,0,0,0
JD_11654183,2021-02-28,293,72,283,6,3,0,0
JD_11654182,2021-02-28,0,0,0,0,0,0,0
JD_11654181,2021-02-28,8,4,8,0,0,0,0
JD_11654180,2021-02-28,83,21,70,0,0,0,0
JD_11654179,2021-02-28,117,14,115,2,0,0,0
JD_11654178,2021-02-28,166,51,128,2,0,0,1
JD_11654177,2021-02-28,94,27,79,1,0,0,0
JD_11654176,2021-02-28,104,18,103,1,0,0,0
JD_11654175,2021-02-28,177,17,172,4,1,0,0
JD_11654174,2021-02-28,487,49,475,7,5,0,2
