JD_12722666,2021-02-28,57,52,5,0,0,0,0
JD_12721409,2021-02-28,0,0,0,0,0,0,0
JD_12721408,2021-02-28,402,353,49,0,0,0,0
JD_12721407,2021-02-28,1,0,1,0,0,0,0
JD_12721406,2021-02-28,297,254,41,2,0,0,0
JD_12721405,2021-02-28,0,0,0,0,0,0,0
JD_12721404,2021-02-28,85,70,15,0,0,0,0
JD_12721403,2021-02-28,5,5,0,0,0,0,0
JD_12721402,2021-02-28,97,84,13,0,0,0,0
JD_12721401,2021-02-28,4,3,1,0,0,0,0
JD_12721400,2021-02-28,0,0,0,0,0,0,0
JD_12721398,2021-02-28,9,7,2,0,0,0,0
JD_12721397,2021-02-28,2,1,1,0,0,0,0
JD_12721396,2021-02-28,21,16,5,0,0,0,0
JD_12721395,2021-02-28,9,7,2,0,0,0,0
JD_12721394,2021-02-28,268,228,36,2,2,0,0
JD_12721390,2021-02-28,19,16,3,0,0,0,0
JD_12721389,2021-02-28,2,1,1,0,0,0,0
JD_12721388,2021-02-28,5,4,1,0,0,0,0
JD_12721387,2021-02-28,14,12,2,0,0,0,0
JD_12721385,2021-02-28,8,8,0,0,0,0,0
JD_12721380,2021-02-28,1461,1330,128,0,3,0,2
JD_12721378,2021-02-28,1,1,0,0,0,0,0
JD_12721377,2021-02-28,0,0,0,0,0,0,0
JD_12721376,2021-02-28,3,2,1,0,0,0,0
JD_12721375,2021-02-28,528,453,75,0,0,0,0
JD_12721374,2021-02-28,11,10,1,0,0,0,0
JD_12721373,2021-02-28,1,1,0,0,0,0,0
JD_12721372,2021-02-28,51,45,6,0,0,0,0
JD_12721371,2021-02-28,1,1,0,0,0,0,0
JD_12721370,2021-02-28,17,13,4,0,0,0,0
JD_12721369,2021-02-28,139,116,23,0,0,0,0
JD_12721368,2021-02-28,64,53,11,0,0,0,1
JD_12721367,2021-02-28,0,0,0,0,0,0,0
JD_12721366,2021-02-28,23,22,1,0,0,0,0
JD_12721365,2021-02-28,11,9,2,0,0,0,0
JD_12721364,2021-02-28,10,9,1,0,0,0,0
JD_12721363,2021-02-28,11,10,1,0,0,0,0
JD_12721362,2021-02-28,194,165,29,0,0,0,0
JD_12721361,2021-02-28,6,3,3,0,0,0,0
JD_12721212,2021-02-28,0,0,0,0,0,0,0
JD_12721210,2021-02-28,370,309,61,0,0,0,0
JD_12721207,2021-02-28,3455,3161,292,2,0,2,1
JD_12721206,2021-02-28,39,27,12,0,0,0,0
JD_12721205,2021-02-28,4201,3773,423,4,1,2,1
JD_12721204,2021-02-28,0,0,0,0,0,0,0
JD_12721203,2021-02-28,89,75,14,0,0,0,0
JD_12721202,2021-02-28,15,14,1,0,0,0,0
JD_12721200,2021-02-28,0,0,0,0,0,0,0
JD_12721199,2021-02-28,1,1,0,0,0,0,0
JD_12721198,2021-02-28,1,1,0,0,0,0,0
JD_12721197,2021-02-28,4,3,1,0,0,0,0
JD_12721196,2021-02-28,1,1,0,0,0,0,0
JD_12721195,2021-02-28,6,6,0,0,0,0,0
JD_12721194,2021-02-28,0,0,0,0,0,0,0
JD_12721193,2021-02-28,5,4,1,0,0,0,0
JD_12721192,2021-02-28,2,2,0,0,0,0,0
JD_12721191,2021-02-28,0,0,0,0,0,0,0
JD_12721190,2021-02-28,0,0,0,0,0,0,0
JD_12721189,2021-02-28,0,0,0,0,0,0,0
JD_12721185,2021-02-28,1,1,0,0,0,0,0
JD_12721184,2021-02-28,0,0,0,0,0,0,0
JD_12721183,2021-02-28,5,4,1,0,0,0,0
JD_12721179,2021-02-28,25,24,1,0,0,0,0
JD_12721178,2021-02-28,6,5,1,0,0,0,0
JD_12721175,2021-02-28,33,29,4,0,0,0,0
JD_12721173,2021-02-28,8,8,0,0,0,0,0
JD_12721172,2021-02-28,2,1,1,0,0,0,0
JD_12721171,2021-02-28,28,23,5,0,0,0,0
JD_12721170,2021-02-28,3,2,1,0,0,0,0
