JD_12202711,2021-02-28,779,664,354,0,2,0,1
JD_12202709,2021-02-28,1466,1234,792,2,5,1,2
JD_12202708,2021-02-28,28,24,19,0,0,0,0
JD_12202707,2021-02-28,8,7,8,0,0,0,0
JD_12202706,2021-02-28,26,17,23,0,0,0,0
JD_12202705,2021-02-28,492,402,342,1,2,0,1
JD_12202704,2021-02-28,687,528,685,1,1,1,1
JD_12202703,2021-02-28,1974,1632,883,3,0,3,6
JD_12202702,2021-02-28,625,510,306,2,0,1,1
JD_12202701,2021-02-28,433,351,268,1,3,0,0
JD_12202700,2021-02-28,535,422,532,2,1,1,0
JD_12202699,2021-02-28,1,1,1,0,0,0,0
JD_12202698,2021-02-28,510,384,506,1,2,1,2
JD_12202697,2021-02-28,62892,50510,29487,44,29,55,132
JD_12202696,2021-02-28,537,316,527,3,0,0,3
JD_12202695,2021-02-28,23,21,13,0,0,1,0
JD_12202694,2021-02-28,8,6,4,0,0,0,0
JD_12202693,2021-02-28,83,62,65,0,2,0,0
JD_12202692,2021-02-28,16,13,9,0,0,0,0
JD_12202691,2021-02-28,847,750,557,0,0,0,0
JD_12202690,2021-02-28,12,9,5,1,0,0,0
JD_12202689,2021-02-28,1189,956,788,1,5,0,4
JD_12202688,2021-02-28,8,7,2,0,0,0,0
JD_12202687,2021-02-28,442,371,115,0,0,0,1
JD_12202686,2021-02-28,19,13,15,0,0,0,0
JD_12202685,2021-02-28,279,217,106,0,0,0,1
JD_12202684,2021-02-28,1831,1358,1820,4,5,5,3
JD_12202683,2021-02-28,6,3,3,0,0,0,0
JD_12202682,2021-02-28,179,149,178,1,0,0,0
JD_12195785,2021-02-28,28,22,12,1,0,0,0
JD_12195784,2021-02-28,20,14,12,0,0,0,0
JD_12195783,2021-02-28,50,42,41,0,0,0,0
JD_12195782,2021-02-28,32183,27674,15000,13,11,21,35
JD_12195781,2021-02-28,0,0,0,0,0,0,0
JD_12195780,2021-02-28,17,11,12,0,0,0,0
JD_12195779,2021-02-28,34536,29646,11580,20,11,31,32
JD_12195778,2021-02-28,132,106,129,0,0,0,1
JD_12195777,2021-02-28,4,3,4,0,0,0,0
JD_12195776,2021-02-28,87,56,87,0,0,0,0
JD_12195775,2021-02-28,1,0,1,0,0,0,0
JD_12195774,2021-02-28,488,389,258,0,0,0,0
JD_12195773,2021-02-28,9,5,7,0,1,0,0
JD_12195772,2021-02-28,963,798,617,1,1,1,2
JD_12195771,2021-02-28,5,5,1,0,0,0,0
JD_12195770,2021-02-28,6210,5180,3463,3,3,3,10
JD_12195768,2021-02-28,3731,3168,1825,1,2,0,0
JD_12195767,2021-02-28,3,3,3,0,0,0,0
JD_12195766,2021-02-28,94,75,37,0,0,0,0
JD_12195765,2021-02-28,0,0,0,0,0,0,0
JD_12195764,2021-02-28,5272,4374,1021,11,9,4,7
JD_12195763,2021-02-28,0,0,0,0,0,0,0
JD_12195762,2021-02-28,75,57,61,0,0,0,1
JD_12195761,2021-02-28,0,0,0,0,0,0,0
JD_12195760,2021-02-28,36069,30534,20405,12,26,26,40
JD_12195759,2021-02-28,374,311,234,0,0,2,0
JD_12195758,2021-02-28,49,34,34,0,1,0,0
JD_12195757,2021-02-28,6,6,2,0,0,0,0
JD_12195756,2021-02-28,5297,4514,897,8,5,9,5
JD_12195755,2021-02-28,17,16,11,0,0,0,0
JD_12195754,2021-02-28,3289,2795,577,2,2,2,1
JD_12195753,2021-02-28,9,6,7,0,0,0,0
JD_12195752,2021-02-28,74,48,57,0,0,0,0
JD_12195751,2021-02-28,1,1,1,0,0,0,0
JD_12195750,2021-02-28,6295,5285,3848,14,10,7,9
JD_12195749,2021-02-28,10,8,7,0,0,0,0
JD_12195748,2021-02-28,7,7,4,0,0,0,0
JD_12195747,2021-02-28,6,5,1,0,0,0,0
JD_12195746,2021-02-28,19,15,6,0,0,0,0
JD_12195745,2021-02-28,0,0,0,0,0,0,0
JD_12195744,2021-02-28,17,15,12,0,0,0,0
