JD_11960146,2021-02-28,7,7,2,0,0,0,0
JD_11960144,2021-02-28,3,0,3,0,0,0,0
JD_11960142,2021-02-28,3,2,2,0,0,0,0
JD_11960140,2021-02-28,5,3,3,1,0,0,0
JD_11956651,2021-02-28,1,1,1,0,0,0,0
JD_11956650,2021-02-28,9,0,8,1,0,0,0
JD_11956649,2021-02-28,7,4,6,0,0,0,0
JD_11956648,2021-02-28,17,6,17,0,0,0,0
JD_11956647,2021-02-28,6,3,5,0,1,0,0
JD_11956646,2021-02-28,10,8,6,0,0,0,0
JD_11956645,2021-02-28,25,21,18,0,0,0,0
JD_11956644,2021-02-28,13,7,13,0,0,0,0
JD_11956643,2021-02-28,1,1,1,0,0,0,0
JD_11956642,2021-02-28,1455,921,1014,3,1,3,4
JD_11956641,2021-02-28,2,2,1,0,0,0,0
JD_11956640,2021-02-28,14,0,14,0,0,0,0
JD_11956638,2021-02-28,103,0,102,0,1,0,0
JD_11956637,2021-02-28,3,3,0,0,0,0,0
JD_11956636,2021-02-28,10,0,9,0,1,0,0
JD_11956635,2021-02-28,0,0,0,0,0,0,0
JD_11956633,2021-02-28,0,0,0,0,0,0,0
JD_11956631,2021-02-28,9,7,5,0,0,0,0
JD_11956630,2021-02-28,0,0,0,0,0,0,0
JD_11956629,2021-02-28,104,0,101,2,1,0,1
JD_11956628,2021-02-28,4,0,4,0,0,0,0
JD_11956627,2021-02-28,16,6,16,0,0,0,0
JD_11956626,2021-02-28,7,4,4,0,1,0,0
JD_11956625,2021-02-28,62,40,62,0,0,1,0
JD_11956624,2021-02-28,1,0,1,0,0,0,0
JD_11956623,2021-02-28,51,32,49,2,0,0,1
JD_11956622,2021-02-28,42,23,39,0,0,0,0
JD_11956621,2021-02-28,3,0,3,0,0,0,0
JD_11956620,2021-02-28,2,0,2,0,0,0,0
JD_11956619,2021-02-28,6,5,3,0,0,0,0
JD_11956618,2021-02-28,122,0,121,0,1,0,1
JD_11956617,2021-02-28,7,0,7,0,0,0,0
JD_11956616,2021-02-28,51,0,51,0,0,0,0
JD_11956615,2021-02-28,25,16,17,0,0,0,0
JD_11956614,2021-02-28,159,0,154,2,3,0,0
JD_11956613,2021-02-28,0,0,0,0,0,0,0
JD_11956612,2021-02-28,3,0,3,0,0,0,0
JD_11956611,2021-02-28,0,0,0,0,0,0,0
JD_11956610,2021-02-28,21,10,17,0,0,0,0
JD_11956609,2021-02-28,8,3,8,0,0,0,1
JD_11956608,2021-02-28,3,3,2,0,0,0,0
JD_11956607,2021-02-28,65,43,58,0,0,0,0
JD_11956606,2021-02-28,60,43,29,0,1,0,0
JD_11956605,2021-02-28,457,246,450,1,0,0,1
JD_11956604,2021-02-28,7,7,3,0,0,0,0
JD_11956603,2021-02-28,2,2,1,0,0,0,0
JD_11956601,2021-02-28,6,2,6,0,0,0,0
JD_11956599,2021-02-28,15,14,3,0,0,0,0
JD_11956597,2021-02-28,4,4,2,0,0,0,0
JD_11956595,2021-02-28,3,1,3,0,0,0,0
JD_11956593,2021-02-28,15,7,14,1,0,0,0
JD_11956591,2021-02-28,40,23,39,1,0,0,0
JD_11956590,2021-02-28,1,0,1,0,0,0,0
JD_11956589,2021-02-28,199,137,107,1,1,0,3
JD_11956588,2021-02-28,5,0,5,0,0,0,0
JD_11956587,2021-02-28,5,3,2,0,0,0,0
JD_11956585,2021-02-28,27,21,19,0,0,0,0
JD_11956584,2021-02-28,8,0,8,0,0,0,0
JD_11956583,2021-02-28,18,11,17,0,0,0,0
JD_11956582,2021-02-28,6,0,6,0,0,0,0
JD_11956581,2021-02-28,0,0,0,0,0,0,0
JD_11956580,2021-02-28,591,368,574,0,0,1,3
JD_11956577,2021-02-28,1003,624,786,1,1,0,3
JD_11956575,2021-02-28,21,17,13,1,0,0,0
JD_11956573,2021-02-28,88,71,34,0,0,0,0
JD_11956571,2021-02-28,5,5,1,0,0,0,0
