JD_11441017,2021-02-28,2,1,2,0,0,0,0
JD_11441016,2021-02-28,4,2,3,0,0,0,0
JD_11441015,2021-02-28,4,2,3,0,0,0,0
JD_11441013,2021-02-28,0,0,0,0,0,0,0
JD_11441010,2021-02-28,27,15,21,0,0,0,0
JD_11441007,2021-02-28,0,0,0,0,0,0,0
JD_11441006,2021-02-28,111,75,67,1,1,0,1
JD_11441002,2021-02-28,0,0,0,0,0,0,0
JD_11441001,2021-02-28,0,0,0,0,0,0,0
JD_11440999,2021-02-28,9,5,8,0,0,0,0
JD_11440998,2021-02-28,21,0,19,1,1,0,0
JD_11440997,2021-02-28,91,57,80,0,0,0,0
JD_11440996,2021-02-28,13,10,12,0,0,0,0
JD_11440994,2021-02-28,13,9,8,0,0,0,0
JD_11440991,2021-02-28,3,0,3,0,0,0,0
JD_11440990,2021-02-28,37,25,21,0,0,0,0
JD_11440988,2021-02-28,4,2,3,0,0,0,0
JD_11440987,2021-02-28,14,9,7,0,0,0,0
JD_11440986,2021-02-28,4,2,2,0,0,0,0
JD_11440985,2021-02-28,0,0,0,0,0,0,0
JD_11440984,2021-02-28,66,42,44,0,1,0,0
JD_11440983,2021-02-28,9,8,6,0,0,0,0
JD_11440982,2021-02-28,193,136,102,1,0,0,0
JD_11440981,2021-02-28,14,7,10,0,0,0,0
JD_11440978,2021-02-28,663,322,655,5,3,0,2
JD_11440977,2021-02-28,541,269,538,2,1,0,0
JD_11440975,2021-02-28,4,3,3,0,0,0,0
JD_11440974,2021-02-28,12,8,5,1,0,0,0
JD_11440973,2021-02-28,2,1,2,0,0,0,0
JD_11440972,2021-02-28,484,220,481,3,0,0,0
JD_11440971,2021-02-28,64,30,63,0,1,0,0
JD_11440970,2021-02-28,0,0,0,0,0,0,0
JD_11440968,2021-02-28,0,0,0,0,0,0,0
JD_11440967,2021-02-28,128,40,110,3,3,0,0
JD_11440966,2021-02-28,0,0,0,0,0,0,0
JD_11440964,2021-02-28,61,31,59,0,0,0,0
JD_11440961,2021-02-28,190,119,138,0,1,0,1
JD_11440960,2021-02-28,1,0,1,0,0,0,0
JD_11440958,2021-02-28,5,3,5,0,0,0,0
JD_11440957,2021-02-28,23,1,20,3,0,0,0
JD_11440955,2021-02-28,0,0,0,0,0,0,0
JD_11440954,2021-02-28,31,1,28,2,1,0,0
JD_11440953,2021-02-28,19,1,17,0,1,0,0
JD_11440952,2021-02-28,0,0,0,0,0,0,0
JD_11440951,2021-02-28,382,115,365,4,1,1,1
JD_11440949,2021-02-28,0,0,0,0,0,0,0
JD_11440947,2021-02-28,0,0,0,0,0,0,0
JD_11440945,2021-02-28,20,12,15,0,0,0,0
JD_11440943,2021-02-28,1,1,0,0,0,0,0
JD_11440942,2021-02-28,4,2,2,0,0,0,0
JD_11440940,2021-02-28,3,2,1,0,0,0,0
JD_11440939,2021-02-28,4,3,2,0,0,0,0
JD_11440938,2021-02-28,4,2,3,0,0,0,0
JD_11440937,2021-02-28,2,2,2,0,0,0,0
JD_11440936,2021-02-28,2,1,2,0,0,0,0
JD_11440935,2021-02-28,0,0,0,0,0,0,0
JD_11440933,2021-02-28,0,0,0,0,0,0,0
JD_11440931,2021-02-28,3,1,3,0,0,0,0
JD_11440928,2021-02-28,102,88,64,1,0,0,0
JD_11440927,2021-02-28,15,6,12,0,0,0,0
JD_11440926,2021-02-28,4,0,4,0,0,0,0
JD_11440925,2021-02-28,25,13,17,0,0,0,0
JD_11440923,2021-02-28,0,0,0,0,0,0,0
JD_11440920,2021-02-28,14,8,12,0,0,0,0
JD_11440919,2021-02-28,2,0,2,0,0,0,0
JD_11440917,2021-02-28,8,4,5,0,0,0,0
JD_11440913,2021-02-28,11,9,4,0,0,0,0
JD_11440909,2021-02-28,8,7,1,0,1,0,0
JD_11440908,2021-02-28,17,14,6,0,0,0,0
JD_11440907,2021-02-28,10,7,5,0,0,0,0
