JD_11510737,2021-02-28,0,0,0,0,0,0,0
JD_11510736,2021-02-28,0,0,0,0,0,0,0
JD_11510735,2021-02-28,0,0,0,0,0,0,0
JD_11510734,2021-02-28,0,0,0,0,0,0,0
JD_11510733,2021-02-28,0,0,0,0,0,0,0
JD_11510732,2021-02-28,0,0,0,0,0,0,0
JD_11510731,2021-02-28,93,37,65,1,1,0,0
JD_11510730,2021-02-28,135,76,90,1,1,0,0
JD_11510729,2021-02-28,0,0,0,0,0,0,0
JD_11510728,2021-02-28,26,19,14,0,1,0,0
JD_11510727,2021-02-28,0,0,0,0,0,0,0
JD_11510726,2021-02-28,643,494,324,5,2,0,1
JD_11510725,2021-02-28,39,7,37,2,0,0,1
JD_11510724,2021-02-28,14,0,14,0,0,0,0
JD_11510723,2021-02-28,226,103,182,0,0,0,1
JD_11510722,2021-02-28,65,42,63,0,0,0,1
JD_11510721,2021-02-28,3,3,2,0,0,0,0
JD_11510720,2021-02-28,3,3,1,0,0,0,0
JD_11510719,2021-02-28,291,130,225,0,0,0,2
JD_11510718,2021-02-28,9,8,5,0,0,0,0
JD_11510717,2021-02-28,36,14,31,2,0,0,0
JD_11510714,2021-02-28,6,2,6,0,0,0,0
JD_11510713,2021-02-28,140,19,134,6,0,0,0
JD_11510694,2021-02-28,1409,136,1374,25,9,0,0
JD_11510688,2021-02-28,161,127,90,0,0,0,0
JD_11510679,2021-02-28,22,9,19,1,1,0,0
JD_11510672,2021-02-28,131,0,128,2,1,0,0
JD_11510665,2021-02-28,0,0,0,0,0,0,0
JD_11510662,2021-02-28,466,0,444,16,6,0,0
JD_11510661,2021-02-28,0,0,0,0,0,0,0
JD_11510658,2021-02-28,3,2,2,0,0,0,0
JD_11510657,2021-02-28,0,0,0,0,0,0,0
JD_11510654,2021-02-28,13,0,12,0,1,0,0
JD_11510652,2021-02-28,0,0,0,0,0,0,0
JD_11510650,2021-02-28,35,29,19,0,0,0,0
JD_11510645,2021-02-28,11,6,9,0,0,0,0
JD_11510644,2021-02-28,3,3,2,0,0,0,0
JD_11510643,2021-02-28,32,17,30,0,0,0,0
JD_11510642,2021-02-28,2555,8,2517,22,15,0,0
JD_11510641,2021-02-28,660,368,645,2,2,0,1
JD_11510640,2021-02-28,0,0,0,0,0,0,0
JD_11510637,2021-02-28,146,54,145,1,0,0,0
JD_11510623,2021-02-28,107,60,98,0,0,0,0
JD_11510622,2021-02-28,221,0,206,9,6,0,0
JD_11510621,2021-02-28,45,25,39,0,0,0,0
JD_11510620,2021-02-28,27,6,25,0,0,0,0
JD_11510618,2021-02-28,2250,1066,1743,10,6,3,7
JD_11510617,2021-02-28,97,55,93,0,0,0,0
JD_11510616,2021-02-28,972,642,967,4,2,3,0
JD_11510615,2021-02-28,89,59,84,0,0,0,0
JD_11510611,2021-02-28,47,32,24,1,0,0,0
JD_11510610,2021-02-28,1053,724,730,3,1,0,11
JD_11510609,2021-02-28,1027,775,432,13,7,0,2
JD_11510607,2021-02-28,71,35,55,4,2,1,1
JD_11510605,2021-02-28,143,93,86,1,1,1,3
JD_11510604,2021-02-28,138,84,72,1,1,0,0
JD_11510603,2021-02-28,267,177,122,2,1,1,1
JD_11510599,2021-02-28,343,200,237,4,0,1,2
JD_11510592,2021-02-28,276,210,183,0,0,2,0
JD_11510591,2021-02-28,396,317,234,0,0,0,0
JD_11510590,2021-02-28,584,420,401,2,0,0,0
JD_11510587,2021-02-28,0,0,0,0,0,0,0
JD_11510586,2021-02-28,0,0,0,0,0,0,0
JD_11510585,2021-02-28,757,556,562,1,0,0,1
JD_11510581,2021-02-28,25,12,23,0,0,0,0
JD_11510579,2021-02-28,873,647,692,1,0,0,1
JD_11510576,2021-02-28,2013,0,1969,35,9,0,6
JD_11510574,2021-02-28,2559,209,2497,52,10,0,6
JD_11510565,2021-02-28,1,0,1,0,0,0,0
JD_11510564,2021-02-28,0,0,0,0,0,0,0
