JD_11387100,2021-02-28,37,23,18,0,1,0,0
JD_11387098,2021-02-28,22,10,15,1,0,0,0
JD_11387097,2021-02-28,16,10,9,1,0,0,0
JD_11387096,2021-02-28,17,13,9,0,0,0,0
JD_11387095,2021-02-28,6,2,4,0,0,0,0
JD_11387094,2021-02-28,1,0,1,0,0,0,0
JD_11387092,2021-02-28,7,5,5,0,1,0,0
JD_11387091,2021-02-28,5,1,5,0,0,0,0
JD_11387090,2021-02-28,1,0,1,0,0,0,0
JD_11387089,2021-02-28,1,0,1,0,0,0,0
JD_11387087,2021-02-28,2,0,2,0,0,0,0
JD_11387086,2021-02-28,10,6,9,0,0,0,0
JD_11387085,2021-02-28,16,13,10,0,0,0,0
JD_11387084,2021-02-28,2,0,2,0,0,0,0
JD_11387081,2021-02-28,5,4,4,0,0,0,0
JD_11387077,2021-02-28,28,15,20,0,1,0,0
JD_11387076,2021-02-28,0,0,0,0,0,0,0
JD_11387075,2021-02-28,0,0,0,0,0,0,0
JD_11387074,2021-02-28,17,5,15,0,0,0,0
JD_11387073,2021-02-28,15,12,8,0,0,0,0
JD_11387072,2021-02-28,0,0,0,0,0,0,0
JD_11387071,2021-02-28,2,2,0,0,0,0,0
JD_11387068,2021-02-28,0,0,0,0,0,0,0
JD_11387067,2021-02-28,2,2,1,0,0,0,0
JD_11387066,2021-02-28,0,0,0,0,0,0,0
JD_11387065,2021-02-28,137,55,132,2,1,0,0
JD_11387064,2021-02-28,3,1,2,0,0,0,0
JD_11387063,2021-02-28,405,261,346,3,0,0,0
JD_11387062,2021-02-28,3,2,1,0,0,0,0
JD_11387061,2021-02-28,2,1,1,0,0,0,0
JD_11387060,2021-02-28,2,1,2,0,0,0,0
JD_11387059,2021-02-28,3,2,2,0,0,0,0
JD_11387057,2021-02-28,3,0,3,0,0,0,0
JD_11387055,2021-02-28,2,1,2,0,0,0,0
JD_11387051,2021-02-28,2,0,2,0,0,0,0
JD_11387050,2021-02-28,0,0,0,0,0,0,0
JD_11387049,2021-02-28,5,4,4,0,0,0,0
JD_11387048,2021-02-28,53,39,25,0,0,0,0
JD_11387047,2021-02-28,0,0,0,0,0,0,0
JD_11387044,2021-02-28,4,2,4,0,0,0,0
JD_11387043,2021-02-28,10,4,9,1,0,0,0
JD_11387040,2021-02-28,185,125,107,3,0,0,0
JD_11387036,2021-02-28,20,14,10,0,0,0,0
JD_11387035,2021-02-28,0,0,0,0,0,0,0
JD_11387034,2021-02-28,44,28,26,0,0,0,0
JD_11387031,2021-02-28,16,13,7,0,0,0,0
JD_11387030,2021-02-28,4,4,2,0,0,0,0
JD_11387029,2021-02-28,6,3,6,0,0,0,0
JD_11387028,2021-02-28,146,118,68,1,0,0,0
JD_11387027,2021-02-28,9,7,2,0,0,0,0
JD_11387026,2021-02-28,96,78,34,0,0,0,0
JD_11387025,2021-02-28,2,2,2,0,0,0,0
JD_11387024,2021-02-28,4,3,2,0,0,0,0
JD_11387023,2021-02-28,1,0,1,0,0,0,0
JD_11387022,2021-02-28,0,0,0,0,0,0,0
JD_11387021,2021-02-28,114,94,35,0,0,0,0
JD_11387014,2021-02-28,22,13,20,1,0,0,0
JD_11387013,2021-02-28,7,3,5,0,0,0,0
JD_11387010,2021-02-28,0,0,0,0,0,0,0
JD_11387009,2021-02-28,2,0,2,0,0,0,0
JD_11387006,2021-02-28,33,17,23,0,0,0,0
JD_11387003,2021-02-28,2,0,2,0,0,0,0
JD_11387000,2021-02-28,34,17,29,1,0,0,0
JD_11386999,2021-02-28,2,2,1,0,0,0,0
JD_11386996,2021-02-28,3,2,1,0,0,0,0
JD_11386995,2021-02-28,5,3,3,0,0,0,0
JD_11386993,2021-02-28,3,2,1,0,0,0,0
JD_11386992,2021-02-28,4,2,3,0,0,0,0
JD_11386991,2021-02-28,10,2,10,0,0,0,0
JD_11386989,2021-02-28,3,2,1,0,0,0,0
