JD_11399368,2021-02-28,35,10,32,0,1,0,0
JD_11399365,2021-02-28,8,0,7,1,0,0,0
JD_11399364,2021-02-28,19,11,17,1,0,0,0
JD_11399362,2021-02-28,67,44,39,0,1,0,1
JD_11399361,2021-02-28,8,1,7,0,0,0,0
JD_11399360,2021-02-28,255,5,233,8,9,0,0
JD_11399359,2021-02-28,26,3,26,0,0,0,0
JD_11399358,2021-02-28,5,3,3,0,0,0,0
JD_11399357,2021-02-28,42,5,39,1,1,0,0
JD_11399356,2021-02-28,1,0,1,0,0,0,0
JD_11399355,2021-02-28,1,1,0,0,0,0,0
JD_11399353,2021-02-28,7,4,5,0,0,0,0
JD_11399352,2021-02-28,1,1,0,0,0,0,0
JD_11399351,2021-02-28,11,8,2,0,1,0,0
JD_11399349,2021-02-28,55,8,55,0,0,0,0
JD_11399348,2021-02-28,6,2,6,0,0,0,0
JD_11399347,2021-02-28,0,0,0,0,0,0,0
JD_11399345,2021-02-28,4,3,4,0,0,0,0
JD_11399344,2021-02-28,3,3,0,0,0,0,0
JD_11399342,2021-02-28,3,1,1,1,0,0,0
JD_11399340,2021-02-28,37,23,22,1,0,0,0
JD_11399339,2021-02-28,65,50,37,1,0,0,0
JD_11399338,2021-02-28,1,1,1,0,0,0,0
JD_11399336,2021-02-28,7,2,7,0,0,0,0
JD_11399335,2021-02-28,3,1,3,0,0,0,0
JD_11399334,2021-02-28,5,1,5,0,0,0,0
JD_11399331,2021-02-28,1,0,1,0,0,0,0
JD_11399330,2021-02-28,10,9,5,0,0,0,0
JD_11399328,2021-02-28,19,10,9,0,0,0,0
JD_11399327,2021-02-28,51,43,32,0,1,0,0
JD_11399326,2021-02-28,45,31,30,0,0,0,0
JD_11399324,2021-02-28,2,1,2,0,0,0,0
JD_11399322,2021-02-28,4,0,4,0,0,0,0
JD_11399321,2021-02-28,19,12,9,0,1,0,0
JD_11399320,2021-02-28,0,0,0,0,0,0,0
JD_11399319,2021-02-28,3,3,0,0,0,0,0
JD_11399318,2021-02-28,5,3,2,0,0,0,1
JD_11399317,2021-02-28,10,7,10,0,0,0,0
JD_11399316,2021-02-28,3,3,1,0,0,0,0
JD_11399315,2021-02-28,2,2,1,0,0,0,0
JD_11399314,2021-02-28,115,63,104,1,0,1,0
JD_11399311,2021-02-28,5,1,5,0,0,0,0
JD_11399310,2021-02-28,6,1,5,0,0,0,0
JD_11399308,2021-02-28,4,0,4,0,0,0,0
JD_11399302,2021-02-28,18,2,18,0,0,0,0
JD_11399296,2021-02-28,101,68,61,1,0,0,0
JD_11399295,2021-02-28,0,0,0,0,0,0,0
JD_11399292,2021-02-28,61,36,49,0,0,0,0
JD_11399291,2021-02-28,19,6,17,0,0,0,0
JD_11399290,2021-02-28,12,10,9,0,0,0,0
JD_11399288,2021-02-28,0,0,0,0,0,0,0
JD_11399287,2021-02-28,20,6,19,0,0,0,0
JD_11399286,2021-02-28,4,4,3,0,0,0,0
JD_11399285,2021-02-28,3,1,3,0,0,0,0
JD_11399283,2021-02-28,1,1,1,0,0,0,0
JD_11399280,2021-02-28,11,3,11,0,0,0,0
JD_11399279,2021-02-28,12,7,10,0,1,0,1
JD_11399278,2021-02-28,100,50,69,3,0,0,0
JD_11399275,2021-02-28,12,4,11,0,0,0,0
JD_11399274,2021-02-28,8,4,5,0,0,0,0
JD_11399271,2021-02-28,13,7,8,0,0,0,0
JD_11399270,2021-02-28,17,10,16,0,0,0,0
JD_11399269,2021-02-28,107,18,104,3,0,0,0
JD_11399265,2021-02-28,324,194,262,3,1,0,1
JD_11399264,2021-02-28,13,4,11,0,0,0,0
JD_11399262,2021-02-28,35,24,16,2,0,0,0
JD_11399261,2021-02-28,36,18,28,0,0,0,0
JD_11399260,2021-02-28,24,9,17,2,0,0,0
JD_11399259,2021-02-28,373,226,289,3,1,1,0
JD_11399258,2021-02-28,109,34,87,3,2,1,1
