JD_12115760,2021-02-28,3,3,1,0,0,0,0
JD_12115758,2021-02-28,0,0,0,0,0,0,0
JD_12115756,2021-02-28,96,82,42,0,0,1,0
JD_12115754,2021-02-28,101,70,56,0,0,0,0
JD_12115753,2021-02-28,42,34,36,0,0,0,0
JD_12115752,2021-02-28,16,11,15,0,0,0,0
JD_12115751,2021-02-28,20,18,18,0,0,0,0
JD_12115750,2021-02-28,22,18,18,0,0,0,0
JD_12115749,2021-02-28,75,64,45,0,0,0,0
JD_12115748,2021-02-28,17,7,11,0,1,0,1
JD_12115747,2021-02-28,9,8,8,0,0,0,0
JD_12115746,2021-02-28,3,2,2,0,0,0,0
JD_12115745,2021-02-28,8,6,7,0,0,0,0
JD_12115744,2021-02-28,11,7,10,0,0,0,0
JD_12115743,2021-02-28,57,45,53,0,0,0,0
JD_12115742,2021-02-28,16,9,12,0,0,0,0
JD_12115589,2021-02-28,0,0,0,0,0,0,0
JD_12115588,2021-02-28,37,29,12,0,0,0,0
JD_12115587,2021-02-28,0,0,0,0,0,0,0
JD_12115586,2021-02-28,9,9,2,0,0,0,0
JD_12115585,2021-02-28,0,0,0,0,0,0,0
JD_12115584,2021-02-28,6,4,4,0,0,0,0
JD_12115583,2021-02-28,0,0,0,0,0,0,0
JD_12115582,2021-02-28,3,1,2,0,0,0,0
JD_12115580,2021-02-28,142,112,105,0,0,0,2
JD_12115579,2021-02-28,0,0,0,0,0,0,0
JD_12115578,2021-02-28,26,21,24,0,0,0,0
JD_12115577,2021-02-28,0,0,0,0,0,0,0
JD_12115576,2021-02-28,8,7,8,0,0,0,0
JD_12115574,2021-02-28,5,2,5,0,0,0,0
JD_12115573,2021-02-28,30,25,5,0,0,0,0
JD_12115572,2021-02-28,4,1,3,0,0,0,0
JD_12115571,2021-02-28,0,0,0,0,0,0,0
JD_12115570,2021-02-28,52,36,44,0,1,0,1
JD_12115569,2021-02-28,0,0,0,0,0,0,0
JD_12115568,2021-02-28,2,2,2,0,0,0,0
JD_12115567,2021-02-28,0,0,0,0,0,0,0
JD_12115566,2021-02-28,39,31,25,0,0,0,0
JD_12115565,2021-02-28,0,0,0,0,0,0,0
JD_12115564,2021-02-28,1,1,1,0,0,0,0
JD_12115563,2021-02-28,0,0,0,0,0,0,0
JD_12115562,2021-02-28,5,1,5,0,0,0,0
JD_12115561,2021-02-28,5,4,1,1,0,0,0
JD_12115560,2021-02-28,275,208,274,0,1,0,1
JD_12115559,2021-02-28,182,156,51,0,0,0,0
JD_12115557,2021-02-28,35,22,34,0,0,0,0
JD_12115555,2021-02-28,0,0,0,0,0,0,0
JD_12115554,2021-02-28,11,3,10,1,0,0,0
JD_12115553,2021-02-28,0,0,0,0,0,0,0
JD_12115552,2021-02-28,8,3,8,0,0,0,0
JD_12115551,2021-02-28,0,0,0,0,0,0,0
JD_12115550,2021-02-28,724,500,403,2,0,2,6
JD_12115549,2021-02-28,3,1,2,0,0,0,0
JD_12115547,2021-02-28,0,0,0,0,0,0,0
JD_12115545,2021-02-28,0,0,0,0,0,0,0
JD_12115542,2021-02-28,11,8,4,0,0,0,0
JD_12115541,2021-02-28,56,33,56,0,0,0,1
JD_12115540,2021-02-28,4,2,3,0,0,0,0
JD_12115538,2021-02-28,1,0,1,0,0,0,0
JD_12115537,2021-02-28,303,250,54,0,0,0,0
JD_12115536,2021-02-28,11,8,11,0,0,0,0
JD_12115535,2021-02-28,203,177,28,1,0,0,1
JD_12115534,2021-02-28,15,9,13,0,0,0,0
JD_12115533,2021-02-28,119,88,57,0,0,0,0
JD_12115531,2021-02-28,93,77,31,0,0,0,0
JD_12115530,2021-02-28,1,1,0,0,0,0,0
JD_12115529,2021-02-28,447,348,445,0,1,1,4
JD_12115528,2021-02-28,11,8,7,0,0,0,0
JD_12115527,2021-02-28,29,23,8,0,0,0,0
JD_12115525,2021-02-28,13,12,4,0,0,0,0
