JD_11321033,2021-02-28,7,2,7,0,0,0,0
JD_11321032,2021-02-28,17,4,16,1,0,0,0
JD_11321031,2021-02-28,22,9,21,1,0,0,0
JD_11321029,2021-02-28,2059,740,1792,47,16,1,1
JD_11321028,2021-02-28,17,4,16,0,1,0,0
JD_11321027,2021-02-28,87,6,87,0,0,0,1
JD_11321024,2021-02-28,43,0,42,1,0,0,0
JD_11321022,2021-02-28,44,5,44,0,0,0,0
JD_11321020,2021-02-28,104,0,101,3,0,0,0
JD_11321018,2021-02-28,101,0,93,7,1,0,0
JD_11321014,2021-02-28,30,1,28,1,1,0,1
JD_11321013,2021-02-28,332,7,302,25,4,0,1
JD_11321012,2021-02-28,85,36,77,1,0,0,0
JD_11321009,2021-02-28,13,7,7,0,0,0,0
JD_11321008,2021-02-28,0,0,0,0,0,0,0
JD_11321006,2021-02-28,137,91,99,0,0,0,1
JD_11321005,2021-02-28,42,8,41,0,1,0,1
JD_11321004,2021-02-28,3,2,3,0,0,0,0
JD_11321003,2021-02-28,10,3,9,0,0,0,0
JD_11321002,2021-02-28,6,1,5,0,0,0,0
JD_11321001,2021-02-28,46,26,37,0,0,0,0
JD_11320997,2021-02-28,0,0,0,0,0,0,0
JD_11320996,2021-02-28,1,1,1,0,0,0,0
JD_11320995,2021-02-28,174,2,168,5,1,0,0
JD_11320994,2021-02-28,16,12,9,0,0,0,0
JD_11320992,2021-02-28,12,4,8,0,0,0,0
JD_11320991,2021-02-28,90,0,86,3,1,0,0
JD_11320989,2021-02-28,95,9,94,1,0,1,0
JD_11320980,2021-02-28,368,133,361,4,2,0,1
JD_11320978,2021-02-28,40,35,20,0,0,0,1
JD_11320977,2021-02-28,182,99,178,0,0,0,1
JD_11320974,2021-02-28,364,0,353,8,3,0,0
JD_11320970,2021-02-28,104,66,50,1,1,0,3
JD_11320968,2021-02-28,582,350,235,5,4,1,1
JD_11320967,2021-02-28,13,0,12,1,0,0,0
JD_11320966,2021-02-28,118,76,77,0,1,0,0
JD_11320965,2021-02-28,24,13,12,0,0,0,0
JD_11320964,2021-02-28,8,3,7,0,0,0,0
JD_11320963,2021-02-28,27,14,27,0,0,0,0
JD_11320962,2021-02-28,4,2,2,0,0,0,0
JD_11320961,2021-02-28,20,9,13,0,1,0,1
JD_11320960,2021-02-28,13,7,9,0,0,0,0
JD_11320958,2021-02-28,17,3,15,0,0,0,0
JD_11320957,2021-02-28,7,0,7,0,0,0,0
JD_11320956,2021-02-28,8,0,8,0,0,0,0
JD_11320955,2021-02-28,39,24,23,0,0,0,0
JD_11320953,2021-02-28,11,2,10,0,0,0,0
JD_11320952,2021-02-28,7,1,6,0,0,0,0
JD_11320951,2021-02-28,6,3,6,0,0,0,0
JD_11320950,2021-02-28,73,20,69,1,0,0,0
JD_11320949,2021-02-28,159,63,159,0,0,0,3
JD_11320948,2021-02-28,443,139,435,3,2,1,0
JD_11320947,2021-02-28,121,59,80,1,0,0,1
JD_11320946,2021-02-28,14,7,11,0,0,0,0
JD_11320944,2021-02-28,25,17,19,0,0,0,0
JD_11320943,2021-02-28,21,14,10,0,0,0,0
JD_11320942,2021-02-28,13,9,4,0,0,0,0
JD_11320941,2021-02-28,434,304,276,1,0,0,2
JD_11320939,2021-02-28,16,10,8,0,0,0,0
JD_11320938,2021-02-28,40,28,19,0,0,0,0
JD_11320935,2021-02-28,6,6,0,0,0,0,0
JD_11320934,2021-02-28,167,103,125,1,0,1,1
JD_11320932,2021-02-28,55,36,35,2,0,0,0
JD_11320929,2021-02-28,8,0,8,0,0,0,0
JD_11320927,2021-02-28,10,6,9,0,0,0,0
JD_11320924,2021-02-28,2,2,1,0,0,0,0
JD_11320921,2021-02-28,78,18,77,1,0,0,0
JD_11320920,2021-02-28,413,296,230,1,0,0,1
JD_11320918,2021-02-28,0,0,0,0,0,0,0
JD_11320917,2021-02-28,108,41,88,0,0,0,0
