JD_11726044,2021-02-28,10,9,4,0,0,0,0
JD_11726037,2021-02-28,14,11,11,0,0,0,0
JD_11725886,2021-02-28,702,427,564,1,1,1,2
JD_11725882,2021-02-28,0,0,0,0,0,0,0
JD_11725881,2021-02-28,3,0,3,0,0,0,0
JD_11725862,2021-02-28,25,14,20,1,0,0,0
JD_11725860,2021-02-28,11,9,6,0,0,0,0
JD_11725857,2021-02-28,19,14,7,0,0,0,1
JD_11725855,2021-02-28,18,14,15,0,0,0,0
JD_11725853,2021-02-28,32,23,31,0,0,0,0
JD_11725852,2021-02-28,10,5,8,0,0,0,0
JD_11725851,2021-02-28,16,11,9,0,0,0,0
JD_11725850,2021-02-28,8,6,6,0,0,0,0
JD_11725848,2021-02-28,31,27,29,0,0,0,0
JD_11725847,2021-02-28,21,9,17,0,0,0,0
JD_11725846,2021-02-28,8,7,7,0,0,0,0
JD_11725845,2021-02-28,7,3,6,0,0,0,0
JD_11725842,2021-02-28,21,8,18,1,0,0,0
JD_11725841,2021-02-28,5,3,5,0,0,0,0
JD_11725840,2021-02-28,18,6,17,0,1,0,0
JD_11725838,2021-02-28,265,198,180,1,1,0,2
JD_11725837,2021-02-28,2,2,2,0,0,0,0
JD_11725836,2021-02-28,3,3,0,0,0,0,0
JD_11725834,2021-02-28,19,9,14,0,0,0,0
JD_11725833,2021-02-28,21,11,18,0,0,0,0
JD_11725832,2021-02-28,34,22,26,2,0,0,0
JD_11725829,2021-02-28,16,1,16,0,0,0,0
JD_11723722,2021-02-28,58,38,39,0,0,0,0
JD_11723721,2021-02-28,1,0,1,0,0,0,0
JD_11723720,2021-02-28,0,0,0,0,0,0,0
JD_11723719,2021-02-28,1,0,1,0,0,0,0
JD_11723718,2021-02-28,1,0,1,0,0,0,0
JD_11723717,2021-02-28,0,0,0,0,0,0,0
JD_11723716,2021-02-28,715,13,700,10,2,0,1
JD_11723715,2021-02-28,0,0,0,0,0,0,0
JD_11723714,2021-02-28,134,84,101,1,0,0,0
JD_11723713,2021-02-28,679,400,520,7,1,0,2
JD_11723712,2021-02-28,2,1,1,0,0,0,0
JD_11723711,2021-02-28,2,0,2,0,0,0,0
JD_11723710,2021-02-28,0,0,0,0,0,0,0
JD_11723709,2021-02-28,0,0,0,0,0,0,0
JD_11723708,2021-02-28,0,0,0,0,0,0,0
JD_11723707,2021-02-28,5,3,3,0,0,0,0
JD_11723706,2021-02-28,0,0,0,0,0,0,0
JD_11723705,2021-02-28,19,16,9,0,0,0,0
JD_11723703,2021-02-28,1,0,1,0,0,0,0
JD_11723702,2021-02-28,5,3,5,0,0,0,0
JD_11723701,2021-02-28,5,5,0,0,0,0,0
JD_11723700,2021-02-28,345,180,257,2,2,1,1
JD_11723699,2021-02-28,0,0,0,0,0,0,0
JD_11723698,2021-02-28,1,1,1,0,0,0,0
JD_11723697,2021-02-28,3,1,2,0,0,0,0
JD_11723696,2021-02-28,8,5,5,0,0,0,0
JD_11723695,2021-02-28,10,5,8,0,0,0,0
JD_11723694,2021-02-28,10269,7900,4171,6,0,25,5
JD_11723693,2021-02-28,8,3,7,0,0,0,0
JD_11723692,2021-02-28,4,4,0,0,0,0,0
JD_11723691,2021-02-28,6,5,2,0,0,0,0
JD_11723690,2021-02-28,2,2,2,0,0,0,0
JD_11723689,2021-02-28,29,15,17,3,0,0,0
JD_11723688,2021-02-28,5,5,2,0,0,0,0
JD_11723687,2021-02-28,1,0,1,0,0,0,0
JD_11723686,2021-02-28,0,0,0,0,0,0,0
JD_11723685,2021-02-28,23,16,15,0,0,0,0
JD_11723684,2021-02-28,3,1,2,0,0,0,0
JD_11723683,2021-02-28,93,48,70,0,0,0,0
JD_11723682,2021-02-28,6,3,5,0,0,0,0
JD_11723681,2021-02-28,31,23,16,0,0,0,0
JD_11723680,2021-02-28,6538,4518,4519,10,9,4,4
JD_11723679,2021-02-28,7426,5445,5406,4,8,7,6
