JD_12505409,2021-02-28,8,6,2,0,0,0,1
JD_12505408,2021-02-28,156,128,30,0,0,1,0
JD_12505407,2021-02-28,160,128,31,1,0,0,1
JD_12505406,2021-02-28,12,12,0,0,0,0,0
JD_12505404,2021-02-28,21,16,6,0,0,0,0
JD_12505403,2021-02-28,134,108,25,0,1,0,1
JD_12505402,2021-02-28,5,5,0,0,0,0,0
JD_12505401,2021-02-28,120,89,30,0,1,0,0
JD_12505400,2021-02-28,40,31,9,0,0,0,0
JD_12505399,2021-02-28,19,13,6,0,0,0,0
JD_12505398,2021-02-28,77,65,12,0,0,0,0
JD_12505397,2021-02-28,21,18,3,0,0,0,0
JD_12505395,2021-02-28,221,181,40,0,0,0,0
JD_12505394,2021-02-28,308,247,79,0,0,0,0
JD_12505393,2021-02-28,247,220,27,0,0,0,0
JD_12505392,2021-02-28,601,533,80,0,0,0,0
JD_12505391,2021-02-28,5,3,2,0,0,0,0
JD_12505390,2021-02-28,181,155,31,0,0,0,0
JD_12505389,2021-02-28,116,98,18,0,0,0,0
JD_12505388,2021-02-28,53,43,13,0,0,0,1
JD_12505387,2021-02-28,1,1,0,0,0,0,0
JD_12505386,2021-02-28,140,109,35,0,0,0,0
JD_12505385,2021-02-28,9,8,1,0,0,0,0
JD_12505384,2021-02-28,0,0,0,0,0,0,0
JD_12505383,2021-02-28,7,7,0,0,0,0,0
JD_12505382,2021-02-28,307,298,12,0,0,0,0
JD_12505381,2021-02-28,148,119,28,1,0,0,1
JD_12505380,2021-02-28,317,239,75,2,4,1,2
JD_12505379,2021-02-28,508,441,66,1,0,0,1
JD_12505378,2021-02-28,31,22,13,0,0,0,0
JD_12505377,2021-02-28,492,401,89,1,1,2,4
JD_12505376,2021-02-28,5,4,1,0,0,0,0
JD_12505375,2021-02-28,1034,860,174,0,0,2,2
JD_12505374,2021-02-28,30,26,5,0,0,0,0
JD_12505373,2021-02-28,417,354,61,2,0,1,0
JD_12505371,2021-02-28,3,2,1,0,0,0,0
JD_12505370,2021-02-28,4,3,1,0,0,0,0
JD_12505369,2021-02-28,9,9,0,0,0,0,0
JD_12505368,2021-02-28,32,28,12,0,0,0,0
JD_12505367,2021-02-28,24,24,0,0,0,0,0
JD_12505366,2021-02-28,25021,19560,6803,21,21,28,69
JD_12505365,2021-02-28,3,2,1,0,0,0,0
JD_12505364,2021-02-28,1406,1157,292,1,0,3,0
JD_12505363,2021-02-28,18,16,2,0,0,0,0
JD_12505362,2021-02-28,26,20,11,0,0,0,0
JD_12505361,2021-02-28,8,7,1,0,0,0,0
JD_12505360,2021-02-28,1910,1679,250,3,4,0,3
JD_12504917,2021-02-28,72,57,15,0,0,0,0
JD_12504916,2021-02-28,0,0,0,0,0,0,0
JD_12504915,2021-02-28,20,16,4,0,0,0,0
JD_12504914,2021-02-28,8,7,1,0,0,0,0
JD_12504913,2021-02-28,5,4,1,0,0,0,0
JD_12504912,2021-02-28,2200,1906,330,0,0,3,3
JD_12504911,2021-02-28,658,518,140,0,0,2,2
JD_12504910,2021-02-28,194,173,38,0,0,0,1
JD_12504909,2021-02-28,1800,1523,273,2,2,2,2
JD_12504908,2021-02-28,957,856,159,1,2,2,5
JD_12504907,2021-02-28,4761,3786,970,2,3,8,7
JD_12504906,2021-02-28,93,86,31,0,0,0,0
JD_12504905,2021-02-28,15,14,1,0,0,0,0
JD_12504904,2021-02-28,572,472,100,1,0,0,1
JD_12504903,2021-02-28,360,227,133,0,0,0,2
JD_12504902,2021-02-28,223,179,194,0,0,0,0
JD_12504901,2021-02-28,46,38,8,0,0,0,0
JD_12504900,2021-02-28,901,772,399,2,2,4,1
JD_12504899,2021-02-28,389,293,96,0,0,0,2
JD_12504898,2021-02-28,745,603,164,0,0,0,2
JD_12504897,2021-02-28,39,35,4,0,0,0,0
JD_12504896,2021-02-28,445,359,119,2,0,1,0
JD_12504895,2021-02-28,13,9,4,0,0,0,0
