JD_11503183,2021-02-28,54,16,50,3,1,0,0
JD_11503182,2021-02-28,98,66,52,1,0,0,1
JD_11503181,2021-02-28,38,27,25,0,0,0,0
JD_11503180,2021-02-28,38,26,34,1,0,0,0
JD_11503179,2021-02-28,39,26,25,0,0,0,0
JD_11503178,2021-02-28,67,43,48,1,0,0,0
JD_11503177,2021-02-28,2,0,2,0,0,0,0
JD_11503176,2021-02-28,141,20,126,1,2,0,1
JD_11503175,2021-02-28,516,44,503,8,4,0,0
JD_11503174,2021-02-28,43,29,25,1,0,0,0
JD_11503173,2021-02-28,52,35,35,0,0,0,0
JD_11503172,2021-02-28,2,2,0,0,0,0,0
JD_11503171,2021-02-28,0,0,0,0,0,0,0
JD_11503170,2021-02-28,540,365,312,5,2,0,1
JD_11503169,2021-02-28,5,2,4,0,0,0,0
JD_11503168,2021-02-28,2715,2047,1797,8,4,4,2
JD_11503167,2021-02-28,4354,2769,4083,12,8,5,3
JD_11503166,2021-02-28,23,9,21,1,1,0,0
JD_11503165,2021-02-28,54,45,24,1,0,0,0
JD_11503164,2021-02-28,4,0,4,0,0,0,0
JD_11503163,2021-02-28,85,53,51,2,0,0,0
JD_11503162,2021-02-28,165,110,96,1,0,0,1
JD_11503161,2021-02-28,8,5,4,0,0,0,0
JD_11503160,2021-02-28,431,304,257,1,3,1,1
JD_11503159,2021-02-28,342,248,198,2,0,0,0
JD_11503158,2021-02-28,100,60,54,0,0,0,1
JD_11503157,2021-02-28,264,145,252,2,2,1,1
JD_11503156,2021-02-28,389,219,352,4,2,1,2
JD_11503155,2021-02-28,133,82,95,1,0,0,0
JD_11503154,2021-02-28,635,378,427,3,1,1,1
JD_11503153,2021-02-28,275,146,253,3,0,0,1
JD_11503152,2021-02-28,186,116,97,0,0,0,1
JD_11503151,2021-02-28,245,47,242,1,2,0,0
JD_11503150,2021-02-28,304,20,301,1,1,0,0
JD_11503149,2021-02-28,2,1,2,0,0,0,0
JD_11503147,2021-02-28,58,20,41,0,0,0,0
JD_11503146,2021-02-28,195,2,187,6,2,0,0
JD_11503145,2021-02-28,38,16,32,0,0,0,1
JD_11503144,2021-02-28,47,33,23,0,0,0,0
JD_11503143,2021-02-28,9276,3469,8262,112,50,2,17
JD_11503142,2021-02-28,81,13,78,1,2,0,0
JD_11503141,2021-02-28,69,33,61,0,0,0,0
JD_11503140,2021-02-28,35,19,30,0,0,0,1
JD_11503139,2021-02-28,215,6,211,1,3,0,0
JD_11503138,2021-02-28,22,13,15,0,0,0,0
JD_11503137,2021-02-28,25,14,20,0,0,0,0
JD_11503136,2021-02-28,75,38,63,1,0,0,0
JD_11503135,2021-02-28,177,109,113,0,0,0,0
JD_11503134,2021-02-28,77,18,68,2,1,0,0
JD_11503133,2021-02-28,94,36,79,2,3,0,1
JD_11503132,2021-02-28,48,34,25,0,0,0,0
JD_11503131,2021-02-28,73,45,55,0,0,0,0
JD_11503130,2021-02-28,1,1,1,0,0,0,0
JD_11503128,2021-02-28,201,137,103,2,0,2,0
JD_11503127,2021-02-28,208,13,203,4,1,0,0
JD_11503126,2021-02-28,25,14,17,0,0,0,0
JD_11503121,2021-02-28,1,1,1,0,0,0,0
JD_11503106,2021-02-28,17,11,11,0,0,0,0
JD_11503105,2021-02-28,121,77,93,1,3,1,1
JD_11503099,2021-02-28,24,3,24,0,0,0,0
JD_11503095,2021-02-28,179,92,166,1,0,1,1
JD_11503094,2021-02-28,507,235,473,3,0,0,2
JD_11503093,2021-02-28,9,7,4,0,0,0,0
JD_11503092,2021-02-28,0,0,0,0,0,0,0
JD_11503091,2021-02-28,7,4,5,0,0,0,0
JD_11503090,2021-02-28,5,4,3,0,0,0,0
JD_11503088,2021-02-28,207,119,186,3,0,0,1
JD_11503087,2021-02-28,281,163,260,1,0,0,2
JD_11503086,2021-02-28,1031,224,1021,8,1,0,3
JD_11503085,2021-02-28,5,4,3,0,0,0,0
