JD_11342625,2021-02-28,8,0,7,1,0,0,0
JD_11342624,2021-02-28,10,1,10,0,0,0,0
JD_11342623,2021-02-28,0,0,0,0,0,0,0
JD_11342622,2021-02-28,2,0,2,0,0,0,0
JD_11342621,2021-02-28,0,0,0,0,0,0,0
JD_11342619,2021-02-28,5,0,5,0,0,0,0
JD_11342618,2021-02-28,2,0,2,0,0,0,0
JD_11342617,2021-02-28,0,0,0,0,0,0,0
JD_11342616,2021-02-28,2,0,2,0,0,0,0
JD_11342615,2021-02-28,0,0,0,0,0,0,0
JD_11342612,2021-02-28,0,0,0,0,0,0,0
JD_11342611,2021-02-28,3,0,3,0,0,0,0
JD_11342610,2021-02-28,2,0,2,0,0,0,0
JD_11342608,2021-02-28,6,1,6,0,0,0,0
JD_11342605,2021-02-28,0,0,0,0,0,0,0
JD_11342604,2021-02-28,0,0,0,0,0,0,0
JD_11342603,2021-02-28,0,0,0,0,0,0,0
JD_11342602,2021-02-28,0,0,0,0,0,0,0
JD_11342601,2021-02-28,0,0,0,0,0,0,0
JD_11342599,2021-02-28,0,0,0,0,0,0,0
JD_11342598,2021-02-28,0,0,0,0,0,0,0
JD_11342596,2021-02-28,0,0,0,0,0,0,0
JD_11342594,2021-02-28,4,3,2,0,0,0,0
JD_11342592,2021-02-28,1,0,1,0,0,0,0
JD_11342591,2021-02-28,21,14,7,0,0,0,0
JD_11342590,2021-02-28,15,10,6,0,0,0,0
JD_11342589,2021-02-28,0,0,0,0,0,0,0
JD_11342588,2021-02-28,13,9,4,0,0,0,0
JD_11342587,2021-02-28,0,0,0,0,0,0,0
JD_11342586,2021-02-28,1,0,1,0,0,0,0
JD_11342585,2021-02-28,165,16,160,2,1,0,0
JD_11342584,2021-02-28,11,5,6,0,0,0,0
JD_11342583,2021-02-28,538,1,511,20,7,0,0
JD_11342582,2021-02-28,101,3,96,3,1,0,0
JD_11342580,2021-02-28,63,0,60,3,0,0,0
JD_11342579,2021-02-28,4,2,4,0,0,0,0
JD_11342576,2021-02-28,5,0,5,0,0,0,0
JD_11342574,2021-02-28,389,234,266,2,0,0,0
JD_11342573,2021-02-28,230,151,148,1,0,0,0
JD_11342571,2021-02-28,7,1,6,1,0,0,0
JD_11342570,2021-02-28,60,0,58,1,1,0,0
JD_11342569,2021-02-28,134,101,74,1,0,0,0
JD_11342566,2021-02-28,105,16,93,3,2,0,0
JD_11342565,2021-02-28,48,6,42,1,0,0,0
JD_11342563,2021-02-28,173,107,100,1,0,0,1
JD_11342561,2021-02-28,0,0,0,0,0,0,0
JD_11342559,2021-02-28,37,6,36,0,1,0,0
JD_11342558,2021-02-28,256,0,248,6,2,0,0
JD_11342557,2021-02-28,73,43,36,1,0,1,1
JD_11342554,2021-02-28,2,0,2,0,0,0,0
JD_11342553,2021-02-28,1,1,1,0,0,0,0
JD_11342545,2021-02-28,18,8,12,0,0,0,0
JD_11342544,2021-02-28,0,0,0,0,0,0,0
JD_11342540,2021-02-28,20,5,14,1,0,0,0
JD_11342538,2021-02-28,93,1,91,0,2,0,0
JD_11342537,2021-02-28,33,1,33,0,0,0,0
JD_11342536,2021-02-28,6,5,4,0,0,0,0
JD_11342535,2021-02-28,0,0,0,0,0,0,0
JD_11342534,2021-02-28,36,13,28,1,0,0,0
JD_11342532,2021-02-28,22,9,17,1,0,0,1
JD_11342531,2021-02-28,2,0,2,0,0,0,0
JD_11342530,2021-02-28,0,0,0,0,0,0,0
JD_11342529,2021-02-28,65,32,45,1,1,0,0
JD_11342526,2021-02-28,34,0,34,0,0,0,0
JD_11342524,2021-02-28,487,15,482,5,0,0,0
JD_11342523,2021-02-28,8,1,8,0,0,0,0
JD_11342522,2021-02-28,27,12,17,1,0,0,0
JD_11342520,2021-02-28,1,0,1,0,0,0,0
JD_11342517,2021-02-28,7,1,6,0,1,0,0
JD_11342512,2021-02-28,44,0,44,0,0,0,0
