JD_12081051,2021-02-28,3,3,0,0,0,0,0
JD_12081049,2021-02-28,0,0,0,0,0,0,0
JD_12081048,2021-02-28,4,2,4,0,0,0,0
JD_12081047,2021-02-28,577,382,549,2,1,2,4
JD_12081046,2021-02-28,1,1,1,0,0,0,0
JD_12081044,2021-02-28,67,56,32,0,0,0,0
JD_12081043,2021-02-28,2491,1995,1167,2,2,6,5
JD_12081042,2021-02-28,8,6,3,0,0,0,0
JD_12081041,2021-02-28,145,110,137,0,0,0,0
JD_12081039,2021-02-28,26,14,17,0,0,0,0
JD_12081037,2021-02-28,235,204,112,0,0,0,0
JD_12081035,2021-02-28,401,318,204,1,0,0,1
JD_12081034,2021-02-28,12,8,10,0,0,0,0
JD_12081033,2021-02-28,206,164,106,0,0,0,1
JD_12081032,2021-02-28,68,58,35,0,1,0,0
JD_12081031,2021-02-28,113,95,58,0,0,0,0
JD_12081030,2021-02-28,4,4,0,0,0,0,0
JD_12081029,2021-02-28,47,42,22,0,0,0,0
JD_12081028,2021-02-28,77,65,43,0,0,0,0
JD_12081027,2021-02-28,40,35,23,0,0,0,0
JD_12081026,2021-02-28,20,18,13,0,0,0,1
JD_12081025,2021-02-28,50,41,28,0,0,0,1
JD_12081024,2021-02-28,27,18,15,0,0,0,0
JD_12081023,2021-02-28,58,51,30,0,0,0,0
JD_12081022,2021-02-28,12,11,5,0,0,0,1
JD_12081021,2021-02-28,400,316,296,4,0,0,2
JD_12081020,2021-02-28,9,8,5,0,0,1,0
JD_12081019,2021-02-28,22,19,18,0,0,0,0
JD_12081018,2021-02-28,63,52,30,0,0,0,0
JD_12081017,2021-02-28,38,27,31,0,0,1,0
JD_12081016,2021-02-28,12,8,9,0,0,0,0
JD_12081015,2021-02-28,63,40,48,0,0,0,0
JD_12081014,2021-02-28,18,16,6,0,0,0,0
JD_12081013,2021-02-28,136,116,83,0,0,0,0
JD_12081012,2021-02-28,7,6,3,0,0,0,0
JD_12081011,2021-02-28,1311,1019,1296,3,4,3,6
JD_12081010,2021-02-28,31,23,19,0,0,0,0
JD_12080470,2021-02-28,34,25,20,0,0,0,0
JD_12080469,2021-02-28,3,1,3,0,0,0,0
JD_12080467,2021-02-28,15,9,15,0,0,0,0
JD_12080465,2021-02-28,1,1,0,0,0,0,0
JD_12080464,2021-02-28,1,1,1,0,0,0,0
JD_12080463,2021-02-28,10415,8001,3808,9,9,45,19
JD_12080461,2021-02-28,13,11,12,0,0,0,0
JD_12080460,2021-02-28,0,0,0,0,0,0,0
JD_12080459,2021-02-28,0,0,0,0,0,0,0
JD_12080458,2021-02-28,11,8,7,0,0,0,0
JD_12080457,2021-02-28,7009,5675,5154,16,6,12,9
JD_12080455,2021-02-28,8,6,4,0,0,0,0
JD_12080454,2021-02-28,0,0,0,0,0,0,0
JD_12080453,2021-02-28,7,5,6,0,0,0,0
JD_12080452,2021-02-28,4,1,4,0,0,0,0
JD_12080451,2021-02-28,949,749,374,1,3,0,3
JD_12080450,2021-02-28,0,0,0,0,0,0,0
JD_12080449,2021-02-28,15,13,6,0,0,0,0
JD_12080447,2021-02-28,12,8,7,0,0,0,0
JD_12080446,2021-02-28,0,0,0,0,0,0,0
JD_12080444,2021-02-28,1,0,1,0,0,0,0
JD_12080441,2021-02-28,35,27,24,1,0,0,0
JD_12080440,2021-02-28,13,9,8,0,0,0,0
JD_12080439,2021-02-28,10,8,6,0,0,0,0
JD_12080437,2021-02-28,2,1,2,0,0,0,0
JD_12080436,2021-02-28,9,6,8,0,0,0,0
JD_12080435,2021-02-28,1,1,1,0,0,0,0
JD_12080434,2021-02-28,1,1,1,0,0,0,0
JD_12080433,2021-02-28,106,78,96,0,0,1,0
JD_12080432,2021-02-28,0,0,0,0,0,0,0
JD_12080431,2021-02-28,935,814,384,1,0,1,0
JD_12080429,2021-02-28,913,711,675,0,1,1,3
JD_12080427,2021-02-28,48,35,32,0,0,0,0
