JD_11517803,2021-02-28,460,306,328,3,2,0,1
JD_11517802,2021-02-28,54,44,25,0,0,0,0
JD_11517799,2021-02-28,51,30,41,0,0,0,0
JD_11517790,2021-02-28,57,39,35,2,0,1,1
JD_11517783,2021-02-28,18,7,16,1,0,0,0
JD_11517782,2021-02-28,205,136,200,0,0,1,0
JD_11517777,2021-02-28,4,2,2,0,1,0,0
JD_11517776,2021-02-28,20,13,11,1,0,0,0
JD_11517775,2021-02-28,358,247,179,2,1,0,1
JD_11517772,2021-02-28,0,0,0,0,0,0,0
JD_11517771,2021-02-28,77,48,77,0,0,0,0
JD_11517770,2021-02-28,2475,1002,2005,14,1,2,1
JD_11517769,2021-02-28,970,554,717,6,2,2,6
JD_11517768,2021-02-28,63,39,40,0,0,0,0
JD_11517767,2021-02-28,101,67,56,0,0,0,0
JD_11517766,2021-02-28,71,36,45,1,0,0,1
JD_11517765,2021-02-28,80,35,77,1,1,0,0
JD_11517764,2021-02-28,12,8,10,0,0,0,0
JD_11517763,2021-02-28,45,35,19,0,0,0,0
JD_11517762,2021-02-28,41,25,40,0,0,0,0
JD_11517761,2021-02-28,43,7,43,0,0,0,0
JD_11517759,2021-02-28,3,3,0,0,0,0,0
JD_11517758,2021-02-28,8,5,8,0,0,0,0
JD_11517756,2021-02-28,0,0,0,0,0,0,0
JD_11517755,2021-02-28,0,0,0,0,0,0,0
JD_11517754,2021-02-28,1,0,1,0,0,0,0
JD_11517753,2021-02-28,0,0,0,0,0,0,0
JD_11517749,2021-02-28,20,0,20,0,0,0,0
JD_11517748,2021-02-28,26,6,26,0,0,0,0
JD_11517747,2021-02-28,21,0,20,1,0,0,0
JD_11517746,2021-02-28,10,1,10,0,0,0,0
JD_11517744,2021-02-28,26,4,25,0,1,0,0
JD_11517743,2021-02-28,11,4,10,0,1,0,0
JD_11517740,2021-02-28,3,2,1,0,0,0,0
JD_11517739,2021-02-28,4,1,4,0,0,0,0
JD_11517737,2021-02-28,13,11,10,0,0,0,0
JD_11517734,2021-02-28,1,0,1,0,0,0,0
JD_11517733,2021-02-28,10,5,7,1,0,0,0
JD_11517732,2021-02-28,25,9,23,0,0,0,0
JD_11517731,2021-02-28,9,5,6,0,0,0,0
JD_11517730,2021-02-28,66,55,28,0,0,1,0
JD_11517729,2021-02-28,9,0,9,0,0,0,0
JD_11517728,2021-02-28,205,161,84,2,0,0,0
JD_11517726,2021-02-28,9,2,7,0,0,0,0
JD_11517724,2021-02-28,1,0,1,0,0,0,0
JD_11517722,2021-02-28,158,117,96,0,0,0,2
JD_11517720,2021-02-28,2,2,0,0,0,0,0
JD_11517719,2021-02-28,0,0,0,0,0,0,0
JD_11517717,2021-02-28,39,23,34,0,0,0,0
JD_11517715,2021-02-28,8,6,5,0,0,0,0
JD_11517714,2021-02-28,86,42,85,0,1,0,2
JD_11517713,2021-02-28,1,1,0,0,0,0,0
JD_11517712,2021-02-28,1,1,0,0,0,0,0
JD_11517711,2021-02-28,2,0,2,0,0,0,0
JD_11517710,2021-02-28,0,0,0,0,0,0,0
JD_11517708,2021-02-28,6,4,2,0,0,0,0
JD_11517707,2021-02-28,0,0,0,0,0,0,0
JD_11517706,2021-02-28,15,12,15,0,0,0,0
JD_11517705,2021-02-28,12,9,8,0,0,0,0
JD_11517704,2021-02-28,26,18,17,1,0,0,0
JD_11517703,2021-02-28,1,1,0,0,0,0,0
JD_11517702,2021-02-28,18,15,10,1,0,0,0
JD_11517701,2021-02-28,1,1,0,0,0,0,0
JD_11517700,2021-02-28,3,3,1,0,0,0,0
JD_11517699,2021-02-28,4,3,4,0,0,0,0
JD_11517698,2021-02-28,4,4,2,0,0,0,0
JD_11517697,2021-02-28,5,2,4,0,0,0,0
JD_11517696,2021-02-28,0,0,0,0,0,0,0
JD_11517695,2021-02-28,7,5,4,0,0,0,0
JD_11517694,2021-02-28,20,19,5,0,1,0,0
