JD_11448919,2021-02-28,6,2,4,0,0,0,0
JD_11448918,2021-02-28,0,0,0,0,0,0,0
JD_11448917,2021-02-28,2,2,2,0,0,0,0
JD_11448916,2021-02-28,0,0,0,0,0,0,0
JD_11448915,2021-02-28,0,0,0,0,0,0,0
JD_11448914,2021-02-28,0,0,0,0,0,0,0
JD_11448913,2021-02-28,3,1,2,0,0,0,0
JD_11448912,2021-02-28,1,1,1,0,0,0,0
JD_11448911,2021-02-28,1,1,1,0,0,0,0
JD_11448910,2021-02-28,1,1,1,0,0,0,0
JD_11448909,2021-02-28,1,1,1,0,0,0,0
JD_11448908,2021-02-28,0,0,0,0,0,0,0
JD_11448907,2021-02-28,2,2,1,0,0,0,0
JD_11448905,2021-02-28,2,1,1,0,0,0,0
JD_11448904,2021-02-28,0,0,0,0,0,0,0
JD_11448903,2021-02-28,28,23,15,0,0,0,0
JD_11448902,2021-02-28,0,0,0,0,0,0,0
JD_11448901,2021-02-28,1,1,1,0,0,0,0
JD_11448900,2021-02-28,3,3,1,0,0,0,0
JD_11448899,2021-02-28,11,7,6,0,1,0,0
JD_11448897,2021-02-28,0,0,0,0,0,0,0
JD_11448896,2021-02-28,0,0,0,0,0,0,0
JD_11448895,2021-02-28,0,0,0,0,0,0,0
JD_11448893,2021-02-28,0,0,0,0,0,0,0
JD_11448892,2021-02-28,0,0,0,0,0,0,0
JD_11448891,2021-02-28,8,1,7,0,1,0,0
JD_11448890,2021-02-28,30,20,13,0,0,0,1
JD_11448889,2021-02-28,0,0,0,0,0,0,0
JD_11448885,2021-02-28,2,1,2,0,0,0,0
JD_11448883,2021-02-28,2,2,1,0,0,0,0
JD_11448882,2021-02-28,64,41,39,0,0,0,0
JD_11448878,2021-02-28,0,0,0,0,0,0,0
JD_11448876,2021-02-28,16,12,9,0,0,0,0
JD_11448875,2021-02-28,19,12,18,0,0,0,0
JD_11448873,2021-02-28,0,0,0,0,0,0,0
JD_11448872,2021-02-28,294,193,227,0,1,1,0
JD_11448871,2021-02-28,1,1,1,0,0,0,0
JD_11448868,2021-02-28,2,0,0,2,0,0,0
JD_11448867,2021-02-28,1,1,0,0,0,0,0
JD_11448866,2021-02-28,2,1,1,0,0,0,0
JD_11448865,2021-02-28,63,35,39,0,0,0,2
JD_11448863,2021-02-28,0,0,0,0,0,0,0
JD_11448861,2021-02-28,0,0,0,0,0,0,0
JD_11448860,2021-02-28,6,2,4,0,0,0,0
JD_11448857,2021-02-28,0,0,0,0,0,0,0
JD_11448856,2021-02-28,0,0,0,0,0,0,0
JD_11448855,2021-02-28,0,0,0,0,0,0,0
JD_11448851,2021-02-28,1,1,0,0,0,0,0
JD_11448850,2021-02-28,0,0,0,0,0,0,0
JD_11448849,2021-02-28,0,0,0,0,0,0,0
JD_11448848,2021-02-28,0,0,0,0,0,0,0
JD_11448846,2021-02-28,0,0,0,0,0,0,0
JD_11448845,2021-02-28,0,0,0,0,0,0,0
JD_11448844,2021-02-28,0,0,0,0,0,0,0
JD_11448843,2021-02-28,0,0,0,0,0,0,0
JD_11448841,2021-02-28,0,0,0,0,0,0,0
JD_11448840,2021-02-28,0,0,0,0,0,0,0
JD_11448838,2021-02-28,0,0,0,0,0,0,0
JD_11448837,2021-02-28,0,0,0,0,0,0,0
JD_11448836,2021-02-28,0,0,0,0,0,0,0
JD_11448835,2021-02-28,0,0,0,0,0,0,0
JD_11448834,2021-02-28,0,0,0,0,0,0,0
JD_11448833,2021-02-28,0,0,0,0,0,0,0
JD_11448832,2021-02-28,0,0,0,0,0,0,0
JD_11448831,2021-02-28,0,0,0,0,0,0,0
JD_11448830,2021-02-28,1,1,0,0,0,0,0
JD_11448829,2021-02-28,0,0,0,0,0,0,0
JD_11448827,2021-02-28,0,0,0,0,0,0,0
JD_11448826,2021-02-28,0,0,0,0,0,0,0
JD_11448823,2021-02-28,0,0,0,0,0,0,0
