JD_11432214,2021-02-28,101,77,32,0,0,0,0
JD_11432213,2021-02-28,15,7,9,0,0,0,0
JD_11432212,2021-02-28,1,0,1,0,0,0,0
JD_11432209,2021-02-28,6,2,6,0,0,0,0
JD_11432208,2021-02-28,50,31,25,0,0,0,0
JD_11432206,2021-02-28,91,11,87,2,2,0,0
JD_11432205,2021-02-28,0,0,0,0,0,0,0
JD_11432204,2021-02-28,110,52,109,1,0,0,0
JD_11432202,2021-02-28,25,6,22,0,1,0,0
JD_11432197,2021-02-28,11,5,7,0,1,0,0
JD_11432193,2021-02-28,41,14,28,0,0,0,0
JD_11432192,2021-02-28,18,5,16,1,1,0,0
JD_11432187,2021-02-28,12,8,8,0,0,0,0
JD_11432186,2021-02-28,18,3,16,0,1,0,0
JD_11432185,2021-02-28,21,6,18,2,1,0,0
JD_11432183,2021-02-28,115,18,100,4,2,0,1
JD_11432182,2021-02-28,95,13,87,0,1,0,1
JD_11432179,2021-02-28,4,2,3,0,0,0,0
JD_11432178,2021-02-28,16,10,11,0,0,0,0
JD_11432177,2021-02-28,220,76,214,1,2,1,1
JD_11432175,2021-02-28,30,10,23,1,0,0,0
JD_11432174,2021-02-28,50,18,41,2,1,0,0
JD_11432173,2021-02-28,41,10,35,1,1,0,0
JD_11432172,2021-02-28,36,20,26,1,0,0,0
JD_11432171,2021-02-28,182,0,170,9,3,0,0
JD_11432170,2021-02-28,13,4,11,0,0,0,0
JD_11432169,2021-02-28,742,474,386,8,7,2,2
JD_11432167,2021-02-28,57,0,55,1,1,0,0
JD_11432166,2021-02-28,14,2,14,0,0,0,0
JD_11432165,2021-02-28,13,2,13,0,0,0,0
JD_11432164,2021-02-28,0,0,0,0,0,0,0
JD_11432163,2021-02-28,26,0,26,0,0,0,0
JD_11432162,2021-02-28,0,0,0,0,0,0,0
JD_11432159,2021-02-28,11,5,6,0,0,0,0
JD_11432158,2021-02-28,0,0,0,0,0,0,0
JD_11432140,2021-02-28,210,0,207,2,1,0,0
JD_11432138,2021-02-28,205,0,200,3,2,0,0
JD_11432137,2021-02-28,3,3,0,0,0,0,0
JD_11432132,2021-02-28,126,91,65,0,0,0,0
JD_11432128,2021-02-28,2,1,1,0,0,0,0
JD_11432127,2021-02-28,3,3,1,0,0,0,0
JD_11432125,2021-02-28,17,3,17,0,0,0,0
JD_11432124,2021-02-28,1,1,1,0,0,0,0
JD_11432122,2021-02-28,0,0,0,0,0,0,0
JD_11432121,2021-02-28,72,39,46,2,0,1,0
JD_11432120,2021-02-28,58,27,39,2,0,0,2
JD_11432119,2021-02-28,100,0,96,2,2,0,0
JD_11432118,2021-02-28,45,21,27,1,0,0,0
JD_11432117,2021-02-28,46,24,32,0,0,1,1
JD_11432116,2021-02-28,47,23,36,0,0,0,0
JD_11432115,2021-02-28,40,23,26,0,1,0,0
JD_11432114,2021-02-28,2,2,1,0,0,0,0
JD_11432113,2021-02-28,0,0,0,0,0,0,0
JD_11432112,2021-02-28,0,0,0,0,0,0,0
JD_11432111,2021-02-28,25,9,22,0,1,0,1
JD_11432110,2021-02-28,0,0,0,0,0,0,0
JD_11432109,2021-02-28,47,21,31,0,0,0,0
JD_11432107,2021-02-28,3,2,1,0,0,0,0
JD_11432106,2021-02-28,0,0,0,0,0,0,0
JD_11432105,2021-02-28,0,0,0,0,0,0,0
JD_11432099,2021-02-28,18,9,18,0,0,0,0
JD_11432097,2021-02-28,0,0,0,0,0,0,0
JD_11432096,2021-02-28,0,0,0,0,0,0,0
JD_11432095,2021-02-28,0,0,0,0,0,0,0
JD_11432094,2021-02-28,0,0,0,0,0,0,0
JD_11432093,2021-02-28,6,0,6,0,0,0,0
JD_11432092,2021-02-28,10,0,10,0,0,0,0
JD_11432091,2021-02-28,0,0,0,0,0,0,0
JD_11432084,2021-02-28,268,167,232,2,0,0,0
JD_11432083,2021-02-28,14,7,9,0,0,0,0
