JD_11502164,2021-02-28,19,5,16,0,1,0,0
JD_11502163,2021-02-28,24,0,24,0,0,0,0
JD_11502162,2021-02-28,21,0,21,0,0,0,0
JD_11502160,2021-02-28,8,2,7,1,0,0,0
JD_11502159,2021-02-28,94,52,69,0,0,0,0
JD_11502158,2021-02-28,13,8,10,0,0,0,0
JD_11502157,2021-02-28,351,192,250,2,0,0,0
JD_11502156,2021-02-28,6,2,3,1,0,0,0
JD_11502155,2021-02-28,4,1,3,0,0,0,0
JD_11502152,2021-02-28,120,60,114,1,0,0,0
JD_11502150,2021-02-28,6,1,5,1,0,0,0
JD_11502149,2021-02-28,41,1,41,0,0,0,0
JD_11502148,2021-02-28,9,0,9,0,0,0,0
JD_11502147,2021-02-28,2,0,2,0,0,0,0
JD_11502146,2021-02-28,10,0,10,0,0,0,0
JD_11502145,2021-02-28,46,36,19,1,0,0,0
JD_11502143,2021-02-28,11,1,11,0,0,0,0
JD_11502142,2021-02-28,12,0,12,0,0,0,0
JD_11502140,2021-02-28,87,45,77,0,1,0,0
JD_11502139,2021-02-28,2,2,2,0,0,0,0
JD_11502138,2021-02-28,178,105,145,1,1,0,0
JD_11502137,2021-02-28,100,0,97,1,2,0,0
JD_11502136,2021-02-28,3,3,3,0,0,0,0
JD_11502135,2021-02-28,57,20,52,1,1,0,0
JD_11502133,2021-02-28,2,0,2,0,0,0,0
JD_11502132,2021-02-28,6,1,6,0,0,0,0
JD_11502130,2021-02-28,242,186,177,1,1,1,1
JD_11502128,2021-02-28,27,1,27,0,0,0,0
JD_11502127,2021-02-28,1,0,1,0,0,0,0
JD_11502126,2021-02-28,0,0,0,0,0,0,0
JD_11502124,2021-02-28,35,28,11,0,0,0,0
JD_11502123,2021-02-28,220,140,116,4,0,0,1
JD_11502122,2021-02-28,65,39,36,1,0,0,0
JD_11502121,2021-02-28,10,1,8,2,0,0,0
JD_11502119,2021-02-28,98,8,94,2,0,0,0
JD_11502117,2021-02-28,23,1,23,0,0,0,1
JD_11502115,2021-02-28,1,0,1,0,0,0,0
JD_11502114,2021-02-28,5,2,4,1,0,0,0
JD_11502113,2021-02-28,110,70,81,0,0,0,0
JD_11502112,2021-02-28,4,2,2,0,0,0,0
JD_11502111,2021-02-28,48,32,34,0,0,0,0
JD_11502110,2021-02-28,4,3,4,0,0,0,0
JD_11502109,2021-02-28,7,4,6,0,0,0,0
JD_11502108,2021-02-28,12,6,10,0,0,0,0
JD_11502107,2021-02-28,10,5,6,0,0,0,0
JD_11502106,2021-02-28,10,6,7,0,0,0,0
JD_11502105,2021-02-28,0,0,0,0,0,0,0
JD_11502104,2021-02-28,0,0,0,0,0,0,0
JD_11502103,2021-02-28,4,4,2,0,0,0,0
JD_11502102,2021-02-28,18,15,5,0,0,0,0
JD_11502101,2021-02-28,1,1,0,0,0,0,0
JD_11502099,2021-02-28,7,7,4,0,0,0,0
JD_11502098,2021-02-28,0,0,0,0,0,0,0
JD_11502090,2021-02-28,26,9,23,0,0,0,0
JD_11502085,2021-02-28,39,26,23,0,0,0,0
JD_11502084,2021-02-28,6,0,6,0,0,0,0
JD_11502083,2021-02-28,40,0,37,0,3,0,0
JD_11502082,2021-02-28,193,8,191,2,0,0,0
JD_11502081,2021-02-28,50,23,50,0,0,0,0
JD_11502080,2021-02-28,4,4,2,0,0,0,0
JD_11502079,2021-02-28,20,10,17,0,0,0,0
JD_11502078,2021-02-28,0,0,0,0,0,0,0
JD_11502077,2021-02-28,1,1,1,0,0,0,0
JD_11502076,2021-02-28,54,26,36,1,0,0,0
JD_11502075,2021-02-28,29,20,13,0,0,0,0
JD_11502074,2021-02-28,14,9,6,0,0,0,0
JD_11502073,2021-02-28,34,20,22,0,0,0,0
JD_11502072,2021-02-28,41,32,18,1,0,0,0
JD_11502071,2021-02-28,4,3,2,0,0,0,0
JD_11502070,2021-02-28,29,7,26,0,0,0,0
