JD_12101664,2021-02-28,73,37,72,1,0,0,1
JD_12101663,2021-02-28,2,1,2,0,0,0,0
JD_12101662,2021-02-28,0,0,0,0,0,0,0
JD_12101661,2021-02-28,1300,1011,756,5,2,2,2
JD_12101660,2021-02-28,10,6,9,0,0,0,0
JD_12101659,2021-02-28,0,0,0,0,0,0,0
JD_12101658,2021-02-28,462,366,251,0,0,2,1
JD_12101657,2021-02-28,4,2,4,0,0,0,0
JD_12101656,2021-02-28,1461,1029,1411,3,0,1,3
JD_12101655,2021-02-28,2,2,0,0,0,0,0
JD_12101654,2021-02-28,52,32,51,0,2,1,0
JD_12101653,2021-02-28,4,3,4,0,0,0,0
JD_12101652,2021-02-28,90,37,87,2,0,0,1
JD_12101651,2021-02-28,3,2,2,0,0,0,0
JD_12101650,2021-02-28,45,32,45,0,0,0,0
JD_12101649,2021-02-28,1080,847,636,5,3,0,3
JD_12101648,2021-02-28,62,40,62,0,0,0,0
JD_12101647,2021-02-28,1429,1117,887,6,1,0,2
JD_12101646,2021-02-28,90,69,90,0,0,0,0
JD_12101645,2021-02-28,1165,903,582,5,6,1,1
JD_12101644,2021-02-28,0,0,0,0,0,0,0
JD_12101643,2021-02-28,1233,955,639,8,4,0,1
JD_12101642,2021-02-28,103,84,102,1,0,0,0
JD_12101641,2021-02-28,2,2,1,0,0,0,0
JD_12101640,2021-02-28,0,0,0,0,0,0,0
JD_12101639,2021-02-28,1233,936,744,6,8,0,0
JD_12101638,2021-02-28,48,35,48,0,0,0,1
JD_12101637,2021-02-28,1130,881,762,1,1,0,1
JD_12101636,2021-02-28,10,2,10,0,0,0,0
JD_12101635,2021-02-28,1450,1155,730,6,4,1,3
JD_12101634,2021-02-28,68,46,67,1,0,0,0
JD_12101633,2021-02-28,1073,831,639,2,1,0,3
JD_12101632,2021-02-28,107,86,107,0,0,0,0
JD_12101631,2021-02-28,664,527,402,0,2,0,0
JD_12101630,2021-02-28,71,52,70,0,1,0,1
JD_12101629,2021-02-28,5,4,1,0,0,0,0
JD_12101628,2021-02-28,55,34,55,0,0,0,1
JD_12101627,2021-02-28,36,28,26,0,0,0,0
JD_12101626,2021-02-28,68,41,68,0,0,0,0
JD_12101625,2021-02-28,23,18,20,0,1,0,0
JD_12101624,2021-02-28,75,47,57,0,0,0,1
JD_12101623,2021-02-28,11,7,11,0,0,0,0
JD_12101622,2021-02-28,519,231,478,2,0,0,6
JD_12101620,2021-02-28,27,22,27,0,0,0,0
JD_12101619,2021-02-28,6,4,3,0,0,0,0
JD_12101618,2021-02-28,6,4,6,0,0,0,0
JD_12101617,2021-02-28,91,72,48,0,1,2,0
JD_12101616,2021-02-28,54,31,53,1,0,0,0
JD_12101615,2021-02-28,12,9,9,0,0,0,0
JD_12101614,2021-02-28,27,7,27,0,0,0,0
JD_12101460,2021-02-28,3,3,2,0,0,0,0
JD_12101459,2021-02-28,2,2,0,0,0,0,0
JD_12101458,2021-02-28,2,2,0,0,0,0,0
JD_12101457,2021-02-28,1,1,1,0,0,0,0
JD_12101456,2021-02-28,18,15,8,0,1,0,1
JD_12101455,2021-02-28,14,11,13,0,0,0,0
JD_12101454,2021-02-28,5,5,2,0,0,0,0
JD_12101453,2021-02-28,10,9,9,0,1,0,0
JD_12101452,2021-02-28,3,1,3,0,0,0,0
JD_12101451,2021-02-28,13,11,12,0,0,0,0
JD_12101450,2021-02-28,0,0,0,0,0,0,0
JD_12101449,2021-02-28,4,4,2,0,0,0,0
JD_12101448,2021-02-28,10,9,4,0,0,0,0
JD_12101446,2021-02-28,12,5,12,0,0,0,0
JD_12101445,2021-02-28,17,14,10,0,1,0,0
JD_12101444,2021-02-28,22,0,22,0,0,0,0
JD_12101443,2021-02-28,19,17,10,0,0,0,0
JD_12101442,2021-02-28,437,334,192,0,2,1,1
JD_12101441,2021-02-28,25,18,19,0,0,0,0
JD_12101440,2021-02-28,0,0,0,0,0,0,0
