JD_11382049,2021-02-28,309,0,303,4,2,0,0
JD_11382048,2021-02-28,646,0,629,12,5,0,0
JD_11382047,2021-02-28,659,0,640,13,6,0,0
JD_11382046,2021-02-28,1131,0,1094,27,10,0,0
JD_11382044,2021-02-28,535,0,518,8,9,0,0
JD_11382043,2021-02-28,982,0,956,17,9,0,0
JD_11382042,2021-02-28,1,1,0,0,0,0,0
JD_11382041,2021-02-28,16,5,14,0,0,0,0
JD_11382040,2021-02-28,27,5,26,0,0,0,0
JD_11382039,2021-02-28,30,0,30,0,0,0,0
JD_11382038,2021-02-28,114,53,104,1,1,0,1
JD_11382037,2021-02-28,128,49,114,2,1,0,1
JD_11382036,2021-02-28,239,88,232,4,2,0,1
JD_11382035,2021-02-28,15,0,15,0,0,0,0
JD_11382031,2021-02-28,9,0,7,0,2,0,0
JD_11382029,2021-02-28,13,0,10,3,0,0,0
JD_11382028,2021-02-28,114,22,109,1,2,0,0
JD_11382027,2021-02-28,35,25,20,1,0,0,0
JD_11382026,2021-02-28,56,12,47,3,0,0,0
JD_11382025,2021-02-28,6,4,4,0,0,0,0
JD_11382023,2021-02-28,59,0,56,2,1,0,0
JD_11382022,2021-02-28,588,10,579,8,1,0,0
JD_11382020,2021-02-28,49,16,43,0,0,0,1
JD_11382016,2021-02-28,9,6,6,1,0,0,0
JD_11382015,2021-02-28,2,1,2,0,0,0,0
JD_11382014,2021-02-28,0,0,0,0,0,0,0
JD_11382013,2021-02-28,11,9,3,0,0,0,0
JD_11382012,2021-02-28,3,2,3,0,0,0,0
JD_11382011,2021-02-28,9,6,5,0,0,0,0
JD_11382010,2021-02-28,6,3,4,0,0,0,0
JD_11382009,2021-02-28,5,3,3,0,0,0,1
JD_11382008,2021-02-28,1,0,1,0,0,0,0
JD_11382007,2021-02-28,6,5,4,0,0,0,0
JD_11382006,2021-02-28,300,168,298,2,0,0,1
JD_11382005,2021-02-28,56401,42405,33170,63,17,71,60
JD_11382004,2021-02-28,24,17,15,0,0,0,0
JD_11382003,2021-02-28,17,8,12,0,0,0,0
JD_11382002,2021-02-28,73800,57937,33086,66,19,87,69
JD_11382001,2021-02-28,3104,451,3062,41,1,0,1
JD_11382000,2021-02-28,3271,358,3233,38,0,0,2
JD_11381999,2021-02-28,76304,60219,37160,66,18,95,70
JD_11381998,2021-02-28,86765,71536,42401,78,24,106,72
JD_11381997,2021-02-28,3401,318,3360,36,4,0,3
JD_11381996,2021-02-28,3758,300,3706,49,3,0,0
JD_11381995,2021-02-28,2962,326,2923,36,2,0,1
JD_11381994,2021-02-28,2546,179,2490,49,4,0,0
JD_11381993,2021-02-28,2875,242,2806,64,5,0,1
JD_11381992,2021-02-28,17195,10100,7599,91,13,11,6
JD_11381991,2021-02-28,204,83,201,1,2,0,0
JD_11381990,2021-02-28,233,117,229,2,0,0,0
JD_11381989,2021-02-28,2902,436,2867,33,2,0,1
JD_11381988,2021-02-28,223,105,221,0,2,0,0
JD_11381987,2021-02-28,551,247,550,0,0,1,0
JD_11381986,2021-02-28,722,395,715,4,1,0,0
JD_11381985,2021-02-28,1243,679,1228,10,2,1,1
JD_11381984,2021-02-28,501,216,493,4,2,0,0
JD_11381983,2021-02-28,1772,927,1759,13,0,0,3
JD_11381956,2021-02-28,3724,2322,2664,20,6,7,5
JD_11381954,2021-02-28,2,1,2,0,0,0,0
JD_11381953,2021-02-28,1,0,1,0,0,0,0
JD_11381952,2021-02-28,2,0,2,0,0,0,0
JD_11381947,2021-02-28,50,16,45,1,0,0,0
JD_11381945,2021-02-28,6,2,6,0,0,0,0
JD_11381944,2021-02-28,3,1,3,0,0,0,0
JD_11381940,2021-02-28,3,1,3,0,0,0,0
JD_11381939,2021-02-28,50,44,31,0,0,0,0
JD_11381937,2021-02-28,101,52,58,0,0,0,0
JD_11381929,2021-02-28,52,2,52,0,0,0,0
JD_11381925,2021-02-28,47,1,47,0,0,0,0
JD_11381923,2021-02-28,33,1,28,4,1,0,0
