JD_11462003,2021-02-28,65,35,43,0,0,0,0
JD_11462002,2021-02-28,17,4,15,1,0,0,0
JD_11462001,2021-02-28,21,9,15,1,0,0,0
JD_11462000,2021-02-28,41,31,16,0,2,0,0
JD_11461998,2021-02-28,86,57,50,0,0,0,0
JD_11461997,2021-02-28,16,6,13,0,0,0,0
JD_11461996,2021-02-28,2,0,2,0,0,0,0
JD_11461995,2021-02-28,0,0,0,0,0,0,0
JD_11461994,2021-02-28,1,0,1,0,0,0,0
JD_11461993,2021-02-28,58,25,48,0,1,0,0
JD_11461992,2021-02-28,5,4,2,0,0,0,0
JD_11461989,2021-02-28,6,3,4,0,0,0,0
JD_11461987,2021-02-28,6,1,5,0,0,0,0
JD_11461986,2021-02-28,4,1,4,0,0,0,0
JD_11461985,2021-02-28,150,116,82,0,0,0,0
JD_11461984,2021-02-28,23,17,16,0,0,0,0
JD_11461982,2021-02-28,2,2,0,0,0,0,0
JD_11461981,2021-02-28,2,2,2,0,0,0,0
JD_11461980,2021-02-28,19,15,16,0,0,0,0
JD_11461978,2021-02-28,13,6,7,0,0,0,0
JD_11461977,2021-02-28,4,3,2,0,0,0,0
JD_11461976,2021-02-28,20,14,6,0,0,0,0
JD_11461975,2021-02-28,79,53,68,0,1,0,1
JD_11461974,2021-02-28,947,641,668,4,5,1,0
JD_11461973,2021-02-28,53,2,53,0,0,0,0
JD_11461972,2021-02-28,52,30,37,1,0,0,0
JD_11461971,2021-02-28,30,12,25,2,0,0,0
JD_11461969,2021-02-28,5,1,3,0,1,0,0
JD_11461967,2021-02-28,161,92,98,1,1,0,1
JD_11461966,2021-02-28,108,71,106,1,0,0,0
JD_11461965,2021-02-28,39,20,32,0,0,0,0
JD_11461964,2021-02-28,134,95,132,2,0,0,1
JD_11461963,2021-02-28,108,85,68,0,0,0,1
JD_11461962,2021-02-28,46,39,18,0,0,0,0
JD_11461961,2021-02-28,189,151,79,0,0,0,0
JD_11461960,2021-02-28,46,12,45,1,0,0,0
JD_11461959,2021-02-28,12,0,12,0,0,0,0
JD_11461958,2021-02-28,103,82,36,1,0,0,0
JD_11461957,2021-02-28,37,22,19,0,0,0,0
JD_11461955,2021-02-28,416,327,232,3,3,0,0
JD_11461954,2021-02-28,50,19,39,0,1,0,1
JD_11461952,2021-02-28,8,8,3,0,0,0,0
JD_11461951,2021-02-28,1,1,0,0,0,0,0
JD_11461950,2021-02-28,412,317,233,1,0,0,0
JD_11461949,2021-02-28,9,5,8,0,0,0,0
JD_11461948,2021-02-28,92,62,41,1,0,1,0
JD_11461947,2021-02-28,6,3,5,0,0,0,0
JD_11461946,2021-02-28,23,20,16,0,0,0,0
JD_11461945,2021-02-28,12,4,12,0,0,0,0
JD_11461944,2021-02-28,390,260,232,1,2,0,1
JD_11461942,2021-02-28,4,1,3,1,0,0,0
JD_11461941,2021-02-28,5,5,1,0,0,0,0
JD_11461940,2021-02-28,1,1,0,0,0,0,0
JD_11461939,2021-02-28,133,76,122,0,0,0,0
JD_11461938,2021-02-28,0,0,0,0,0,0,0
JD_11461937,2021-02-28,0,0,0,0,0,0,0
JD_11461936,2021-02-28,0,0,0,0,0,0,0
JD_11461935,2021-02-28,3,2,1,0,0,0,0
JD_11461934,2021-02-28,2,2,0,0,0,0,0
JD_11461933,2021-02-28,0,0,0,0,0,0,0
JD_11461931,2021-02-28,5,3,2,0,0,0,0
JD_11461930,2021-02-28,6,3,6,0,0,0,0
JD_11461929,2021-02-28,0,0,0,0,0,0,0
JD_11461928,2021-02-28,2,2,1,0,0,0,0
JD_11461927,2021-02-28,11,5,9,1,0,0,0
JD_11461926,2021-02-28,13,9,9,0,0,0,0
JD_11461924,2021-02-28,5,0,5,0,0,0,0
JD_11461919,2021-02-28,15,6,15,0,0,0,0
JD_11461917,2021-02-28,7,0,7,0,0,0,0
JD_11461916,2021-02-28,58,0,58,0,0,0,0
