JD_12390174,2021-02-28,11,7,5,0,0,0,0
JD_12390173,2021-02-28,2,1,2,0,0,0,0
JD_12390172,2021-02-28,377,302,243,0,0,0,1
JD_12390171,2021-02-28,11,8,4,0,0,0,0
JD_12390170,2021-02-28,2,1,1,0,0,0,0
JD_12390169,2021-02-28,0,0,0,0,0,0,0
JD_12390168,2021-02-28,69,60,41,1,0,0,0
JD_12390167,2021-02-28,1,1,1,0,0,0,0
JD_12390166,2021-02-28,5,4,1,0,0,0,0
JD_12390165,2021-02-28,8,7,3,0,0,0,0
JD_12390164,2021-02-28,18,15,8,0,0,0,0
JD_12390163,2021-02-28,2,2,0,0,0,0,0
JD_12390162,2021-02-28,0,0,0,0,0,0,0
JD_12390161,2021-02-28,3,3,0,0,0,0,0
JD_12390160,2021-02-28,18,18,8,0,0,0,0
JD_12390159,2021-02-28,2,1,1,0,0,0,0
JD_12390158,2021-02-28,50,47,33,0,0,0,0
JD_12390157,2021-02-28,193,163,87,0,0,0,2
JD_12390156,2021-02-28,2,2,1,0,0,0,0
JD_12390155,2021-02-28,12,11,0,0,1,0,0
JD_12390154,2021-02-28,281,243,62,1,1,1,1
JD_12390153,2021-02-28,9,6,3,0,0,0,0
JD_12390152,2021-02-28,604,491,176,1,2,1,0
JD_12390151,2021-02-28,1,1,0,0,0,0,0
JD_12390150,2021-02-28,0,0,0,0,0,0,0
JD_12390149,2021-02-28,13,11,5,0,0,0,0
JD_12390148,2021-02-28,77,67,21,0,0,0,0
JD_12390147,2021-02-28,79,71,41,0,0,0,1
JD_12390146,2021-02-28,205,172,63,0,0,0,1
JD_12390145,2021-02-28,206,177,60,0,0,0,0
JD_12390144,2021-02-28,84,69,30,0,0,1,0
JD_12390143,2021-02-28,9,6,3,0,0,0,0
JD_12390142,2021-02-28,220,184,74,0,0,0,0
JD_12390141,2021-02-28,7,5,1,1,0,0,0
JD_12390140,2021-02-28,609,500,279,2,0,0,1
JD_12390139,2021-02-28,5,5,0,0,0,0,0
JD_12390138,2021-02-28,167,148,34,0,0,0,0
JD_12390137,2021-02-28,1,1,0,0,0,0,0
JD_12390136,2021-02-28,61,54,17,0,0,0,0
JD_12390135,2021-02-28,5,4,2,0,0,0,1
JD_12390134,2021-02-28,89,74,28,0,0,0,0
JD_12390133,2021-02-28,10,10,1,0,0,0,0
JD_12390132,2021-02-28,36,24,22,0,0,0,0
JD_12390131,2021-02-28,24,21,5,0,0,0,0
JD_12390130,2021-02-28,7,6,1,0,0,0,0
JD_12390129,2021-02-28,18,15,5,0,0,0,0
JD_12390128,2021-02-28,18,11,9,0,0,0,0
JD_12390127,2021-02-28,70,54,24,0,1,0,1
JD_12390126,2021-02-28,232,192,82,0,0,0,0
JD_12390125,2021-02-28,17675,15002,4580,19,21,7,37
JD_12390124,2021-02-28,40,36,15,0,0,0,0
JD_12390123,2021-02-28,6,5,3,0,0,0,0
JD_12390122,2021-02-28,168,140,51,0,0,0,2
JD_12390121,2021-02-28,4,2,3,0,0,0,0
JD_12390120,2021-02-28,82,69,16,0,0,0,1
JD_12390119,2021-02-28,0,0,0,0,0,0,0
JD_12390118,2021-02-28,666,524,265,0,0,0,4
JD_12390117,2021-02-28,1,1,0,0,0,0,0
JD_12390116,2021-02-28,384,304,134,0,0,0,1
JD_12390114,2021-02-28,230,193,72,0,0,1,0
JD_12390113,2021-02-28,1,1,0,0,0,0,0
JD_12390112,2021-02-28,38,31,9,1,0,0,1
JD_12390111,2021-02-28,45,38,16,0,0,0,0
JD_12390110,2021-02-28,160,122,153,0,2,0,0
JD_12390109,2021-02-28,132,116,65,0,2,0,0
JD_12390108,2021-02-28,164,138,74,0,0,0,0
JD_12390106,2021-02-28,49,43,15,0,0,0,0
JD_12390104,2021-02-28,17,14,5,0,0,0,0
JD_12390103,2021-02-28,6,5,4,0,0,0,0
JD_12390102,2021-02-28,773,559,729,1,3,2,3
