JD_11311786,2021-02-28,17,4,16,0,0,0,0
JD_11311785,2021-02-28,3,0,3,0,0,0,0
JD_11311783,2021-02-28,4,4,4,0,0,0,0
JD_11311782,2021-02-28,88,46,81,2,0,0,0
JD_11311781,2021-02-28,1,0,1,0,0,0,0
JD_11311780,2021-02-28,12,5,12,0,0,0,0
JD_11311775,2021-02-28,0,0,0,0,0,0,0
JD_11311774,2021-02-28,929,0,872,39,18,0,0
JD_11311772,2021-02-28,640,0,624,13,3,0,0
JD_11311771,2021-02-28,161,0,148,5,8,0,0
JD_11311770,2021-02-28,258,0,224,26,8,0,0
JD_11311767,2021-02-28,579,0,562,15,2,0,0
JD_11311765,2021-02-28,1152,0,1071,63,18,0,0
JD_11311764,2021-02-28,11,4,10,0,0,0,0
JD_11311763,2021-02-28,34,2,30,1,1,0,0
JD_11311762,2021-02-28,22,0,20,1,1,0,0
JD_11311761,2021-02-28,79,1,72,4,2,0,0
JD_11311760,2021-02-28,35,6,27,3,2,0,0
JD_11311757,2021-02-28,83,6,79,3,1,0,0
JD_11311753,2021-02-28,0,0,0,0,0,0,0
JD_11311751,2021-02-28,464,0,461,2,1,0,0
JD_11311750,2021-02-28,0,0,0,0,0,0,0
JD_11311749,2021-02-28,0,0,0,0,0,0,0
JD_11311748,2021-02-28,0,0,0,0,0,0,0
JD_11311747,2021-02-28,0,0,0,0,0,0,0
JD_11311745,2021-02-28,0,0,0,0,0,0,0
JD_11311744,2021-02-28,0,0,0,0,0,0,0
JD_11311743,2021-02-28,0,0,0,0,0,0,0
JD_11311742,2021-02-28,0,0,0,0,0,0,0
JD_11311741,2021-02-28,0,0,0,0,0,0,0
JD_11311740,2021-02-28,14,3,14,0,0,0,0
JD_11311739,2021-02-28,48,17,36,1,0,0,0
JD_11311738,2021-02-28,0,0,0,0,0,0,0
JD_11311737,2021-02-28,10520,7574,9631,61,44,9,20
JD_11311735,2021-02-28,901,413,882,9,0,0,1
JD_11311734,2021-02-28,19,1,17,1,1,0,0
JD_11311733,2021-02-28,538,47,504,21,4,0,1
JD_11311732,2021-02-28,21,0,21,0,0,0,0
JD_11311731,2021-02-28,13,4,12,0,1,0,0
JD_11311730,2021-02-28,295,206,145,1,4,1,0
JD_11311729,2021-02-28,15,0,13,2,0,0,0
JD_11311728,2021-02-28,512,8,475,29,8,0,0
JD_11311727,2021-02-28,6,0,5,0,1,0,0
JD_11311726,2021-02-28,3,0,3,0,0,0,0
JD_11311725,2021-02-28,45,18,36,0,3,0,0
JD_11311724,2021-02-28,4,0,4,0,0,0,0
JD_11311723,2021-02-28,10,3,7,1,0,0,0
JD_11311722,2021-02-28,7,1,7,0,0,0,0
JD_11311721,2021-02-28,367,0,356,8,3,0,0
JD_11311720,2021-02-28,1,0,1,0,0,0,0
JD_11311719,2021-02-28,41,18,33,0,2,0,0
JD_11311718,2021-02-28,58,20,47,1,4,0,0
JD_11311717,2021-02-28,39,15,33,0,1,0,0
JD_11311716,2021-02-28,0,0,0,0,0,0,0
JD_11311715,2021-02-28,0,0,0,0,0,0,0
JD_11311714,2021-02-28,12,9,7,0,0,0,0
JD_11311713,2021-02-28,12,2,12,0,0,0,0
JD_11311712,2021-02-28,1,1,1,0,0,0,0
JD_11311711,2021-02-28,4,4,1,0,0,0,0
JD_11311709,2021-02-28,3,2,2,0,0,0,0
JD_11311708,2021-02-28,0,0,0,0,0,0,0
JD_11311707,2021-02-28,1,0,1,0,0,0,0
JD_11311705,2021-02-28,14,12,6,0,0,0,0
JD_11311704,2021-02-28,4,3,1,0,0,0,0
JD_11311703,2021-02-28,2,1,2,0,0,0,0
JD_11311702,2021-02-28,4,1,3,0,0,0,0
JD_11311701,2021-02-28,9,1,9,0,0,0,0
JD_11311699,2021-02-28,0,0,0,0,0,0,0
JD_11311698,2021-02-28,7,5,2,0,0,0,0
JD_11311694,2021-02-28,13,6,12,1,0,0,0
