JD_11541453,2021-02-28,3369,2029,3349,12,7,3,8
JD_11541452,2021-02-28,445,364,88,0,1,1,1
JD_11541451,2021-02-28,8,3,5,0,0,0,0
JD_11541450,2021-02-28,496,374,315,0,0,1,2
JD_11541449,2021-02-28,34,7,32,1,1,0,0
JD_11541448,2021-02-28,13,0,12,1,0,0,0
JD_11541447,2021-02-28,156,89,106,3,2,0,0
JD_11541446,2021-02-28,5,0,5,0,0,0,0
JD_11541445,2021-02-28,75,52,31,0,0,0,0
JD_11541444,2021-02-28,3,2,2,0,0,0,0
JD_11541443,2021-02-28,22,15,16,0,0,0,0
JD_11541442,2021-02-28,84,65,37,0,0,0,0
JD_11541441,2021-02-28,273,184,134,2,2,0,0
JD_11541440,2021-02-28,3,2,2,0,0,0,0
JD_11541439,2021-02-28,9,5,9,0,0,0,0
JD_11541438,2021-02-28,10,4,10,0,0,0,0
JD_11541437,2021-02-28,3,3,1,0,0,0,0
JD_11541436,2021-02-28,8,3,8,0,0,0,0
JD_11541435,2021-02-28,67,33,64,2,1,0,0
JD_11541434,2021-02-28,39,25,37,0,0,0,0
JD_11541433,2021-02-28,6,3,4,0,0,0,0
JD_11541432,2021-02-28,20,13,17,0,0,0,0
JD_11541431,2021-02-28,23,8,22,1,0,0,0
JD_11541430,2021-02-28,2472,1452,1004,6,10,2,3
JD_11541429,2021-02-28,427,0,417,6,4,0,0
JD_11541428,2021-02-28,16,7,11,0,0,0,0
JD_11541427,2021-02-28,3,3,0,0,0,0,0
JD_11541426,2021-02-28,6,1,4,1,0,0,0
JD_11541425,2021-02-28,8,3,8,0,0,0,0
JD_11541424,2021-02-28,1,0,1,0,0,0,0
JD_11541423,2021-02-28,156,118,71,0,0,0,0
JD_11541422,2021-02-28,626,342,441,6,3,0,1
JD_11541421,2021-02-28,88,61,51,2,0,0,0
JD_11541420,2021-02-28,7,0,7,0,0,0,0
JD_11541419,2021-02-28,116,64,116,0,0,0,0
JD_11541418,2021-02-28,2,2,0,0,0,0,0
JD_11541417,2021-02-28,105,71,66,1,0,0,1
JD_11541416,2021-02-28,100,62,67,1,0,0,0
JD_11541415,2021-02-28,58,34,37,0,1,0,1
JD_11541414,2021-02-28,19,16,11,0,0,0,0
JD_11541412,2021-02-28,4,4,2,0,0,0,0
JD_11541411,2021-02-28,4,0,4,0,0,0,0
JD_11541410,2021-02-28,0,0,0,0,0,0,0
JD_11541409,2021-02-28,0,0,0,0,0,0,0
JD_11541408,2021-02-28,3,0,3,0,0,0,0
JD_11541404,2021-02-28,1,1,1,0,0,0,0
JD_11541403,2021-02-28,1,1,0,0,0,0,0
JD_11541401,2021-02-28,23,4,22,1,0,1,0
JD_11541400,2021-02-28,477,222,448,6,5,0,3
JD_11541399,2021-02-28,17,12,9,0,0,0,0
JD_11541398,2021-02-28,67,47,37,0,0,0,0
JD_11541397,2021-02-28,58,21,55,1,1,0,0
JD_11541396,2021-02-28,37,25,19,2,1,0,0
JD_11541395,2021-02-28,1,1,0,0,0,0,0
JD_11541394,2021-02-28,12,8,12,0,0,0,0
JD_11541393,2021-02-28,208,155,113,2,0,0,1
JD_11541392,2021-02-28,1,0,1,0,0,0,0
JD_11541391,2021-02-28,2,2,0,0,0,0,0
JD_11541390,2021-02-28,2,1,1,0,0,0,0
JD_11541389,2021-02-28,15,13,7,0,0,0,0
JD_11541388,2021-02-28,0,0,0,0,0,0,0
JD_11541387,2021-02-28,0,0,0,0,0,0,0
JD_11541386,2021-02-28,0,0,0,0,0,0,0
JD_11541385,2021-02-28,65,52,23,0,0,0,0
JD_11541383,2021-02-28,7,2,6,0,0,0,0
JD_11541382,2021-02-28,2,1,1,0,0,0,0
JD_11541380,2021-02-28,9,5,7,1,0,0,0
JD_11541379,2021-02-28,15,11,6,0,0,0,0
JD_11541378,2021-02-28,8,5,3,0,0,0,0
JD_11541377,2021-02-28,4,3,4,0,0,0,0
