JD_12086783,2021-02-28,68,55,68,0,0,0,0
JD_12086782,2021-02-28,50,20,50,0,0,0,0
JD_12086781,2021-02-28,32,24,32,0,0,0,0
JD_12086780,2021-02-28,2,2,0,0,0,0,0
JD_12086779,2021-02-28,3,3,1,0,0,0,0
JD_12086778,2021-02-28,114,89,56,0,1,0,0
JD_12086777,2021-02-28,32,24,21,0,0,0,1
JD_12086776,2021-02-28,3,2,3,0,0,0,0
JD_12086775,2021-02-28,24,18,14,0,0,0,0
JD_12086774,2021-02-28,3,3,3,0,0,0,0
JD_12086773,2021-02-28,10,8,5,0,0,0,0
JD_12086772,2021-02-28,29,1,26,1,2,0,0
JD_12086771,2021-02-28,375,296,279,0,0,1,0
JD_12086770,2021-02-28,4,2,2,0,0,0,0
JD_12086769,2021-02-28,278,202,270,1,0,0,0
JD_12086768,2021-02-28,3,3,3,0,0,0,0
JD_12086767,2021-02-28,287,203,284,2,1,1,2
JD_12086766,2021-02-28,7,5,2,0,0,0,0
JD_12086765,2021-02-28,22,16,20,0,0,0,0
JD_12086764,2021-02-28,22,1,22,0,0,0,0
JD_12086763,2021-02-28,369,280,368,1,0,0,0
JD_12086762,2021-02-28,6,5,1,0,0,0,0
JD_12086761,2021-02-28,179,125,177,2,0,0,0
JD_12086760,2021-02-28,45,27,44,0,0,0,0
JD_12086759,2021-02-28,566,444,372,1,0,0,3
JD_12086757,2021-02-28,127,91,67,0,0,0,0
JD_12086756,2021-02-28,3,2,2,0,0,0,0
JD_12086755,2021-02-28,88,55,87,0,1,0,1
JD_12086754,2021-02-28,0,0,0,0,0,0,0
JD_12086753,2021-02-28,207,168,204,0,0,0,3
JD_12086750,2021-02-28,63,47,35,0,1,2,0
JD_12086748,2021-02-28,2,2,2,0,0,0,0
JD_12086746,2021-02-28,3,1,2,0,0,0,0
JD_12086744,2021-02-28,2,2,2,0,0,0,0
JD_12086742,2021-02-28,7,6,7,0,0,0,0
JD_12086740,2021-02-28,9,8,3,0,0,0,0
JD_12086739,2021-02-28,46,31,46,0,0,0,0
JD_12086737,2021-02-28,62,49,60,0,1,0,0
JD_12086735,2021-02-28,453,313,449,0,0,0,0
JD_12086734,2021-02-28,60,54,31,0,1,0,0
JD_12086733,2021-02-28,127,105,124,1,0,0,0
JD_12086732,2021-02-28,0,0,0,0,0,0,0
JD_12086731,2021-02-28,32,22,32,0,0,0,1
JD_12086730,2021-02-28,0,0,0,0,0,0,0
JD_12086729,2021-02-28,52,50,20,0,0,0,0
JD_12086728,2021-02-28,6,6,6,0,0,0,0
JD_12086726,2021-02-28,42,37,42,0,0,0,0
JD_12086724,2021-02-28,30,3,30,0,0,0,0
JD_12086722,2021-02-28,0,0,0,0,0,0,0
JD_12086720,2021-02-28,0,0,0,0,0,0,0
JD_12086719,2021-02-28,664,498,432,1,1,3,0
JD_12086718,2021-02-28,36,29,26,0,0,0,1
JD_12086717,2021-02-28,86,58,52,2,0,0,1
JD_12086716,2021-02-28,14,13,13,0,0,0,0
JD_12086715,2021-02-28,401,262,399,1,0,1,0
JD_12086714,2021-02-28,3,2,1,0,0,0,0
JD_12086713,2021-02-28,486,343,483,2,1,0,1
JD_12086712,2021-02-28,1,1,1,0,0,0,0
JD_12086711,2021-02-28,166,104,165,0,1,0,0
JD_12086710,2021-02-28,0,0,0,0,0,0,0
JD_12086709,2021-02-28,48,30,47,0,1,0,0
JD_12086708,2021-02-28,0,0,0,0,0,0,0
JD_12086707,2021-02-28,109,81,108,0,1,0,0
JD_12086706,2021-02-28,4,1,4,0,0,0,1
JD_12086704,2021-02-28,9,8,4,0,0,0,0
JD_12086702,2021-02-28,5,3,3,0,0,0,0
JD_12086698,2021-02-28,41,23,39,0,1,0,1
JD_12086696,2021-02-28,0,0,0,0,0,0,0
JD_12086694,2021-02-28,1,0,1,0,0,0,0
JD_12086692,2021-02-28,32,21,24,0,0,0,0
