JD_12491473,2021-02-28,6,5,1,0,0,0,0
JD_12491472,2021-02-28,5,4,1,0,0,0,0
JD_12491470,2021-02-28,194,143,50,3,0,2,0
JD_12491467,2021-02-28,5,5,0,0,0,0,0
JD_12491466,2021-02-28,33,25,13,0,0,0,0
JD_12491464,2021-02-28,398,312,104,0,0,0,1
JD_12491462,2021-02-28,5,4,3,0,0,0,0
JD_12491460,2021-02-28,15,13,4,0,0,0,0
JD_12491457,2021-02-28,11,7,4,0,0,0,0
JD_12491445,2021-02-28,105,54,51,0,0,1,1
JD_12491442,2021-02-28,7,6,2,0,0,0,0
JD_12491433,2021-02-28,4,4,0,0,0,0,0
JD_12491432,2021-02-28,330,260,127,0,0,0,2
JD_12491431,2021-02-28,17,13,4,0,0,0,0
JD_12491427,2021-02-28,3,2,1,0,0,0,0
JD_12491426,2021-02-28,5425,4544,1501,4,7,6,8
JD_12491425,2021-02-28,21,16,3,1,1,0,0
JD_12491424,2021-02-28,61,55,9,1,0,0,0
JD_12491348,2021-02-28,65,53,20,0,0,0,0
JD_12491346,2021-02-28,195,154,43,1,0,0,2
JD_12491342,2021-02-28,80,69,14,0,0,0,0
JD_12491338,2021-02-28,11,10,0,1,0,0,0
JD_12491337,2021-02-28,81,58,23,0,0,0,0
JD_12491336,2021-02-28,7,5,2,0,0,0,0
JD_12491335,2021-02-28,153,119,34,0,0,0,0
JD_12491334,2021-02-28,53,47,7,0,0,0,0
JD_12491333,2021-02-28,35,23,12,0,0,0,1
