JD_12040385,2021-02-28,133,104,64,0,1,0,1
JD_12040384,2021-02-28,8,5,8,0,0,0,0
JD_12040383,2021-02-28,264,205,166,1,0,0,0
JD_12040382,2021-02-28,8,6,6,0,0,0,0
JD_12040381,2021-02-28,71,48,46,0,1,0,1
JD_12040380,2021-02-28,16,15,14,0,0,0,0
JD_12040379,2021-02-28,31,6,28,2,1,0,0
JD_12040378,2021-02-28,23,13,23,0,0,0,1
JD_12040377,2021-02-28,20,5,19,0,1,0,0
JD_12040376,2021-02-28,3,1,3,0,0,0,0
JD_12040375,2021-02-28,29,6,29,0,0,0,1
JD_12040374,2021-02-28,1,1,0,0,0,0,0
JD_12040373,2021-02-28,22,16,14,0,0,0,1
JD_12040372,2021-02-28,1,1,0,0,0,0,0
JD_12040370,2021-02-28,3,2,2,0,0,0,0
JD_12040369,2021-02-28,13,11,3,0,0,0,0
JD_12040368,2021-02-28,4,4,4,0,0,0,0
JD_12040367,2021-02-28,12,9,7,1,0,0,0
JD_12040364,2021-02-28,48,39,46,0,0,0,0
JD_12040363,2021-02-28,801,605,451,1,0,0,2
JD_12040362,2021-02-28,14,8,12,0,0,0,0
JD_12040361,2021-02-28,122,107,58,0,0,0,0
JD_12040359,2021-02-28,615,398,595,0,1,0,2
JD_12040358,2021-02-28,5,3,4,0,0,0,0
JD_12040357,2021-02-28,18,17,16,0,0,0,0
JD_12040356,2021-02-28,5,2,4,0,0,0,0
JD_12040355,2021-02-28,5,2,3,0,0,0,0
JD_12040353,2021-02-28,26,22,21,0,0,0,0
JD_12040351,2021-02-28,17,16,4,0,0,0,0
JD_12040349,2021-02-28,83,52,62,1,0,0,0
JD_12040347,2021-02-28,32,20,24,0,0,0,0
JD_12040345,2021-02-28,44,29,35,1,0,0,0
JD_12040344,2021-02-28,7,5,6,0,0,0,0
JD_12040343,2021-02-28,195,148,97,0,2,0,1
JD_12040342,2021-02-28,14,10,6,0,0,0,0
JD_12040341,2021-02-28,246,187,112,0,0,0,2
JD_12040340,2021-02-28,0,0,0,0,0,0,0
JD_12040339,2021-02-28,187,20,184,2,1,0,3
JD_12040338,2021-02-28,0,0,0,0,0,0,0
JD_12038598,2021-02-28,8,8,4,0,0,0,0
JD_12038597,2021-02-28,11,10,3,0,0,0,0
JD_12038596,2021-02-28,1,1,1,0,0,0,0
JD_12038595,2021-02-28,6,4,3,0,0,0,0
JD_12038594,2021-02-28,0,0,0,0,0,0,0
JD_12038593,2021-02-28,74,32,73,1,0,1,0
JD_12038592,2021-02-28,7,7,3,0,0,0,0
JD_12038591,2021-02-28,0,0,0,0,0,0,0
JD_12038590,2021-02-28,4,4,0,0,0,0,0
JD_12038589,2021-02-28,1,0,1,0,0,0,0
JD_12038588,2021-02-28,2,2,0,0,0,0,0
JD_12038587,2021-02-28,15,11,10,0,0,0,0
JD_12038585,2021-02-28,9,5,9,0,0,0,0
JD_12038584,2021-02-28,0,0,0,0,0,0,0
JD_12038583,2021-02-28,4,2,4,0,0,0,0
JD_12038582,2021-02-28,3,1,3,0,0,0,0
JD_12038581,2021-02-28,0,0,0,0,0,0,0
JD_12038580,2021-02-28,0,0,0,0,0,0,0
JD_12038579,2021-02-28,25,18,15,0,0,1,0
JD_12038578,2021-02-28,31,15,22,0,0,0,0
JD_12038577,2021-02-28,23,19,11,0,0,0,0
JD_12038576,2021-02-28,17,13,14,0,1,0,0
JD_12038575,2021-02-28,68,46,44,1,0,0,0
JD_12038574,2021-02-28,0,0,0,0,0,0,0
JD_12038573,2021-02-28,483,0,476,7,0,0,2
JD_12038571,2021-02-28,198,167,108,0,2,0,0
JD_12038570,2021-02-28,2,1,1,0,0,0,0
JD_12038569,2021-02-28,84,70,43,0,0,0,0
JD_12038568,2021-02-28,4,3,1,0,0,0,0
JD_12038567,2021-02-28,153,124,90,0,1,0,0
JD_12038566,2021-02-28,0,0,0,0,0,0,0
