JD_11422952,2021-02-28,33,20,18,0,0,0,0
JD_11422951,2021-02-28,19,13,18,0,0,0,0
JD_11422950,2021-02-28,12,7,12,0,0,0,0
JD_11422949,2021-02-28,3,3,0,0,0,0,0
JD_11422944,2021-02-28,13,10,7,0,0,0,0
JD_11422943,2021-02-28,4,4,3,0,0,0,0
JD_11422942,2021-02-28,3,2,1,0,0,0,0
JD_11422941,2021-02-28,626,316,612,8,6,0,2
JD_11422940,2021-02-28,4,2,4,0,0,0,0
JD_11422939,2021-02-28,3,3,0,0,0,0,0
JD_11422937,2021-02-28,3,3,1,0,0,0,0
JD_11422936,2021-02-28,4,3,4,0,0,0,0
JD_11422935,2021-02-28,10,6,5,0,0,0,0
JD_11422934,2021-02-28,41,27,28,0,0,0,0
JD_11422933,2021-02-28,2,2,1,0,0,0,0
JD_11422932,2021-02-28,96,64,78,1,0,0,0
JD_11422931,2021-02-28,22,10,18,0,0,0,0
JD_11422930,2021-02-28,4,3,1,0,0,0,0
JD_11422929,2021-02-28,29,24,17,0,0,0,0
JD_11422928,2021-02-28,108,56,76,2,0,0,0
JD_11422927,2021-02-28,47,25,31,1,0,0,0
JD_11422926,2021-02-28,18,17,12,0,0,0,0
JD_11422925,2021-02-28,6,3,4,0,0,0,0
JD_11422924,2021-02-28,6,6,3,0,0,0,0
JD_11422922,2021-02-28,12,7,10,0,0,0,0
JD_11422921,2021-02-28,10,8,3,0,0,0,0
JD_11422920,2021-02-28,0,0,0,0,0,0,0
JD_11422919,2021-02-28,135,82,134,0,1,0,1
JD_11422917,2021-02-28,3,1,2,0,0,0,0
JD_11422916,2021-02-28,0,0,0,0,0,0,0
JD_11422915,2021-02-28,0,0,0,0,0,0,0
JD_11422914,2021-02-28,9,3,9,0,0,0,0
JD_11422913,2021-02-28,5,4,4,0,0,0,0
JD_11422912,2021-02-28,5,2,3,0,0,0,0
JD_11422911,2021-02-28,61,47,40,1,0,0,0
JD_11422909,2021-02-28,4,3,4,0,0,0,0
JD_11422908,2021-02-28,1,1,0,0,0,0,0
JD_11422906,2021-02-28,275,1,255,16,3,0,0
JD_11422905,2021-02-28,0,0,0,0,0,0,0
JD_11422904,2021-02-28,3,2,1,0,0,0,0
JD_11422903,2021-02-28,205,153,205,0,0,0,0
JD_11422902,2021-02-28,3,2,2,0,0,0,0
JD_11422900,2021-02-28,3,2,1,0,0,0,0
JD_11422899,2021-02-28,1,1,1,0,0,0,0
JD_11422898,2021-02-28,1,0,1,0,0,0,0
JD_11422897,2021-02-28,1,0,1,0,0,0,0
JD_11422894,2021-02-28,2,1,2,0,0,0,0
JD_11422893,2021-02-28,19,9,14,0,0,0,1
JD_11422892,2021-02-28,13,0,13,0,0,0,0
JD_11422890,2021-02-28,8,7,1,0,0,0,0
JD_11422889,2021-02-28,1,1,0,0,0,0,0
JD_11422888,2021-02-28,15,8,14,0,0,0,0
JD_11422886,2021-02-28,2162,1004,1694,19,8,0,7
JD_11422885,2021-02-28,14,11,7,0,0,0,0
JD_11422884,2021-02-28,3,2,2,0,0,0,0
JD_11422883,2021-02-28,6,2,5,0,0,0,0
JD_11422882,2021-02-28,7,5,5,0,0,0,0
JD_11422881,2021-02-28,3,0,3,0,0,0,0
JD_11422880,2021-02-28,859,246,738,16,6,0,5
JD_11422879,2021-02-28,0,0,0,0,0,0,0
JD_11422878,2021-02-28,1,1,1,0,0,0,0
JD_11422877,2021-02-28,70,1,66,3,1,0,0
JD_11422876,2021-02-28,12,8,7,0,0,0,0
JD_11422875,2021-02-28,0,0,0,0,0,0,0
JD_11422874,2021-02-28,54,39,31,0,0,0,0
JD_11422873,2021-02-28,11,5,8,0,0,0,0
JD_11422872,2021-02-28,14,8,9,1,0,0,0
JD_11422871,2021-02-28,9,5,5,1,0,0,0
JD_11422870,2021-02-28,78,42,49,0,0,0,0
JD_11422869,2021-02-28,169,1,161,7,0,0,0
