JD_11545633,2021-02-28,1,0,1,0,0,0,0
JD_11545632,2021-02-28,175,94,137,0,0,0,0
JD_11545631,2021-02-28,5,1,3,0,1,0,0
JD_11545630,2021-02-28,7,0,7,0,0,0,0
JD_11545629,2021-02-28,414,285,326,2,2,1,1
JD_11545628,2021-02-28,18,0,18,0,0,0,0
JD_11545626,2021-02-28,9,7,9,0,0,0,0
JD_11545625,2021-02-28,0,0,0,0,0,0,0
JD_11545624,2021-02-28,1,1,0,0,0,0,0
JD_11545623,2021-02-28,156,0,151,3,2,0,0
JD_11545622,2021-02-28,0,0,0,0,0,0,0
JD_11545621,2021-02-28,5,0,5,0,0,0,0
JD_11545620,2021-02-28,60,33,57,0,0,0,0
JD_11545618,2021-02-28,127,92,119,0,0,0,2
JD_11545617,2021-02-28,116,87,89,0,0,0,0
JD_11545616,2021-02-28,152,128,73,0,0,0,0
JD_11545615,2021-02-28,13,1,13,0,0,0,0
JD_11545614,2021-02-28,0,0,0,0,0,0,0
JD_11545612,2021-02-28,1170,591,939,5,0,3,2
JD_11545611,2021-02-28,116,70,112,0,0,0,1
JD_11545610,2021-02-28,185,0,175,7,3,0,0
JD_11545609,2021-02-28,17,1,17,0,0,0,0
JD_11545608,2021-02-28,11,0,11,0,0,0,0
JD_11545607,2021-02-28,35,14,30,0,0,0,0
JD_11545606,2021-02-28,552,323,326,0,0,0,0
JD_11545605,2021-02-28,153,61,128,2,0,0,0
JD_11545604,2021-02-28,1948,1349,1192,4,2,2,0
JD_11545603,2021-02-28,7156,3258,7104,36,16,3,13
JD_11545602,2021-02-28,1702,840,1666,7,1,3,3
JD_11545601,2021-02-28,162,57,141,0,0,0,0
JD_11545600,2021-02-28,9,7,6,0,0,0,0
JD_11545599,2021-02-28,2,1,2,0,0,0,0
JD_11545598,2021-02-28,101,65,69,0,0,0,1
JD_11545597,2021-02-28,155,93,145,3,0,0,0
JD_11545596,2021-02-28,100,0,93,5,2,0,0
JD_11545595,2021-02-28,277,150,276,0,0,0,2
JD_11545594,2021-02-28,684,107,646,22,5,0,1
JD_11545593,2021-02-28,4,4,1,0,0,0,0
JD_11545592,2021-02-28,187,99,163,1,2,0,1
JD_11545591,2021-02-28,459,75,447,7,5,0,0
JD_11545590,2021-02-28,62,28,62,0,0,0,0
JD_11545589,2021-02-28,540,297,503,4,2,1,1
JD_11545587,2021-02-28,143,24,139,2,2,0,0
JD_11545586,2021-02-28,121,26,109,3,1,1,0
JD_11545585,2021-02-28,31,19,23,0,0,0,0
JD_11545583,2021-02-28,69,0,67,2,0,0,0
JD_11545582,2021-02-28,231,25,221,6,0,0,0
JD_11545581,2021-02-28,117,74,85,0,1,0,0
JD_11545580,2021-02-28,31,25,15,0,0,0,0
JD_11545579,2021-02-28,721,335,632,4,1,0,2
JD_11545578,2021-02-28,24,17,14,1,0,0,0
JD_11545577,2021-02-28,41,24,28,0,0,0,0
JD_11545576,2021-02-28,19,16,10,0,0,0,0
JD_11545575,2021-02-28,24,16,15,0,0,0,0
JD_11545571,2021-02-28,2,1,2,0,0,0,0
JD_11545570,2021-02-28,28,18,21,0,0,0,1
JD_11545569,2021-02-28,78,23,73,0,1,0,0
JD_11545568,2021-02-28,43,29,28,0,0,0,0
JD_11545567,2021-02-28,32,20,20,0,0,1,0
JD_11545566,2021-02-28,30,12,29,0,0,0,0
JD_11545565,2021-02-28,6,2,6,0,0,0,0
JD_11545564,2021-02-28,25,10,22,0,0,0,0
JD_11545563,2021-02-28,501,236,478,5,6,0,1
JD_11545562,2021-02-28,109,35,102,4,0,0,0
JD_11545561,2021-02-28,34,16,30,0,0,0,0
JD_11545560,2021-02-28,407,83,403,2,0,0,3
JD_11545559,2021-02-28,85,46,55,1,0,0,0
JD_11545558,2021-02-28,1763,1271,1214,5,2,1,1
JD_11545557,2021-02-28,434,1,369,27,38,0,0
JD_11545556,2021-02-28,14,0,14,0,0,0,0
