JD_11378441,2021-02-28,180,1,174,4,2,0,0
JD_11378440,2021-02-28,321,12,309,5,3,0,0
JD_11378437,2021-02-28,17579,15271,2963,17,12,7,11
JD_11378432,2021-02-28,1,1,1,0,0,0,0
JD_11378431,2021-02-28,172,117,113,0,1,0,0
JD_11378427,2021-02-28,36,12,32,1,2,0,0
JD_11378426,2021-02-28,102,49,98,1,1,1,0
JD_11378425,2021-02-28,1089,454,906,22,6,0,2
JD_11378424,2021-02-28,9,7,7,1,1,0,0
JD_11378423,2021-02-28,393,248,267,5,1,0,0
JD_11378422,2021-02-28,3,1,3,0,0,0,0
JD_11378420,2021-02-28,15,4,14,1,0,0,0
JD_11378419,2021-02-28,18,10,9,0,1,0,0
JD_11378418,2021-02-28,2,2,0,0,0,0,0
JD_11378416,2021-02-28,6,4,2,0,0,0,0
JD_11378415,2021-02-28,2,1,1,0,0,0,0
JD_11378414,2021-02-28,177,126,101,0,0,0,1
JD_11378412,2021-02-28,54,33,34,0,0,0,0
JD_11378411,2021-02-28,14,12,2,0,0,0,0
JD_11378410,2021-02-28,29,13,22,0,0,0,0
JD_11378409,2021-02-28,2,0,2,0,0,0,0
JD_11378405,2021-02-28,56,32,39,2,0,0,0
JD_11378404,2021-02-28,163,22,157,5,1,0,0
JD_11378400,2021-02-28,6,5,2,0,0,0,0
JD_11378399,2021-02-28,22,16,9,0,0,0,2
JD_11378398,2021-02-28,7,6,3,0,0,0,0
JD_11378397,2021-02-28,0,0,0,0,0,0,0
JD_11378395,2021-02-28,19,6,18,0,0,0,0
JD_11378394,2021-02-28,13,6,13,0,0,0,0
JD_11378393,2021-02-28,8,3,6,0,0,0,0
JD_11378392,2021-02-28,3,3,1,0,0,0,0
JD_11378391,2021-02-28,237,83,236,1,0,0,1
JD_11378390,2021-02-28,416,223,312,4,4,0,3
JD_11378389,2021-02-28,163,4,152,7,4,0,0
JD_11378388,2021-02-28,31,10,24,0,0,0,1
JD_11378387,2021-02-28,421,154,324,8,8,0,1
JD_11378386,2021-02-28,1,0,1,0,0,0,0
JD_11378384,2021-02-28,19,10,18,0,0,0,0
JD_11378383,2021-02-28,3318,4,3184,85,49,0,0
JD_11378382,2021-02-28,22,12,19,0,0,0,0
JD_11378380,2021-02-28,42,25,36,0,1,0,0
JD_11378379,2021-02-28,0,0,0,0,0,0,0
JD_11378378,2021-02-28,0,0,0,0,0,0,0
JD_11378377,2021-02-28,1,0,1,0,0,0,0
JD_11378375,2021-02-28,2,1,2,0,0,0,0
JD_11378374,2021-02-28,20,6,15,2,0,0,0
JD_11378372,2021-02-28,5,2,4,0,0,0,0
JD_11378371,2021-02-28,6,2,5,0,0,0,0
JD_11378365,2021-02-28,426,57,398,12,2,0,0
JD_11378364,2021-02-28,8,6,3,1,0,0,0
JD_11378363,2021-02-28,6,4,6,0,0,0,0
JD_11378362,2021-02-28,13,8,6,1,0,0,0
JD_11378361,2021-02-28,4,3,3,0,0,0,0
JD_11378359,2021-02-28,266,0,250,7,9,0,0
JD_11378358,2021-02-28,3435,2,3360,66,9,0,0
JD_11378355,2021-02-28,45,28,36,0,0,1,0
JD_11378351,2021-02-28,39,19,28,1,0,0,0
JD_11378350,2021-02-28,182,92,139,0,0,0,2
JD_11378349,2021-02-28,254,129,197,1,0,0,2
JD_11378348,2021-02-28,85,12,77,0,2,0,0
JD_11378347,2021-02-28,91,13,82,1,2,0,0
JD_11378346,2021-02-28,106,4,103,1,2,0,0
JD_11378344,2021-02-28,86,10,78,1,2,0,0
JD_11378343,2021-02-28,4366,103,4284,60,22,0,5
JD_11378342,2021-02-28,7,2,6,1,0,0,0
JD_11378340,2021-02-28,119,0,114,5,0,0,0
JD_11378339,2021-02-28,55,9,55,0,0,0,1
JD_11378330,2021-02-28,0,0,0,0,0,0,0
JD_11378324,2021-02-28,750,401,696,5,2,0,1
JD_11378318,2021-02-28,852,224,820,13,2,0,1
