JD_11500003,2021-02-28,0,0,0,0,0,0,0
JD_11500002,2021-02-28,0,0,0,0,0,0,0
JD_11500001,2021-02-28,5,4,5,0,0,0,0
JD_11500000,2021-02-28,66,46,34,0,0,0,2
JD_11499997,2021-02-28,69,26,58,1,0,0,0
JD_11499996,2021-02-28,46,30,32,0,1,0,0
JD_11499995,2021-02-28,77,54,51,1,0,0,1
JD_11499994,2021-02-28,396,235,308,4,2,1,2
JD_11499993,2021-02-28,49,30,32,1,0,0,1
JD_11499992,2021-02-28,108,82,70,1,1,0,1
JD_11499991,2021-02-28,89,65,51,0,0,0,1
JD_11499990,2021-02-28,75,48,52,0,0,0,1
JD_11499989,2021-02-28,72,42,46,1,1,0,0
JD_11499988,2021-02-28,89,64,50,0,0,0,0
JD_11499987,2021-02-28,442,330,208,5,1,2,3
JD_11499986,2021-02-28,56,33,37,0,0,0,1
JD_11499985,2021-02-28,271,147,215,2,3,1,1
JD_11499984,2021-02-28,810,605,519,3,1,1,1
JD_11499983,2021-02-28,99,43,76,0,0,0,0
JD_11499981,2021-02-28,4,3,3,0,0,0,0
JD_11499979,2021-02-28,1024,719,746,2,0,1,2
JD_11499978,2021-02-28,14,9,10,0,0,0,1
JD_11499977,2021-02-28,2,1,2,0,0,0,0
JD_11499972,2021-02-28,0,0,0,0,0,0,0
JD_11499968,2021-02-28,2,1,2,0,0,0,0
JD_11499967,2021-02-28,501,0,485,13,3,0,0
JD_11499965,2021-02-28,92,42,92,0,0,0,0
JD_11499962,2021-02-28,80,51,76,0,0,0,0
JD_11499961,2021-02-28,93,62,72,0,0,0,0
JD_11499960,2021-02-28,58,28,58,0,0,0,0
JD_11499959,2021-02-28,20,13,19,0,0,0,0
JD_11499957,2021-02-28,0,0,0,0,0,0,0
JD_11499956,2021-02-28,0,0,0,0,0,0,0
JD_11499954,2021-02-28,32,14,32,0,0,0,0
JD_11499952,2021-02-28,239,139,176,1,0,0,1
JD_11499951,2021-02-28,0,0,0,0,0,0,0
JD_11499950,2021-02-28,74,59,14,0,1,0,0
JD_11499948,2021-02-28,4,2,4,0,0,0,0
JD_11499947,2021-02-28,13,8,8,0,0,0,0
JD_11499946,2021-02-28,32,21,16,0,0,0,0
JD_11499944,2021-02-28,0,0,0,0,0,0,0
JD_11499943,2021-02-28,5,3,3,0,0,0,0
JD_11499942,2021-02-28,50,29,25,0,1,0,0
JD_11499941,2021-02-28,88,35,76,2,0,0,0
JD_11499939,2021-02-28,205,140,167,0,1,0,2
JD_11499935,2021-02-28,133,77,115,2,0,0,0
JD_11499934,2021-02-28,216,108,176,2,0,0,0
JD_11499933,2021-02-28,180,117,131,1,2,0,0
JD_11499931,2021-02-28,179,87,159,1,1,0,0
JD_11499930,2021-02-28,337,133,297,3,1,0,0
JD_11499929,2021-02-28,67,34,50,0,1,0,0
JD_11499928,2021-02-28,69,13,67,1,1,0,0
JD_11499925,2021-02-28,229,84,220,3,2,0,0
JD_11499924,2021-02-28,201,117,151,2,0,0,0
JD_11499923,2021-02-28,553,216,476,6,2,0,0
JD_11499922,2021-02-28,96,67,77,0,0,0,0
JD_11499921,2021-02-28,400,185,351,5,3,0,1
JD_11499920,2021-02-28,154,59,138,1,1,0,0
JD_11499919,2021-02-28,288,112,253,5,0,0,2
JD_11499918,2021-02-28,200,113,168,1,0,0,0
JD_11499917,2021-02-28,343,138,290,7,1,0,1
JD_11499916,2021-02-28,499,157,469,3,4,1,3
JD_11499915,2021-02-28,311,188,280,1,0,1,1
JD_11499914,2021-02-28,161,73,151,1,0,0,1
JD_11499913,2021-02-28,374,113,336,3,2,0,2
JD_11499909,2021-02-28,16,12,9,0,0,0,0
JD_11499908,2021-02-28,12,9,8,0,0,0,0
JD_11499907,2021-02-28,101,0,100,1,0,0,0
JD_11499906,2021-02-28,68,21,57,1,0,1,1
JD_11499905,2021-02-28,14,12,5,0,0,0,0
