JD_11328163,2021-02-28,101,68,58,1,2,0,1
JD_11328162,2021-02-28,16,0,16,0,0,0,0
JD_11328161,2021-02-28,22,8,11,2,1,0,0
JD_11328160,2021-02-28,45,4,43,1,1,0,0
JD_11328158,2021-02-28,0,0,0,0,0,0,0
JD_11328157,2021-02-28,0,0,0,0,0,0,0
JD_11328152,2021-02-28,18,6,15,1,0,0,0
JD_11328151,2021-02-28,0,0,0,0,0,0,0
JD_11328150,2021-02-28,3,2,1,0,0,0,0
JD_11328148,2021-02-28,135,42,130,5,0,0,0
JD_11328147,2021-02-28,1,1,0,0,0,0,0
JD_11328146,2021-02-28,3,1,2,0,0,0,0
JD_11328145,2021-02-28,7,6,1,0,0,0,0
JD_11328143,2021-02-28,11,1,9,1,0,0,0
JD_11328142,2021-02-28,0,0,0,0,0,0,0
JD_11328141,2021-02-28,33,24,16,0,1,0,0
JD_11328140,2021-02-28,81,2,81,0,0,0,0
JD_11328138,2021-02-28,0,0,0,0,0,0,0
JD_11328137,2021-02-28,1,0,0,1,0,0,0
JD_11328135,2021-02-28,14,9,8,0,0,0,0
JD_11328133,2021-02-28,6,6,3,0,0,0,0
JD_11328132,2021-02-28,5,2,3,0,0,0,0
JD_11328131,2021-02-28,2,2,0,0,0,0,0
JD_11328130,2021-02-28,0,0,0,0,0,0,0
JD_11328129,2021-02-28,5,2,5,0,0,0,0
JD_11328128,2021-02-28,2,0,1,1,0,0,0
JD_11328127,2021-02-28,2,1,1,0,0,0,0
JD_11328126,2021-02-28,2,0,2,0,0,0,0
JD_11328125,2021-02-28,46,32,33,1,0,0,0
JD_11328124,2021-02-28,3,3,0,0,0,0,0
JD_11328122,2021-02-28,3,2,2,0,0,0,0
JD_11328121,2021-02-28,14,7,13,0,0,0,0
JD_11328120,2021-02-28,4,2,2,0,0,0,0
JD_11328119,2021-02-28,1,0,1,0,0,0,0
JD_11328118,2021-02-28,1,1,0,0,0,0,0
JD_11328117,2021-02-28,3,0,3,0,0,0,0
JD_11328115,2021-02-28,0,0,0,0,0,0,0
JD_11328112,2021-02-28,0,0,0,0,0,0,0
JD_11328111,2021-02-28,0,0,0,0,0,0,0
JD_11328110,2021-02-28,2,0,1,0,1,0,0
JD_11328109,2021-02-28,0,0,0,0,0,0,0
JD_11328107,2021-02-28,17,3,16,0,0,0,0
JD_11328106,2021-02-28,20,9,15,0,0,0,0
JD_11328105,2021-02-28,464,281,331,4,2,1,4
JD_11328104,2021-02-28,863,0,830,28,5,0,0
JD_11328103,2021-02-28,36,19,27,1,0,0,0
JD_11328102,2021-02-28,37,25,23,0,0,0,0
JD_11328101,2021-02-28,156,3,156,0,0,0,0
JD_11328100,2021-02-28,500,294,332,0,2,0,1
JD_11328099,2021-02-28,108,52,68,1,0,0,0
JD_11328098,2021-02-28,9,0,9,0,0,0,0
JD_11328097,2021-02-28,4014,2989,2235,3,0,3,3
JD_11328096,2021-02-28,170,63,166,1,0,0,0
JD_11328095,2021-02-28,1444,732,1429,5,3,4,5
JD_11328094,2021-02-28,6504,4507,3292,14,6,4,18
JD_11328092,2021-02-28,28,16,18,0,1,0,0
JD_11328091,2021-02-28,31,13,26,0,0,0,0
JD_11328090,2021-02-28,215,171,193,0,1,1,0
JD_11328088,2021-02-28,2451,1532,1605,8,0,4,7
JD_11328087,2021-02-28,2859,1793,1958,3,1,7,5
JD_11328086,2021-02-28,80,56,78,0,0,0,0
JD_11328085,2021-02-28,88,66,69,0,0,1,0
JD_11328083,2021-02-28,2,2,1,0,0,0,0
JD_11328081,2021-02-28,13,10,9,0,0,0,0
JD_11328080,2021-02-28,3,3,2,0,0,0,0
JD_11328076,2021-02-28,1,1,0,0,0,0,0
JD_11328075,2021-02-28,22,14,21,1,0,0,0
JD_11328074,2021-02-28,0,0,0,0,0,0,0
JD_11328072,2021-02-28,1,0,1,0,0,0,0
JD_11328071,2021-02-28,2,1,1,0,0,0,0
