JD_12496876,2021-02-28,11,9,2,0,0,0,0
JD_12496875,2021-02-28,4,4,0,0,0,0,0
JD_12496874,2021-02-28,56,49,8,0,0,0,0
JD_12496873,2021-02-28,45,35,10,0,0,0,0
JD_12496871,2021-02-28,29,26,3,0,0,0,0
JD_12496870,2021-02-28,312,249,73,1,0,0,2
JD_12496869,2021-02-28,38,34,4,0,0,0,0
JD_12496868,2021-02-28,270,237,181,1,0,1,0
JD_12496867,2021-02-28,14,12,2,0,0,0,0
JD_12496866,2021-02-28,272,248,183,1,0,0,1
JD_12496865,2021-02-28,7,6,1,0,0,0,0
JD_12496864,2021-02-28,7,7,7,0,0,0,0
JD_12496863,2021-02-28,305,260,45,0,0,0,0
JD_12496862,2021-02-28,343,315,195,1,0,0,0
JD_12496861,2021-02-28,238,206,32,0,0,0,0
JD_12496860,2021-02-28,4,3,1,0,0,0,0
JD_12496859,2021-02-28,1,1,0,0,0,0,0
JD_12496858,2021-02-28,14,13,1,0,0,0,0
JD_12496857,2021-02-28,6,5,1,0,0,0,0
JD_12496856,2021-02-28,6,5,1,0,0,0,0
JD_12496855,2021-02-28,5,4,1,0,0,0,0
JD_12496854,2021-02-28,185,158,32,0,1,0,0
JD_12496853,2021-02-28,3,3,0,0,0,0,0
JD_12496852,2021-02-28,194,157,65,1,0,0,0
JD_12496851,2021-02-28,2,1,1,0,0,0,0
JD_12496850,2021-02-28,41,36,14,0,0,0,0
JD_12496560,2021-02-28,0,0,0,0,0,0,0
JD_12496559,2021-02-28,7,6,1,0,0,0,0
JD_12496558,2021-02-28,71,59,20,0,0,0,0
JD_12496557,2021-02-28,10,8,2,0,0,0,0
JD_12496556,2021-02-28,47,38,13,0,0,0,0
JD_12496555,2021-02-28,7,6,1,0,0,0,0
JD_12496554,2021-02-28,60,50,15,0,0,0,0
JD_12496553,2021-02-28,141,118,23,0,0,0,0
JD_12496552,2021-02-28,14,11,5,0,0,0,0
JD_12496551,2021-02-28,44,38,5,1,0,0,0
JD_12496550,2021-02-28,51,41,14,0,0,0,0
JD_12496549,2021-02-28,5,3,2,0,0,0,0
JD_12496548,2021-02-28,52,42,14,0,1,0,0
JD_12496547,2021-02-28,312,252,60,0,0,0,1
JD_12496546,2021-02-28,42,38,6,0,0,0,0
JD_12496545,2021-02-28,11,10,1,0,0,0,0
JD_12496544,2021-02-28,19,18,1,0,0,0,0
JD_12496543,2021-02-28,0,0,0,0,0,0,0
JD_12496542,2021-02-28,55,49,15,0,0,0,0
JD_12496541,2021-02-28,12,10,2,0,0,0,0
JD_12496540,2021-02-28,27,18,11,0,0,0,1
JD_12496468,2021-02-28,129,113,20,0,1,0,0
JD_12496467,2021-02-28,15,11,3,0,1,0,0
JD_12496466,2021-02-28,179,133,49,1,1,1,0
JD_12496465,2021-02-28,22,16,6,0,0,0,0
JD_12496464,2021-02-28,40,30,11,0,0,0,0
JD_12496463,2021-02-28,12,10,2,0,0,0,0
JD_12496462,2021-02-28,73,51,49,0,1,1,0
JD_12496461,2021-02-28,128,107,21,0,0,0,0
JD_12496460,2021-02-28,276,242,47,1,0,1,0
JD_12496459,2021-02-28,25,19,6,0,0,0,1
JD_12496458,2021-02-28,236,186,106,0,0,0,0
JD_12496457,2021-02-28,21,17,4,0,0,0,0
JD_12496456,2021-02-28,111,83,62,0,0,0,0
JD_12496455,2021-02-28,288,245,42,0,1,0,0
JD_12496454,2021-02-28,797,682,114,0,1,1,1
JD_12496453,2021-02-28,10,10,0,0,0,0,0
JD_12496452,2021-02-28,921,770,321,1,0,0,3
JD_12496451,2021-02-28,0,0,0,0,0,0,0
JD_12496450,2021-02-28,1064,941,123,0,0,0,0
JD_12496449,2021-02-28,11,10,1,0,0,0,0
JD_12496448,2021-02-28,21,18,5,0,0,0,0
JD_12496447,2021-02-28,38,33,5,0,0,0,0
JD_12496446,2021-02-28,1854,1509,445,9,5,1,5
