JD_11492210,2021-02-28,0,0,0,0,0,0,0
JD_11492209,2021-02-28,2,2,0,0,0,0,0
JD_11492205,2021-02-28,0,0,0,0,0,0,0
JD_11492204,2021-02-28,0,0,0,0,0,0,0
JD_11492203,2021-02-28,0,0,0,0,0,0,0
JD_11492201,2021-02-28,6,5,2,0,0,0,0
JD_11492200,2021-02-28,234,82,227,5,1,0,0
JD_11492199,2021-02-28,196,1,185,8,3,0,0
JD_11492198,2021-02-28,943,184,910,24,8,0,3
JD_11492195,2021-02-28,33,20,24,0,0,0,0
JD_11492194,2021-02-28,18,8,15,0,0,0,0
JD_11492193,2021-02-28,9,6,4,0,0,0,0
JD_11492192,2021-02-28,47,35,27,0,0,0,0
JD_11492191,2021-02-28,2,1,1,0,0,0,0
JD_11492190,2021-02-28,16,11,7,0,1,0,0
JD_11492189,2021-02-28,434,235,319,2,2,0,1
JD_11492188,2021-02-28,227,6,225,2,0,0,0
JD_11492187,2021-02-28,10,5,6,0,0,0,0
JD_11492186,2021-02-28,280,44,276,2,2,0,0
JD_11492185,2021-02-28,7,5,2,0,0,0,1
JD_11492184,2021-02-28,28,20,13,0,0,0,0
JD_11492182,2021-02-28,0,0,0,0,0,0,0
JD_11492181,2021-02-28,0,0,0,0,0,0,0
JD_11492180,2021-02-28,0,0,0,0,0,0,0
JD_11492179,2021-02-28,8,6,4,0,0,0,1
JD_11492178,2021-02-28,0,0,0,0,0,0,0
JD_11492177,2021-02-28,0,0,0,0,0,0,0
JD_11492176,2021-02-28,0,0,0,0,0,0,0
JD_11492175,2021-02-28,0,0,0,0,0,0,0
JD_11492174,2021-02-28,0,0,0,0,0,0,0
JD_11492173,2021-02-28,0,0,0,0,0,0,0
JD_11492172,2021-02-28,0,0,0,0,0,0,0
JD_11492171,2021-02-28,0,0,0,0,0,0,0
JD_11492170,2021-02-28,0,0,0,0,0,0,0
JD_11492169,2021-02-28,0,0,0,0,0,0,0
JD_11492168,2021-02-28,500,111,481,16,3,0,0
JD_11492167,2021-02-28,14,10,14,0,0,0,0
JD_11492166,2021-02-28,2521,1611,1570,24,18,2,5
JD_11492165,2021-02-28,252,0,244,6,2,0,0
JD_11492159,2021-02-28,198,9,191,4,2,0,0
JD_11492157,2021-02-28,9,5,7,0,0,0,0
JD_11492148,2021-02-28,122,0,120,1,1,0,0
JD_11492142,2021-02-28,0,0,0,0,0,0,0
JD_11492139,2021-02-28,0,0,0,0,0,0,0
JD_11492136,2021-02-28,0,0,0,0,0,0,0
JD_11492135,2021-02-28,126,83,108,0,3,0,0
JD_11492130,2021-02-28,3343,2467,1732,21,2,1,8
JD_11492128,2021-02-28,152,12,138,10,0,0,0
JD_11492127,2021-02-28,9,4,6,0,0,0,0
JD_11492126,2021-02-28,108,76,56,0,0,0,1
JD_11492125,2021-02-28,2,2,0,0,0,0,0
JD_11492124,2021-02-28,15,3,14,1,0,0,0
JD_11492123,2021-02-28,15,3,13,1,0,0,0
JD_11492122,2021-02-28,67,1,67,0,0,0,0
JD_11492121,2021-02-28,5,4,3,0,0,0,0
JD_11492120,2021-02-28,44,26,38,2,0,0,0
JD_11492119,2021-02-28,113,91,56,0,1,0,0
JD_11492118,2021-02-28,1,1,0,0,0,0,0
JD_11492117,2021-02-28,2,2,0,0,0,0,0
JD_11492116,2021-02-28,54,14,43,3,0,0,0
JD_11492115,2021-02-28,61,0,60,1,0,0,0
JD_11492114,2021-02-28,38,26,15,0,0,0,0
JD_11492113,2021-02-28,330,175,265,1,3,0,0
JD_11492112,2021-02-28,1319,280,1221,35,17,0,4
JD_11492111,2021-02-28,1406,656,1373,6,1,0,2
JD_11492110,2021-02-28,83,13,78,2,0,0,1
JD_11492106,2021-02-28,530,197,488,4,3,0,1
JD_11492105,2021-02-28,549,202,493,8,3,1,2
JD_11492104,2021-02-28,13,8,10,0,0,0,0
JD_11492103,2021-02-28,32,6,30,0,0,0,0
