JD_11717764,2021-02-28,5,2,5,0,0,0,0
JD_11717762,2021-02-28,18,3,17,0,0,0,0
JD_11717761,2021-02-28,27,14,20,0,0,0,0
JD_11717759,2021-02-28,32,16,31,0,0,1,0
JD_11717758,2021-02-28,4,2,2,0,0,0,0
JD_11717757,2021-02-28,43,8,39,0,1,0,0
JD_11717756,2021-02-28,5,2,5,0,0,0,0
JD_11717755,2021-02-28,1,0,1,0,0,0,0
JD_11717754,2021-02-28,9,7,6,0,0,0,0
JD_11717753,2021-02-28,9,5,6,0,0,0,0
JD_11717752,2021-02-28,6,3,5,0,0,0,0
JD_11717751,2021-02-28,0,0,0,0,0,0,0
JD_11717750,2021-02-28,18,13,5,0,0,0,0
JD_11717749,2021-02-28,3,0,3,0,0,0,0
JD_11717748,2021-02-28,9,4,8,0,0,0,0
JD_11717747,2021-02-28,4,3,3,0,0,0,0
JD_11717746,2021-02-28,10,6,5,0,0,0,1
JD_11717745,2021-02-28,5,0,5,0,0,0,0
JD_11717744,2021-02-28,11,8,6,0,0,0,0
JD_11717742,2021-02-28,1,1,1,0,0,0,0
JD_11717741,2021-02-28,10,7,7,0,0,0,0
JD_11717740,2021-02-28,2,0,2,0,0,0,0
JD_11717739,2021-02-28,0,0,0,0,0,0,0
JD_11717738,2021-02-28,22,8,16,0,1,0,0
JD_11717737,2021-02-28,47,31,37,1,0,0,0
JD_11717736,2021-02-28,11,4,8,0,1,0,1
JD_11717735,2021-02-28,2,1,2,0,0,0,0
JD_11717734,2021-02-28,46,26,35,0,0,0,0
JD_11717733,2021-02-28,5,0,5,0,0,0,0
JD_11717732,2021-02-28,0,0,0,0,0,0,0
JD_11717731,2021-02-28,3,0,3,0,0,0,0
JD_11717730,2021-02-28,1,1,1,0,0,0,0
JD_11717729,2021-02-28,51,24,37,0,0,0,0
JD_11717728,2021-02-28,128,76,71,0,0,0,0
JD_11717727,2021-02-28,67,45,34,1,0,0,1
JD_11717726,2021-02-28,99,71,41,0,1,0,0
JD_11717724,2021-02-28,0,0,0,0,0,0,0
JD_11717723,2021-02-28,0,0,0,0,0,0,0
JD_11717722,2021-02-28,3,2,3,0,0,0,0
JD_11717720,2021-02-28,2,0,1,0,1,0,0
JD_11717719,2021-02-28,0,0,0,0,0,0,0
JD_11717717,2021-02-28,5,4,5,0,0,0,0
JD_11717716,2021-02-28,5,4,3,0,0,0,0
JD_11717715,2021-02-28,5,5,2,0,0,0,0
JD_11717714,2021-02-28,100,55,70,1,0,0,0
JD_11717713,2021-02-28,3,2,2,0,0,0,0
JD_11717712,2021-02-28,3,3,1,0,0,0,0
JD_11717711,2021-02-28,10,6,8,0,0,0,0
JD_11717710,2021-02-28,4,4,1,0,0,0,0
JD_11717709,2021-02-28,0,0,0,0,0,0,0
JD_11717708,2021-02-28,0,0,0,0,0,0,0
JD_11717707,2021-02-28,0,0,0,0,0,0,0
JD_11717706,2021-02-28,4,4,3,0,0,0,0
JD_11717705,2021-02-28,5,5,3,0,0,0,0
JD_11717704,2021-02-28,0,0,0,0,0,0,0
JD_11717703,2021-02-28,4,4,2,0,0,0,0
JD_11717702,2021-02-28,5,5,5,0,0,0,0
JD_11717701,2021-02-28,4,4,1,0,0,0,0
JD_11717700,2021-02-28,5,4,3,0,0,0,0
JD_11717699,2021-02-28,6,5,3,1,0,1,0
JD_11717698,2021-02-28,2,2,1,0,0,0,0
JD_11717697,2021-02-28,1,1,1,0,0,0,0
JD_11717696,2021-02-28,7,7,3,0,0,0,0
JD_11717695,2021-02-28,6,6,6,0,0,0,0
JD_11717694,2021-02-28,4,4,1,0,0,0,0
JD_11717693,2021-02-28,4,4,3,0,0,0,0
JD_11717692,2021-02-28,5,4,4,0,0,0,0
JD_11717691,2021-02-28,4,4,2,0,0,0,0
JD_11717690,2021-02-28,4,3,2,0,0,0,0
JD_11717689,2021-02-28,6,4,3,0,0,0,0
