JD_12097959,2021-02-28,30,1,29,0,1,0,0
JD_12097958,2021-02-28,43,32,18,0,0,0,0
JD_12097957,2021-02-28,0,0,0,0,0,0,0
JD_12097956,2021-02-28,50,36,22,0,0,0,0
JD_12097955,2021-02-28,4,3,3,0,1,0,0
JD_12097954,2021-02-28,3,2,3,0,0,0,0
JD_12097953,2021-02-28,1046,861,443,1,0,1,0
JD_12097952,2021-02-28,18,2,16,0,0,0,2
JD_12097951,2021-02-28,73,55,55,0,0,0,0
JD_12097950,2021-02-28,14,8,13,0,0,0,0
JD_12097949,2021-02-28,24,21,10,0,0,0,0
JD_12097948,2021-02-28,5,1,5,0,0,0,0
JD_12097947,2021-02-28,36,27,35,1,0,0,0
JD_12097946,2021-02-28,0,0,0,0,0,0,0
JD_12097945,2021-02-28,18,12,13,0,0,0,0
JD_12097944,2021-02-28,2,2,0,0,0,0,0
JD_12097943,2021-02-28,2,2,0,0,0,0,0
JD_12097942,2021-02-28,3,3,1,0,0,0,0
JD_12097941,2021-02-28,8,7,7,0,0,0,0
JD_12097940,2021-02-28,33,23,30,0,0,0,0
JD_12097939,2021-02-28,6,0,6,0,0,0,0
JD_12097938,2021-02-28,1,1,1,0,0,0,0
JD_12097937,2021-02-28,25,16,21,0,0,0,0
JD_12097935,2021-02-28,10,5,6,0,0,0,1
JD_12097934,2021-02-28,96,74,94,0,1,0,0
JD_12097933,2021-02-28,63,37,63,0,0,0,0
JD_12097932,2021-02-28,22,10,19,1,0,0,0
JD_12097931,2021-02-28,3,2,3,0,0,0,0
JD_12096774,2021-02-28,0,0,0,0,0,0,0
JD_12096773,2021-02-28,0,0,0,0,0,0,0
JD_12096770,2021-02-28,1317,914,1059,3,0,2,0
JD_12096769,2021-02-28,0,0,0,0,0,0,0
JD_12096768,2021-02-28,593,459,374,1,0,0,0
JD_12096767,2021-02-28,0,0,0,0,0,0,0
JD_12096766,2021-02-28,274,195,206,0,1,0,2
JD_12096765,2021-02-28,1,0,1,0,0,0,0
JD_12096764,2021-02-28,97,58,79,1,0,0,2
JD_12096762,2021-02-28,51,31,48,0,0,0,0
JD_12096760,2021-02-28,652,542,297,1,0,0,0
JD_12096759,2021-02-28,0,0,0,0,0,0,0
JD_12096758,2021-02-28,66,44,47,0,0,0,0
JD_12096757,2021-02-28,1,1,0,0,0,0,0
JD_12096756,2021-02-28,200,159,125,1,0,0,2
JD_12096754,2021-02-28,253,143,253,0,0,0,0
JD_12096753,2021-02-28,3,3,1,0,0,0,0
JD_12096752,2021-02-28,556,428,246,0,0,1,1
JD_12096751,2021-02-28,0,0,0,0,0,0,0
JD_12096750,2021-02-28,167,128,95,2,2,0,4
JD_12096749,2021-02-28,1,1,0,0,0,0,0
JD_12096748,2021-02-28,375,234,241,2,2,1,3
JD_12096747,2021-02-28,34,18,32,0,0,0,0
JD_12096746,2021-02-28,493,329,296,2,1,1,4
JD_12096745,2021-02-28,8,6,2,1,0,0,0
JD_12096744,2021-02-28,425,291,197,2,2,0,1
JD_12096743,2021-02-28,15,12,12,0,0,0,0
JD_12096742,2021-02-28,369,8,368,0,1,0,2
JD_12096741,2021-02-28,28,20,26,0,0,0,0
JD_12096740,2021-02-28,705,437,449,9,0,0,4
JD_12096738,2021-02-28,1118,852,438,0,1,4,3
JD_12096737,2021-02-28,2,2,1,0,0,0,0
JD_12096736,2021-02-28,16175,13700,9818,8,3,18,14
JD_12096735,2021-02-28,8,6,6,0,0,0,0
JD_12096734,2021-02-28,0,0,0,0,0,0,0
JD_12096733,2021-02-28,14,12,13,0,0,0,0
JD_12096732,2021-02-28,961,505,957,3,1,1,2
JD_12096731,2021-02-28,47,31,46,1,0,0,2
JD_12096730,2021-02-28,32,23,17,0,0,0,0
JD_12096729,2021-02-28,6,6,1,0,0,0,0
JD_12096728,2021-02-28,243,183,174,0,0,4,0
JD_12096727,2021-02-28,20,14,10,0,0,0,0
