JD_11540495,2021-02-28,37,35,17,0,0,0,0
JD_11540494,2021-02-28,14,13,8,0,0,0,0
JD_11540493,2021-02-28,0,0,0,0,0,0,0
JD_11540492,2021-02-28,3,2,3,0,0,0,0
JD_11540491,2021-02-28,0,0,0,0,0,0,0
JD_11540490,2021-02-28,0,0,0,0,0,0,0
JD_11540489,2021-02-28,0,0,0,0,0,0,0
JD_11540486,2021-02-28,0,0,0,0,0,0,0
JD_11540485,2021-02-28,19,13,7,0,0,0,0
JD_11540483,2021-02-28,15,13,15,0,0,0,0
JD_11540482,2021-02-28,3,3,0,0,0,0,0
JD_11540481,2021-02-28,17,0,17,0,0,0,0
JD_11540480,2021-02-28,0,0,0,0,0,0,0
JD_11540479,2021-02-28,3,3,3,0,0,0,0
JD_11540478,2021-02-28,11,7,7,0,0,0,0
JD_11540477,2021-02-28,1,1,1,0,0,0,0
JD_11540476,2021-02-28,73,46,39,0,1,0,0
JD_11540475,2021-02-28,0,0,0,0,0,0,0
JD_11540474,2021-02-28,9,0,9,0,0,0,0
JD_11540473,2021-02-28,0,0,0,0,0,0,0
JD_11540472,2021-02-28,0,0,0,0,0,0,0
JD_11540471,2021-02-28,27,22,19,0,1,0,0
JD_11540470,2021-02-28,6,3,5,0,0,0,0
JD_11540469,2021-02-28,9,8,5,0,0,0,0
JD_11540467,2021-02-28,11,5,9,0,0,0,0
JD_11540466,2021-02-28,7,5,4,0,0,0,0
JD_11540465,2021-02-28,0,0,0,0,0,0,0
JD_11540464,2021-02-28,0,0,0,0,0,0,0
JD_11540463,2021-02-28,8,3,4,1,0,0,1
JD_11540462,2021-02-28,14,13,7,0,0,0,0
JD_11540461,2021-02-28,3,3,1,0,0,0,0
JD_11540460,2021-02-28,1,1,0,0,0,0,0
JD_11540459,2021-02-28,14,10,7,0,0,0,0
JD_11540458,2021-02-28,2,2,0,0,0,0,0
JD_11540457,2021-02-28,15,12,14,0,0,0,0
JD_11540456,2021-02-28,1,0,1,0,0,0,0
JD_11540455,2021-02-28,5,5,0,0,0,0,0
JD_11540454,2021-02-28,6,3,4,0,0,0,0
JD_11540453,2021-02-28,0,0,0,0,0,0,0
JD_11540452,2021-02-28,12,11,7,0,0,0,0
JD_11540451,2021-02-28,26,15,13,0,0,0,0
JD_11540450,2021-02-28,0,0,0,0,0,0,0
JD_11540449,2021-02-28,16,14,4,0,0,0,0
JD_11540448,2021-02-28,82,71,39,0,0,0,0
JD_11540447,2021-02-28,29,12,22,0,0,0,0
JD_11540445,2021-02-28,9,7,4,0,0,0,0
JD_11540444,2021-02-28,57,37,35,0,0,0,0
JD_11540441,2021-02-28,6,5,2,0,0,0,0
JD_11540440,2021-02-28,36,23,24,0,0,0,0
JD_11540439,2021-02-28,0,0,0,0,0,0,0
JD_11540438,2021-02-28,8,5,6,0,0,0,0
JD_11540437,2021-02-28,14,9,11,0,0,0,0
JD_11540435,2021-02-28,11,3,10,0,0,0,0
JD_11540434,2021-02-28,4,3,2,0,0,0,0
JD_11540433,2021-02-28,20,14,15,0,1,0,0
JD_11540432,2021-02-28,22,7,22,0,0,0,0
JD_11540431,2021-02-28,54,41,24,0,0,0,0
JD_11540430,2021-02-28,83,51,67,1,0,1,0
JD_11540429,2021-02-28,22,17,12,0,0,0,1
JD_11540428,2021-02-28,10,0,9,0,1,0,0
JD_11540427,2021-02-28,4,4,2,0,0,0,0
JD_11540426,2021-02-28,3,0,3,0,0,0,0
JD_11540425,2021-02-28,8,6,7,0,0,0,0
JD_11540424,2021-02-28,11,7,7,0,0,0,0
JD_11540423,2021-02-28,37,15,34,0,0,0,0
JD_11540422,2021-02-28,0,0,0,0,0,0,0
JD_11540421,2021-02-28,20,16,16,0,0,0,0
JD_11540420,2021-02-28,6,5,5,1,0,0,0
JD_11540419,2021-02-28,12,3,11,0,0,0,0
JD_11540418,2021-02-28,16,4,15,0,0,0,0
