JD_11479812,2021-02-28,39,34,15,0,0,0,0
JD_11479810,2021-02-28,80,65,33,1,0,0,0
JD_11479809,2021-02-28,82,73,36,0,0,0,0
JD_11479808,2021-02-28,84,72,44,0,0,0,0
JD_11479806,2021-02-28,171,106,157,1,1,0,0
JD_11479805,2021-02-28,208,130,192,3,1,0,0
JD_11479804,2021-02-28,176,109,160,1,0,0,0
JD_11479802,2021-02-28,0,0,0,0,0,0,0
JD_11479801,2021-02-28,3,0,3,0,0,0,0
JD_11479800,2021-02-28,4,2,2,0,0,0,0
JD_11479799,2021-02-28,5,4,3,0,0,0,0
JD_11479798,2021-02-28,0,0,0,0,0,0,0
JD_11479797,2021-02-28,198,142,126,0,0,0,1
JD_11479796,2021-02-28,0,0,0,0,0,0,0
JD_11479795,2021-02-28,3,0,3,0,0,0,0
JD_11479793,2021-02-28,20,16,7,0,0,0,0
JD_11479792,2021-02-28,26,10,18,0,1,0,0
JD_11479790,2021-02-28,8,7,4,0,0,0,0
JD_11479789,2021-02-28,1257,0,1228,22,7,0,0
JD_11479788,2021-02-28,0,0,0,0,0,0,0
JD_11479787,2021-02-28,7,1,7,0,0,0,0
JD_11479785,2021-02-28,0,0,0,0,0,0,0
JD_11479784,2021-02-28,3,1,2,0,0,0,0
JD_11479783,2021-02-28,0,0,0,0,0,0,0
JD_11479782,2021-02-28,0,0,0,0,0,0,0
JD_11479781,2021-02-28,0,0,0,0,0,0,0
JD_11479780,2021-02-28,0,0,0,0,0,0,0
JD_11479778,2021-02-28,40,30,13,0,1,0,0
JD_11479775,2021-02-28,6,5,3,0,0,0,0
JD_11479774,2021-02-28,0,0,0,0,0,0,0
JD_11479771,2021-02-28,439,262,434,5,0,0,0
JD_11479770,2021-02-28,0,0,0,0,0,0,0
JD_11479769,2021-02-28,4,4,2,0,0,0,0
JD_11479767,2021-02-28,39,23,28,0,0,0,0
JD_11479766,2021-02-28,0,0,0,0,0,0,0
JD_11479765,2021-02-28,0,0,0,0,0,0,0
JD_11479764,2021-02-28,0,0,0,0,0,0,0
JD_11479763,2021-02-28,18,11,15,0,0,0,0
JD_11479762,2021-02-28,0,0,0,0,0,0,0
JD_11479757,2021-02-28,1088,620,697,5,3,3,5
JD_11479756,2021-02-28,0,0,0,0,0,0,0
JD_11479755,2021-02-28,4,2,4,0,0,0,0
JD_11479754,2021-02-28,56,7,53,1,1,0,0
JD_11479751,2021-02-28,491,85,488,1,2,1,3
JD_11479750,2021-02-28,1081,556,1015,2,4,0,5
JD_11479749,2021-02-28,331,78,323,5,0,0,0
JD_11479747,2021-02-28,693,184,689,3,1,0,5
JD_11479746,2021-02-28,487,71,483,1,3,1,3
JD_11479745,2021-02-28,3,2,2,0,0,0,0
JD_11479741,2021-02-28,4,2,3,0,0,0,0
JD_11479739,2021-02-28,0,0,0,0,0,0,0
JD_11479738,2021-02-28,85,5,84,1,0,0,0
JD_11479737,2021-02-28,0,0,0,0,0,0,0
JD_11479736,2021-02-28,12,8,12,0,0,0,0
JD_11479732,2021-02-28,0,0,0,0,0,0,0
JD_11479731,2021-02-28,0,0,0,0,0,0,0
JD_11479716,2021-02-28,0,0,0,0,0,0,0
JD_11479715,2021-02-28,0,0,0,0,0,0,0
JD_11479710,2021-02-28,13,7,8,0,0,0,0
JD_11479709,2021-02-28,104,39,93,1,1,0,0
JD_11479704,2021-02-28,1,1,1,0,0,0,0
JD_11479703,2021-02-28,114,24,106,1,1,0,0
JD_11479701,2021-02-28,0,0,0,0,0,0,0
JD_11479700,2021-02-28,8,4,7,0,0,0,0
JD_11479697,2021-02-28,0,0,0,0,0,0,0
JD_11479694,2021-02-28,1,1,0,0,0,0,0
JD_11479693,2021-02-28,0,0,0,0,0,0,0
JD_11479688,2021-02-28,2,0,2,0,0,0,0
JD_11479686,2021-02-28,4,1,3,1,0,0,0
JD_11479685,2021-02-28,1,1,0,0,0,0,0
