JD_12183937,2021-02-28,7,6,7,0,0,0,0
JD_12183936,2021-02-28,510,419,242,0,0,0,1
JD_12183935,2021-02-28,58,49,50,0,0,0,0
JD_12183934,2021-02-28,190,151,88,2,0,0,0
JD_12183933,2021-02-28,43,35,30,0,0,0,0
JD_12183932,2021-02-28,30,26,8,0,0,0,0
JD_12183930,2021-02-28,6,5,3,0,0,0,0
JD_12183929,2021-02-28,3,3,2,0,0,0,0
JD_12183928,2021-02-28,4,4,3,0,0,0,0
JD_12183927,2021-02-28,1,0,1,0,0,0,0
JD_12183926,2021-02-28,4,2,3,0,0,0,0
JD_12183925,2021-02-28,16,11,10,0,0,0,0
JD_12183924,2021-02-28,47,26,46,0,0,0,0
JD_12183923,2021-02-28,4,3,3,0,0,0,0
JD_12183920,2021-02-28,241,203,171,0,0,0,0
JD_12183918,2021-02-28,2,2,0,0,0,0,0
JD_12183917,2021-02-28,0,0,0,0,0,0,0
JD_12183916,2021-02-28,43,24,43,0,0,0,0
JD_12183913,2021-02-28,86,64,82,0,0,0,1
JD_12183912,2021-02-28,195,163,80,1,0,0,0
JD_12183910,2021-02-28,386,322,253,2,0,1,0
JD_12183909,2021-02-28,0,0,0,0,0,0,0
JD_12183908,2021-02-28,237,199,170,0,0,0,0
JD_12183907,2021-02-28,1663,1226,1009,10,2,8,6
JD_12183906,2021-02-28,308,255,203,0,2,0,1
JD_12183904,2021-02-28,91,79,36,0,0,0,0
JD_12183903,2021-02-28,7,6,5,0,0,0,0
JD_12183902,2021-02-28,42,30,34,0,0,0,2
JD_12183901,2021-02-28,96,79,96,0,0,0,0
JD_12183900,2021-02-28,2440,1911,1012,6,2,7,3
JD_12183899,2021-02-28,9,8,5,0,0,0,0
JD_12183898,2021-02-28,178,127,126,0,1,0,1
JD_12183896,2021-02-28,2594,2175,1402,4,6,2,6
JD_12183894,2021-02-28,1761,1414,1123,7,2,2,3
JD_12183892,2021-02-28,195,149,118,0,1,0,2
JD_12183891,2021-02-28,18,12,7,0,0,0,0
JD_12183890,2021-02-28,287,230,103,0,0,0,0
JD_12183888,2021-02-28,141,116,94,0,0,0,0
JD_12183887,2021-02-28,221,183,212,0,1,0,0
JD_12183886,2021-02-28,134,109,110,0,0,0,0
JD_12183885,2021-02-28,98,72,98,0,0,0,2
JD_12183884,2021-02-28,141,52,137,2,2,0,1
JD_12183883,2021-02-28,10,9,4,0,0,0,0
JD_12183882,2021-02-28,45,18,44,0,1,0,0
JD_12183881,2021-02-28,0,0,0,0,0,0,0
JD_12183880,2021-02-28,53,42,30,0,0,0,0
JD_12183879,2021-02-28,239,183,81,0,2,1,0
JD_12183878,2021-02-28,104,45,99,1,3,0,0
JD_12183877,2021-02-28,640,518,635,4,1,0,1
JD_12183876,2021-02-28,54,31,52,0,1,0,1
JD_12183875,2021-02-28,157,131,155,1,1,0,0
JD_12183874,2021-02-28,193,137,190,0,0,0,0
JD_12183873,2021-02-28,576,465,573,2,1,0,1
JD_12183872,2021-02-28,229,136,151,0,0,0,0
JD_12183871,2021-02-28,821,709,818,1,2,1,1
JD_12183870,2021-02-28,301,265,66,1,0,0,1
JD_12183869,2021-02-28,18,17,3,0,0,0,0
JD_12183868,2021-02-28,58,49,41,0,0,0,0
JD_12183867,2021-02-28,561,448,236,1,0,1,0
JD_12183866,2021-02-28,70,54,45,0,1,0,0
JD_12183865,2021-02-28,5,5,0,0,0,0,0
JD_12183864,2021-02-28,5,5,1,0,0,0,0
JD_12183863,2021-02-28,101,80,98,0,0,0,1
JD_12183862,2021-02-28,819,645,607,1,2,0,2
JD_12183861,2021-02-28,9,8,1,0,0,0,0
JD_12183860,2021-02-28,90,38,86,0,1,0,2
JD_12183858,2021-02-28,44,2,41,0,3,0,1
JD_12183856,2021-02-28,134,44,127,3,4,0,0
JD_12183855,2021-02-28,498,426,486,0,0,2,0
JD_12183854,2021-02-28,18,12,14,0,0,0,0
