JD_11496638,2021-02-28,40,22,27,0,0,0,0
JD_11496637,2021-02-28,4285,3079,2955,10,5,5,4
JD_11496636,2021-02-28,2,1,2,0,0,0,0
JD_11496635,2021-02-28,6,2,5,0,0,0,0
JD_11496634,2021-02-28,204,135,157,1,1,0,0
JD_11496633,2021-02-28,6,3,6,0,0,0,0
JD_11496632,2021-02-28,0,0,0,0,0,0,0
JD_11496630,2021-02-28,129,0,124,3,2,0,0
JD_11496624,2021-02-28,84,1,78,5,1,0,0
JD_11496611,2021-02-28,13,10,6,0,0,0,0
JD_11496606,2021-02-28,16,11,15,0,0,0,0
JD_11496605,2021-02-28,21,16,11,0,0,0,0
JD_11496604,2021-02-28,48,37,26,0,0,0,0
JD_11496603,2021-02-28,19,16,8,0,0,0,0
JD_11496602,2021-02-28,1121,0,1096,15,10,0,0
JD_11496601,2021-02-28,226,158,126,1,0,1,2
JD_11496600,2021-02-28,114,39,112,1,1,0,0
JD_11496599,2021-02-28,10,2,9,0,0,0,0
JD_11496598,2021-02-28,7,0,7,0,0,0,0
JD_11496597,2021-02-28,12,4,11,1,0,0,0
JD_11496596,2021-02-28,12,6,11,0,0,0,0
JD_11496595,2021-02-28,62,42,21,0,0,0,1
JD_11496594,2021-02-28,19,4,19,0,0,0,0
JD_11496592,2021-02-28,119,0,117,2,0,0,0
JD_11496586,2021-02-28,13,0,13,0,0,0,0
JD_11496585,2021-02-28,5,0,5,0,0,0,0
JD_11496581,2021-02-28,16,0,15,0,1,0,0
JD_11496580,2021-02-28,21,0,20,0,1,0,0
JD_11496578,2021-02-28,14,0,13,0,1,0,0
JD_11496576,2021-02-28,50,25,35,0,0,0,0
JD_11496574,2021-02-28,289,218,146,1,0,1,0
JD_11496573,2021-02-28,240,188,143,0,0,0,0
JD_11496572,2021-02-28,119,88,83,1,0,0,0
JD_11496571,2021-02-28,220,183,90,0,1,0,1
JD_11496570,2021-02-28,12,10,12,0,0,0,0
JD_11496568,2021-02-28,5,3,5,0,0,0,0
JD_11496566,2021-02-28,6,5,1,0,0,0,0
JD_11496563,2021-02-28,0,0,0,0,0,0,0
JD_11496560,2021-02-28,21,18,12,0,0,0,0
JD_11496557,2021-02-28,1,0,1,0,0,0,0
JD_11496555,2021-02-28,20,15,10,0,1,0,0
JD_11496551,2021-02-28,0,0,0,0,0,0,0
JD_11496550,2021-02-28,41,32,22,0,0,0,0
JD_11496548,2021-02-28,2,1,2,0,0,0,0
JD_11496547,2021-02-28,0,0,0,0,0,0,0
JD_11496544,2021-02-28,122,98,62,0,1,1,0
JD_11496543,2021-02-28,55,36,26,0,0,0,0
JD_11496536,2021-02-28,77,51,50,0,0,0,0
JD_11496535,2021-02-28,66,36,57,1,0,0,0
JD_11496534,2021-02-28,669,510,371,0,2,0,0
JD_11496533,2021-02-28,233,185,91,0,1,0,2
JD_11496532,2021-02-28,10,7,6,0,0,0,0
JD_11496530,2021-02-28,764,439,753,8,3,0,4
JD_11496529,2021-02-28,37,28,21,0,0,0,0
JD_11496528,2021-02-28,6,2,6,0,0,0,0
JD_11496527,2021-02-28,122,95,45,0,0,0,0
JD_11496526,2021-02-28,40,30,18,0,0,0,0
JD_11496525,2021-02-28,21,17,8,0,0,0,0
JD_11496524,2021-02-28,11,7,7,0,0,0,0
JD_11496523,2021-02-28,1,1,1,0,0,0,0
JD_11496522,2021-02-28,16,14,14,0,0,0,0
JD_11496521,2021-02-28,90,62,88,0,0,1,0
JD_11496520,2021-02-28,8,3,8,0,0,0,0
JD_11496519,2021-02-28,2,1,2,0,0,0,0
JD_11496518,2021-02-28,21,14,17,0,0,0,0
JD_11496517,2021-02-28,318,220,305,2,4,0,2
JD_11496516,2021-02-28,72,13,72,0,0,0,0
JD_11496513,2021-02-28,0,0,0,0,0,0,0
JD_11496510,2021-02-28,0,0,0,0,0,0,0
JD_11496508,2021-02-28,0,0,0,0,0,0,0
