JD_11391171,2021-02-28,3,2,3,0,0,0,0
JD_11391161,2021-02-28,5,1,4,1,0,0,0
JD_11391156,2021-02-28,4,0,4,0,0,0,0
JD_11391155,2021-02-28,6,0,6,0,0,0,0
JD_11391152,2021-02-28,14,10,6,0,0,0,0
JD_11391151,2021-02-28,90,35,78,1,1,0,0
JD_11391150,2021-02-28,7,0,7,0,0,0,0
JD_11391147,2021-02-28,1187,18,1168,11,8,0,0
JD_11391146,2021-02-28,34,15,20,0,0,0,0
JD_11391145,2021-02-28,97,60,64,0,2,0,1
JD_11391144,2021-02-28,2,2,2,0,0,0,0
JD_11391142,2021-02-28,7,0,7,0,0,0,0
JD_11391141,2021-02-28,667,103,636,16,4,1,0
JD_11391140,2021-02-28,248,158,133,3,2,0,0
JD_11391139,2021-02-28,39,21,18,1,0,0,0
JD_11391138,2021-02-28,98,14,82,1,1,0,0
JD_11391137,2021-02-28,68,17,46,4,1,0,0
JD_11391136,2021-02-28,200,0,189,6,5,0,0
JD_11391135,2021-02-28,89,51,44,0,1,0,0
JD_11391128,2021-02-28,130,87,65,0,0,0,0
JD_11391127,2021-02-28,899,689,237,0,0,0,0
JD_11391126,2021-02-28,283,181,109,1,0,2,1
JD_11391125,2021-02-28,330,212,125,1,0,0,0
JD_11391123,2021-02-28,1074,368,921,19,5,0,2
JD_11391121,2021-02-28,262,187,99,0,0,0,0
JD_11391120,2021-02-28,339,248,115,0,0,0,1
JD_11391119,2021-02-28,607,462,211,0,1,3,0
JD_11391118,2021-02-28,8771,8145,652,4,1,5,4
JD_11391117,2021-02-28,338,228,121,2,0,0,2
JD_11391116,2021-02-28,503,362,181,2,0,1,0
JD_11391115,2021-02-28,393,147,341,4,1,0,4
JD_11391114,2021-02-28,66,9,62,1,0,0,0
JD_11391113,2021-02-28,220,92,197,2,1,0,2
JD_11391112,2021-02-28,144,9,136,4,1,0,0
JD_11391111,2021-02-28,24,12,22,1,0,0,0
JD_11391109,2021-02-28,1121,354,949,21,12,1,2
JD_11391107,2021-02-28,125,0,124,1,0,0,0
JD_11391105,2021-02-28,257,153,230,0,0,0,0
JD_11391104,2021-02-28,55,6,53,1,0,0,0
JD_11391103,2021-02-28,121,87,64,0,0,0,0
JD_11391099,2021-02-28,1,1,1,0,0,0,0
JD_11391098,2021-02-28,147,94,94,0,0,2,0
JD_11391094,2021-02-28,6,1,6,0,0,0,0
JD_11391091,2021-02-28,80,3,79,1,0,0,0
JD_11391090,2021-02-28,68,1,67,0,1,0,0
JD_11391088,2021-02-28,69,1,64,5,0,0,0
JD_11391084,2021-02-28,96,1,92,1,3,0,0
JD_11391079,2021-02-28,263,0,242,20,1,0,0
JD_11391078,2021-02-28,260,0,247,10,3,0,0
JD_11391077,2021-02-28,318,0,308,8,2,0,0
JD_11391076,2021-02-28,280,0,263,15,2,0,0
JD_11391071,2021-02-28,100,0,94,6,0,0,0
JD_11391070,2021-02-28,1551,0,1504,34,13,0,0
JD_11391069,2021-02-28,714,0,693,14,7,0,0
JD_11391068,2021-02-28,588,0,567,16,5,0,0
JD_11391067,2021-02-28,135,0,130,4,1,0,0
JD_11391060,2021-02-28,0,0,0,0,0,0,0
JD_11391059,2021-02-28,1,1,1,0,0,0,0
JD_11391058,2021-02-28,1558,596,1313,33,10,0,1
JD_11391056,2021-02-28,6,0,5,1,0,0,0
JD_11391055,2021-02-28,88,57,60,0,0,0,1
JD_11391053,2021-02-28,95,50,94,0,0,0,0
JD_11391052,2021-02-28,296,0,287,5,4,0,0
JD_11391051,2021-02-28,428,0,412,10,6,0,0
JD_11391050,2021-02-28,43,22,32,0,0,0,0
JD_11391049,2021-02-28,2,0,2,0,0,0,0
JD_11391048,2021-02-28,75,31,57,1,1,0,0
JD_11391047,2021-02-28,368,294,177,1,0,0,0
JD_11391046,2021-02-28,35,8,31,1,0,0,0
JD_11391045,2021-02-28,19,12,11,1,0,0,0
