JD_11346322,2021-02-28,3,2,1,0,0,0,0
JD_11346321,2021-02-28,2,2,0,0,0,0,0
JD_11346320,2021-02-28,6,2,6,0,0,0,0
JD_11346319,2021-02-28,209,168,101,1,0,0,1
JD_11346317,2021-02-28,2,2,0,0,0,0,0
JD_11346316,2021-02-28,5,4,4,0,0,0,0
JD_11346315,2021-02-28,14,6,12,1,0,0,0
JD_11346314,2021-02-28,4,4,2,0,0,0,0
JD_11346313,2021-02-28,3,3,1,0,0,0,0
JD_11346312,2021-02-28,5,4,2,0,0,0,0
JD_11346311,2021-02-28,1,1,1,0,0,0,0
JD_11346310,2021-02-28,22,14,11,0,1,0,0
JD_11346309,2021-02-28,5,4,1,0,0,0,0
JD_11346308,2021-02-28,1,1,0,0,0,0,0
JD_11346307,2021-02-28,0,0,0,0,0,0,0
JD_11346306,2021-02-28,2,0,2,0,0,0,0
JD_11346305,2021-02-28,5,3,3,0,0,0,0
JD_11346304,2021-02-28,7,3,4,0,0,0,0
JD_11346303,2021-02-28,2,2,1,0,0,0,0
JD_11346302,2021-02-28,14,7,9,0,0,0,0
JD_11346301,2021-02-28,8,8,3,0,0,0,0
JD_11346300,2021-02-28,35,29,33,0,0,0,1
JD_11346299,2021-02-28,15,10,14,0,0,0,0
JD_11346298,2021-02-28,10,6,9,0,0,0,0
JD_11346297,2021-02-28,3,1,3,0,0,0,0
JD_11346295,2021-02-28,151,122,73,1,0,0,2
JD_11346294,2021-02-28,13,5,9,0,0,0,0
JD_11346293,2021-02-28,2,1,1,0,0,0,0
JD_11346292,2021-02-28,3,3,1,0,0,0,0
JD_11346291,2021-02-28,5,3,3,0,0,0,0
JD_11346290,2021-02-28,16,9,12,1,0,0,0
JD_11346289,2021-02-28,2,0,2,0,0,0,0
JD_11346288,2021-02-28,3,3,1,0,0,0,0
JD_11346287,2021-02-28,6,3,6,0,0,0,0
JD_11346285,2021-02-28,3,1,3,0,0,0,0
JD_11346284,2021-02-28,3,2,2,0,0,0,0
JD_11346283,2021-02-28,2,2,2,0,0,0,0
JD_11346282,2021-02-28,0,0,0,0,0,0,0
JD_11346281,2021-02-28,404,0,396,4,4,0,3
JD_11346280,2021-02-28,4395,3476,2513,9,9,3,4
JD_11346279,2021-02-28,1263,703,741,7,5,0,1
JD_11346278,2021-02-28,344,218,211,2,1,0,0
JD_11346277,2021-02-28,9,9,4,0,0,0,0
JD_11346276,2021-02-28,144,112,67,1,0,0,0
JD_11346275,2021-02-28,73,51,40,0,1,0,0
JD_11346274,2021-02-28,192,0,184,7,1,0,0
JD_11346273,2021-02-28,12,10,8,0,0,0,0
JD_11346272,2021-02-28,17,12,10,0,0,0,0
JD_11346271,2021-02-28,7,5,6,0,0,0,0
JD_11346270,2021-02-28,37,17,30,0,1,0,0
JD_11346269,2021-02-28,26,17,15,0,0,0,0
JD_11346268,2021-02-28,24,6,24,0,0,0,0
JD_11346266,2021-02-28,20,0,18,2,0,0,0
JD_11346265,2021-02-28,17,0,16,1,0,0,0
JD_11346264,2021-02-28,16,10,12,0,0,0,0
JD_11346263,2021-02-28,30,3,30,0,0,0,0
JD_11346262,2021-02-28,64,24,63,0,0,0,1
JD_11346261,2021-02-28,10,7,6,0,0,0,0
JD_11346260,2021-02-28,18,6,16,1,0,0,0
JD_11346259,2021-02-28,8,4,6,0,0,0,0
JD_11346256,2021-02-28,7,4,4,0,0,0,0
JD_11346255,2021-02-28,4,3,2,0,0,0,0
JD_11346254,2021-02-28,16,8,16,0,0,0,0
JD_11346253,2021-02-28,3,1,2,0,0,0,0
JD_11346251,2021-02-28,11,7,5,1,0,0,0
JD_11346250,2021-02-28,7,6,1,0,0,0,0
JD_11346249,2021-02-28,6,3,5,0,0,0,0
JD_11346248,2021-02-28,19,12,10,0,0,0,0
JD_11346247,2021-02-28,0,0,0,0,0,0,0
JD_11346246,2021-02-28,9,7,3,0,0,0,0
