JD_12555862,2021-02-28,128,101,27,0,0,0,0
JD_12555861,2021-02-28,2,2,0,0,0,0,0
JD_12555860,2021-02-28,29040,23659,5243,78,60,25,56
JD_12555859,2021-02-28,17,15,2,0,0,0,0
JD_12555858,2021-02-28,63,48,15,0,0,0,0
JD_12555857,2021-02-28,71,58,13,0,0,0,0
JD_12555856,2021-02-28,127,109,16,1,1,0,0
JD_12555855,2021-02-28,5,4,1,0,0,0,0
JD_12555854,2021-02-28,78,60,18,0,0,0,0
JD_12555853,2021-02-28,685,553,132,0,0,0,0
JD_12555852,2021-02-28,1203,1073,130,0,0,1,0
JD_12555851,2021-02-28,19,16,3,0,0,0,0
JD_12555850,2021-02-28,67,46,20,1,0,0,1
JD_12555849,2021-02-28,4,3,1,0,0,0,0
JD_12555848,2021-02-28,665,559,106,0,0,0,2
JD_12555847,2021-02-28,11,8,3,0,0,0,0
JD_12555846,2021-02-28,695,609,85,1,0,1,0
JD_12555845,2021-02-28,217,171,44,1,1,1,0
JD_12555844,2021-02-28,1084,962,120,1,1,1,2
JD_12555843,2021-02-28,6,6,0,0,0,0,0
JD_12555842,2021-02-28,15,12,3,0,0,0,0
JD_12555841,2021-02-28,0,0,0,0,0,0,0
JD_12555840,2021-02-28,138,104,34,0,0,0,0
JD_12555839,2021-02-28,552,466,84,1,1,0,1
JD_12555838,2021-02-28,214,165,49,0,0,0,1
JD_12555837,2021-02-28,146,131,15,0,0,0,0
JD_12555836,2021-02-28,252,229,23,0,0,0,0
JD_12555835,2021-02-28,251,223,27,0,1,0,0
JD_12555833,2021-02-28,34,26,7,1,0,0,0
JD_12555832,2021-02-28,7,7,0,0,0,0,0
JD_12555830,2021-02-28,114,96,18,0,0,0,0
JD_12555826,2021-02-28,16,11,5,0,0,0,0
JD_12555824,2021-02-28,1592,1344,246,1,1,1,3
JD_12555822,2021-02-28,780,667,113,0,0,1,4
JD_12555821,2021-02-28,840,667,172,0,1,0,3
JD_12555820,2021-02-28,115,95,19,1,0,0,1
JD_12555819,2021-02-28,1,1,0,0,0,0,0
JD_12555818,2021-02-28,7,7,0,0,0,0,0
JD_12555817,2021-02-28,149,132,17,0,0,0,0
JD_12555816,2021-02-28,381,323,55,1,2,1,2
JD_12555815,2021-02-28,15,13,2,0,0,0,0
JD_12555814,2021-02-28,333,271,62,0,0,0,0
JD_12555813,2021-02-28,199,153,43,2,1,1,0
JD_12555812,2021-02-28,209,173,35,1,0,0,0
JD_12555811,2021-02-28,192,159,33,0,0,1,0
JD_12555810,2021-02-28,150,126,23,1,0,0,0
JD_12555809,2021-02-28,81,67,14,0,0,0,0
JD_12555808,2021-02-28,74,63,11,0,0,0,0
JD_12555807,2021-02-28,97,87,10,0,0,0,1
JD_12555806,2021-02-28,565,486,77,0,2,0,1
JD_12555805,2021-02-28,835,711,123,0,1,0,3
JD_12555804,2021-02-28,291,242,47,2,0,0,1
JD_12555803,2021-02-28,81,76,5,0,0,0,0
JD_12555802,2021-02-28,331,285,46,0,0,0,1
JD_12555801,2021-02-28,216,196,20,0,0,1,1
JD_12555800,2021-02-28,77,69,8,0,0,0,0
JD_12555799,2021-02-28,238,207,31,0,0,0,1
JD_12555798,2021-02-28,124,98,26,0,0,0,0
JD_12555797,2021-02-28,509,397,112,0,0,0,0
JD_12555796,2021-02-28,414,384,30,0,0,0,0
JD_12555795,2021-02-28,162,119,43,0,0,0,0
JD_12555794,2021-02-28,138,106,32,0,0,0,0
JD_12555793,2021-02-28,65,49,15,1,0,0,0
JD_12555792,2021-02-28,93,72,21,0,0,0,0
JD_12555791,2021-02-28,16,15,1,0,0,0,0
JD_12555790,2021-02-28,123,93,30,0,0,0,1
JD_12555789,2021-02-28,3,3,0,0,0,0,0
JD_12555788,2021-02-28,96,76,20,0,0,0,0
JD_12553827,2021-02-28,71,63,8,0,0,0,0
JD_12553826,2021-02-28,1,0,1,0,0,0,0
