JD_12381610,2021-02-28,389,286,191,1,0,1,1
JD_12381609,2021-02-28,6,5,4,0,0,0,0
JD_12381608,2021-02-28,55,38,31,0,0,1,1
JD_12381606,2021-02-28,122,99,68,0,0,0,1
JD_12381604,2021-02-28,8,8,7,0,0,0,0
JD_12381603,2021-02-28,11,8,10,0,0,0,0
JD_12381602,2021-02-28,8,6,8,0,0,0,0
JD_12381600,2021-02-28,12,9,9,0,0,0,0
JD_12381598,2021-02-28,6,4,3,0,0,0,0
JD_12381596,2021-02-28,21,17,8,0,0,0,0
JD_12381594,2021-02-28,154,127,44,0,0,1,0
JD_12381592,2021-02-28,137,105,46,0,0,0,0
JD_12381590,2021-02-28,4,0,4,0,0,0,0
JD_12381589,2021-02-28,8,6,4,0,0,0,0
JD_12381588,2021-02-28,73,59,23,0,0,0,0
JD_12381587,2021-02-28,20,17,10,0,0,0,0
JD_12381586,2021-02-28,1,1,1,0,0,0,0
JD_12381584,2021-02-28,71,63,42,0,0,0,0
JD_12381583,2021-02-28,9,5,5,0,0,0,0
JD_12381582,2021-02-28,23,18,8,1,0,0,0
JD_12381581,2021-02-28,37,33,13,0,0,0,0
JD_12381580,2021-02-28,3,3,1,0,0,0,0
JD_12381579,2021-02-28,11,7,8,0,0,0,0
JD_12381578,2021-02-28,17,15,7,0,1,0,0
JD_12381577,2021-02-28,188,151,165,1,1,1,1
JD_12381576,2021-02-28,4,4,2,0,0,0,0
JD_12381575,2021-02-28,53,46,20,0,0,0,0
JD_12381574,2021-02-28,5,4,1,0,0,0,0
JD_12381573,2021-02-28,7,6,4,0,0,0,0
JD_12381572,2021-02-28,1,1,0,0,0,0,0
JD_12381570,2021-02-28,18,15,9,0,0,0,0
JD_12381568,2021-02-28,1,1,0,0,0,0,0
JD_12381567,2021-02-28,54,42,27,0,0,0,0
JD_12381566,2021-02-28,4,3,1,0,0,0,0
JD_12381565,2021-02-28,29,24,29,0,0,0,0
JD_12381564,2021-02-28,27,17,18,0,0,0,0
JD_12381563,2021-02-28,4,4,0,0,0,0,0
JD_12381562,2021-02-28,503,309,302,4,0,4,5
JD_12381561,2021-02-28,9,9,1,0,0,0,0
JD_12381560,2021-02-28,4,3,1,0,0,0,0
JD_12381559,2021-02-28,19,15,9,0,0,0,0
JD_12381558,2021-02-28,5,4,2,0,0,0,1
JD_12381557,2021-02-28,10,8,3,0,0,0,0
JD_12381556,2021-02-28,195,125,130,0,0,0,1
JD_12381555,2021-02-28,60,53,13,0,0,0,0
JD_12381554,2021-02-28,24,15,18,0,0,0,0
JD_12381553,2021-02-28,174,128,96,0,0,0,1
JD_12381552,2021-02-28,215,128,154,0,0,0,0
JD_12381551,2021-02-28,31,28,8,0,0,0,0
JD_12381550,2021-02-28,36,26,19,0,0,0,0
JD_12381549,2021-02-28,5,4,1,0,0,0,0
JD_12381548,2021-02-28,56,42,17,0,1,0,0
JD_12381547,2021-02-28,1052,894,255,1,1,3,0
JD_12381546,2021-02-28,25,20,19,0,0,0,0
JD_12381545,2021-02-28,17,16,1,0,0,0,0
JD_12381544,2021-02-28,229,192,140,0,0,0,0
JD_12381542,2021-02-28,214,185,86,1,0,0,0
JD_12381541,2021-02-28,46,37,38,0,0,0,0
JD_12381540,2021-02-28,43,29,27,0,0,0,0
JD_12381539,2021-02-28,33,24,18,0,0,0,0
JD_12381538,2021-02-28,53,43,13,0,0,0,0
JD_12381537,2021-02-28,13,12,4,0,1,0,0
JD_12381536,2021-02-28,385,301,156,0,0,2,2
JD_12381535,2021-02-28,94,86,25,0,0,0,0
JD_12381534,2021-02-28,10679,8688,4373,6,6,16,13
JD_12381533,2021-02-28,24,22,2,0,0,1,0
JD_12381532,2021-02-28,63,55,29,0,0,0,0
JD_12381531,2021-02-28,3,3,1,0,0,0,0
JD_12381530,2021-02-28,2,2,0,0,0,0,0
JD_12381529,2021-02-28,37,33,6,0,0,0,0
