JD_11350509,2021-02-28,8,7,3,0,0,0,0
JD_11350508,2021-02-28,6,3,6,0,0,0,0
JD_11350507,2021-02-28,65,39,30,2,0,0,0
JD_11350506,2021-02-28,0,0,0,0,0,0,0
JD_11350505,2021-02-28,108,58,65,1,1,0,0
JD_11350504,2021-02-28,37,18,30,0,0,0,0
JD_11350503,2021-02-28,0,0,0,0,0,0,0
JD_11350500,2021-02-28,225,169,119,0,2,0,0
JD_11350497,2021-02-28,38,4,37,0,1,0,0
JD_11350496,2021-02-28,0,0,0,0,0,0,0
JD_11350495,2021-02-28,276,202,150,1,0,0,0
JD_11350494,2021-02-28,33,23,25,0,0,0,0
JD_11350493,2021-02-28,296,10,286,7,3,0,1
JD_11350492,2021-02-28,3,0,3,0,0,0,0
JD_11350491,2021-02-28,137,2,128,3,6,0,1
JD_11350489,2021-02-28,56,0,54,2,0,0,0
JD_11350488,2021-02-28,325,6,310,13,2,0,0
JD_11350487,2021-02-28,1,1,1,0,0,0,0
JD_11350486,2021-02-28,51,4,47,3,0,0,0
JD_11350485,2021-02-28,12,4,12,0,0,0,0
JD_11350484,2021-02-28,47,8,37,3,0,0,0
JD_11350483,2021-02-28,305,156,286,3,3,0,1
JD_11350482,2021-02-28,26,14,12,0,0,0,0
JD_11350481,2021-02-28,16,11,6,0,0,0,0
JD_11350480,2021-02-28,30,17,18,0,0,0,0
JD_11350470,2021-02-28,0,0,0,0,0,0,0
JD_11350466,2021-02-28,7,5,6,0,0,0,0
JD_11350461,2021-02-28,98,62,93,0,0,0,0
JD_11350460,2021-02-28,11,9,6,0,0,0,0
JD_11350459,2021-02-28,1,1,0,0,0,0,0
JD_11350456,2021-02-28,0,0,0,0,0,0,0
JD_11350450,2021-02-28,369,168,317,5,3,1,1
JD_11350449,2021-02-28,3,3,3,0,0,0,0
JD_11350448,2021-02-28,3,0,3,0,0,0,0
JD_11350446,2021-02-28,1109,591,841,15,7,0,3
JD_11350445,2021-02-28,15,2,15,0,0,0,0
JD_11350444,2021-02-28,293,132,288,4,1,0,2
JD_11350443,2021-02-28,0,0,0,0,0,0,0
JD_11350441,2021-02-28,23,16,10,0,0,0,0
JD_11350440,2021-02-28,10,4,9,0,0,0,0
JD_11350439,2021-02-28,11,6,8,0,0,0,0
JD_11350438,2021-02-28,2,2,0,0,0,0,0
JD_11350437,2021-02-28,2,2,0,0,0,0,0
JD_11350436,2021-02-28,3,2,2,0,0,0,0
JD_11350435,2021-02-28,19,13,11,0,0,0,0
JD_11350433,2021-02-28,3,1,4,0,0,0,0
JD_11350432,2021-02-28,15,2,14,0,0,0,0
JD_11350431,2021-02-28,10,6,6,1,0,0,0
JD_11350430,2021-02-28,4,3,3,0,0,0,0
JD_11350428,2021-02-28,1,1,0,0,0,0,0
JD_11350427,2021-02-28,20,10,14,0,0,0,0
JD_11350423,2021-02-28,65,15,59,1,1,0,0
JD_11350422,2021-02-28,3,0,3,0,0,0,0
JD_11350421,2021-02-28,640,0,630,7,3,0,0
JD_11350418,2021-02-28,105,0,103,2,0,0,0
JD_11350415,2021-02-28,448,0,446,2,0,0,0
JD_11350413,2021-02-28,436,0,432,3,1,0,0
JD_11350412,2021-02-28,101,0,101,0,0,0,0
JD_11350411,2021-02-28,278,0,273,5,0,0,0
JD_11350406,2021-02-28,3,1,2,0,0,0,0
JD_11350405,2021-02-28,2,1,1,0,0,0,0
JD_11350402,2021-02-28,8,5,7,0,1,0,0
JD_11350401,2021-02-28,1,0,1,0,0,0,0
JD_11350400,2021-02-28,5,3,3,0,0,0,0
JD_11350399,2021-02-28,2,0,1,1,0,0,0
JD_11350398,2021-02-28,0,0,0,0,0,0,0
JD_11350397,2021-02-28,2,2,1,0,0,0,0
JD_11350396,2021-02-28,0,0,0,0,0,0,0
JD_11350395,2021-02-28,4,0,4,0,0,0,0
JD_11350394,2021-02-28,2,0,2,0,0,0,0
