JD_12372402,2021-02-28,3,2,1,0,0,0,0
JD_12372401,2021-02-28,2,1,2,0,0,0,0
JD_12372400,2021-02-28,3,3,0,0,0,0,0
JD_12372398,2021-02-28,0,0,0,0,0,0,0
JD_12372396,2021-02-28,1,0,1,0,0,0,0
JD_12372395,2021-02-28,1340,1042,418,1,1,1,8
JD_12372394,2021-02-28,4,4,2,0,0,0,0
JD_12372393,2021-02-28,4,4,4,0,0,0,0
JD_12372392,2021-02-28,616,507,238,2,2,0,2
JD_12372391,2021-02-28,9,7,5,0,0,0,0
JD_12372390,2021-02-28,6,5,3,0,0,0,0
JD_12372389,2021-02-28,2,2,1,0,0,0,0
JD_12372388,2021-02-28,16,14,8,0,0,0,0
JD_12372387,2021-02-28,8,7,3,0,0,0,0
JD_12372386,2021-02-28,9,8,9,0,0,0,0
JD_12372385,2021-02-28,24,19,10,0,0,0,0
JD_12372383,2021-02-28,153,130,54,0,0,0,0
JD_12372382,2021-02-28,2,2,0,0,0,0,0
JD_12372381,2021-02-28,16,10,9,0,0,0,1
JD_12372380,2021-02-28,4,3,2,0,0,0,0
JD_12372379,2021-02-28,1547,1236,389,0,0,2,8
JD_12372378,2021-02-28,0,0,0,0,0,0,0
JD_12372377,2021-02-28,8,6,6,1,0,0,0
JD_12372376,2021-02-28,1,0,1,0,0,0,0
JD_12372375,2021-02-28,13,10,5,0,0,0,0
JD_12372374,2021-02-28,140,117,62,0,0,0,0
JD_12372373,2021-02-28,21,14,13,0,0,0,0
JD_12372372,2021-02-28,0,0,0,0,0,0,0
JD_12372371,2021-02-28,8,7,3,0,0,0,0
JD_12372370,2021-02-28,0,0,0,0,0,0,0
JD_12372369,2021-02-28,16,9,6,1,1,0,0
JD_12372368,2021-02-28,3,3,2,0,0,0,0
JD_12372367,2021-02-28,53,37,21,0,0,0,0
JD_12372366,2021-02-28,0,0,0,0,0,0,0
JD_12372365,2021-02-28,15,14,5,0,0,0,0
JD_12372364,2021-02-28,0,0,0,0,0,0,0
JD_12372363,2021-02-28,72,55,45,1,0,0,1
JD_12372362,2021-02-28,3,2,1,0,0,0,0
JD_12372361,2021-02-28,9,7,9,0,0,0,0
JD_12372360,2021-02-28,2,2,2,0,0,0,0
JD_12372359,2021-02-28,42,38,11,0,0,0,1
JD_12372358,2021-02-28,2,2,0,0,0,0,0
JD_12372357,2021-02-28,7,5,2,0,0,0,0
JD_12372356,2021-02-28,2,2,0,0,0,0,0
JD_12372355,2021-02-28,3,3,1,0,0,0,0
JD_12372354,2021-02-28,1,1,1,0,0,0,0
JD_12372353,2021-02-28,4,3,2,0,0,0,0
JD_12372352,2021-02-28,3,3,0,0,0,0,0
JD_12372351,2021-02-28,35,29,11,0,0,0,0
JD_12372350,2021-02-28,0,0,0,0,0,0,0
JD_12372349,2021-02-28,14,12,8,0,0,0,0
JD_12372348,2021-02-28,0,0,0,0,0,0,0
JD_12372347,2021-02-28,0,0,0,0,0,0,0
JD_12372346,2021-02-28,1,1,1,0,0,0,0
JD_12372345,2021-02-28,61,42,54,0,0,0,0
JD_12372344,2021-02-28,0,0,0,0,0,0,0
JD_12372343,2021-02-28,46,38,36,0,0,0,0
JD_12372342,2021-02-28,4,3,3,0,0,0,0
JD_12372341,2021-02-28,23,17,21,0,0,0,0
JD_12372340,2021-02-28,2,1,1,0,0,0,0
JD_12372339,2021-02-28,1108,898,919,0,0,2,1
JD_12372338,2021-02-28,1,1,1,0,0,0,0
JD_12372337,2021-02-28,33,29,29,0,0,0,0
JD_12372336,2021-02-28,0,0,0,0,0,0,0
JD_12372335,2021-02-28,2198,1753,1711,2,1,2,7
JD_12372262,2021-02-28,0,0,0,0,0,0,0
JD_12372261,2021-02-28,41,33,21,0,0,0,0
JD_12372260,2021-02-28,77,49,56,0,0,0,0
JD_12372259,2021-02-28,106,88,65,0,0,0,1
JD_12372256,2021-02-28,179,158,79,0,1,0,0
