JD_11559686,2021-02-28,41,29,25,0,0,0,0
JD_11559685,2021-02-28,4,2,3,0,0,0,0
JD_11559684,2021-02-28,3,2,1,0,0,0,0
JD_11559683,2021-02-28,8,3,6,1,0,0,0
JD_11559682,2021-02-28,17,2,16,0,0,0,0
JD_11559681,2021-02-28,716,525,439,3,2,1,1
JD_11559680,2021-02-28,14,6,12,0,0,0,0
JD_11559679,2021-02-28,83,45,51,1,0,0,1
JD_11559678,2021-02-28,43,29,32,1,1,0,0
JD_11559677,2021-02-28,3,1,3,0,0,0,0
JD_11559676,2021-02-28,47,25,34,1,0,0,0
JD_11559675,2021-02-28,37,22,30,0,0,0,0
JD_11559674,2021-02-28,39,26,25,0,0,0,0
JD_11559673,2021-02-28,45,28,44,0,0,0,0
JD_11559672,2021-02-28,54,28,46,1,0,0,0
JD_11559671,2021-02-28,37,24,27,0,0,0,0
JD_11559670,2021-02-28,26,15,21,0,0,0,0
JD_11559669,2021-02-28,30,19,22,0,0,0,0
JD_11559668,2021-02-28,45,22,44,0,0,0,0
JD_11559666,2021-02-28,49,35,49,1,0,0,0
JD_11559664,2021-02-28,35,24,26,0,0,0,0
JD_11559663,2021-02-28,59,30,58,0,0,0,0
JD_11559662,2021-02-28,71,55,66,0,0,0,0
JD_11559661,2021-02-28,69,55,57,0,0,0,0
JD_11559659,2021-02-28,24,17,13,0,0,0,0
JD_11559658,2021-02-28,6,0,6,0,0,0,0
JD_11559657,2021-02-28,7,5,6,0,0,0,0
JD_11559656,2021-02-28,0,0,0,0,0,0,0
JD_11559655,2021-02-28,5,4,3,0,0,0,0
JD_11559654,2021-02-28,135,91,134,1,0,0,0
JD_11559653,2021-02-28,12,1,11,0,0,0,0
JD_11559652,2021-02-28,10,9,4,0,0,0,0
JD_11559651,2021-02-28,47,26,34,0,0,0,0
JD_11559650,2021-02-28,12,6,12,0,0,0,0
JD_11559648,2021-02-28,15,7,14,1,0,0,0
JD_11559647,2021-02-28,10,8,6,0,0,0,0
JD_11559646,2021-02-28,46,36,17,1,0,0,0
JD_11559645,2021-02-28,108,82,91,0,0,0,0
JD_11559644,2021-02-28,612,439,607,3,0,0,0
JD_11559643,2021-02-28,94,64,73,0,1,0,0
JD_11559299,2021-02-28,0,0,0,0,0,0,0
JD_11559298,2021-02-28,2,2,0,0,0,0,0
JD_11559297,2021-02-28,38,24,29,0,0,0,1
JD_11559295,2021-02-28,337,218,336,1,0,1,1
JD_11559294,2021-02-28,538,383,397,1,1,1,2
JD_11559293,2021-02-28,18,7,18,0,0,0,0
JD_11559292,2021-02-28,4,0,4,0,0,0,0
JD_11559291,2021-02-28,0,0,0,0,0,0,0
JD_11559290,2021-02-28,0,0,0,0,0,0,0
JD_11559288,2021-02-28,92,60,64,0,0,0,0
JD_11559287,2021-02-28,37,24,22,0,0,0,0
JD_11559286,2021-02-28,11,9,2,0,0,0,0
JD_11559285,2021-02-28,13,9,5,0,0,0,0
JD_11559284,2021-02-28,10,4,9,1,0,0,0
JD_11559283,2021-02-28,149,104,93,1,1,0,0
JD_11559282,2021-02-28,23,8,16,0,0,0,0
JD_11559281,2021-02-28,41,28,21,0,1,0,0
JD_11559280,2021-02-28,536,368,387,0,0,0,1
JD_11559279,2021-02-28,1032,750,484,5,0,0,2
JD_11559278,2021-02-28,1171,407,1126,8,6,0,5
JD_11559277,2021-02-28,790,278,616,11,3,0,0
JD_11559276,2021-02-28,20,16,8,0,0,0,0
JD_11559275,2021-02-28,34,11,27,0,0,0,0
JD_11559274,2021-02-28,79,39,76,1,0,0,0
JD_11559273,2021-02-28,79,26,60,0,0,0,0
JD_11559272,2021-02-28,3,0,3,0,0,0,0
JD_11559271,2021-02-28,109,73,49,0,0,0,1
JD_11559270,2021-02-28,65,40,46,0,0,0,1
JD_11559269,2021-02-28,287,100,285,1,1,0,2
JD_11559268,2021-02-28,0,0,0,0,0,0,0
