JD_12113529,2021-02-28,101,76,93,0,0,0,0
JD_12113528,2021-02-28,68,40,49,0,0,0,0
JD_12113527,2021-02-28,3655,3149,687,4,2,0,3
JD_12113526,2021-02-28,0,0,0,0,0,0,0
JD_12113525,2021-02-28,6,0,5,1,0,0,0
JD_12113524,2021-02-28,158,36,157,0,1,1,3
JD_12113523,2021-02-28,0,0,0,0,0,0,0
JD_12113522,2021-02-28,91,69,44,0,0,2,2
JD_12113521,2021-02-28,0,0,0,0,0,0,0
JD_12113520,2021-02-28,20,17,10,0,0,0,0
JD_12113519,2021-02-28,289,222,208,0,0,0,2
JD_12113518,2021-02-28,21,13,12,0,0,0,0
JD_12113517,2021-02-28,61,48,26,1,0,0,1
JD_12113516,2021-02-28,38,32,18,0,0,0,0
JD_12113515,2021-02-28,85,71,68,0,0,0,0
JD_12113514,2021-02-28,195,151,131,1,1,0,1
JD_12113513,2021-02-28,6,5,3,0,0,0,0
JD_12113512,2021-02-28,49,43,26,1,0,0,0
JD_12113510,2021-02-28,63,47,27,0,1,0,0
JD_12113509,2021-02-28,6,5,2,0,0,0,0
JD_12113508,2021-02-28,22,17,10,0,0,0,0
JD_12113507,2021-02-28,210,169,209,1,0,0,0
JD_12113503,2021-02-28,641,469,638,2,1,0,1
JD_12113500,2021-02-28,11,9,11,0,0,0,0
JD_12113499,2021-02-28,317,254,90,4,0,1,0
JD_12113497,2021-02-28,5,0,5,0,0,0,0
JD_12113495,2021-02-28,11,9,9,0,0,0,0
JD_12113493,2021-02-28,1,0,1,0,0,0,0
JD_12113492,2021-02-28,199,157,199,0,0,0,0
JD_12113491,2021-02-28,31,26,22,0,0,0,0
JD_12113490,2021-02-28,69,31,68,1,0,0,1
JD_12113488,2021-02-28,10,7,8,0,0,1,0
JD_12113485,2021-02-28,204,122,203,1,0,0,0
JD_12113484,2021-02-28,10,7,10,0,0,0,0
JD_12113483,2021-02-28,878,623,874,4,0,1,1
JD_12113482,2021-02-28,6,4,4,0,0,0,0
JD_12113481,2021-02-28,98,79,98,0,0,0,0
JD_12113479,2021-02-28,341,272,236,0,0,0,0
JD_12113477,2021-02-28,283,230,282,1,0,0,0
JD_12113475,2021-02-28,1028,782,1025,3,0,1,3
JD_12113473,2021-02-28,276,197,274,2,0,0,2
JD_12113471,2021-02-28,184,121,146,1,0,0,0
JD_12113470,2021-02-28,47,28,47,0,0,0,0
JD_12113469,2021-02-28,604,418,596,5,3,1,0
JD_12113468,2021-02-28,22,16,22,0,0,0,0
JD_12113467,2021-02-28,708,509,707,0,0,0,4
JD_12113466,2021-02-28,13,9,12,0,0,0,0
JD_12113465,2021-02-28,105,82,101,0,0,0,0
JD_12113464,2021-02-28,6,4,3,0,0,0,0
JD_12113463,2021-02-28,38,31,31,0,0,0,0
JD_12113462,2021-02-28,2,1,1,0,0,0,0
JD_12113461,2021-02-28,86,64,78,0,0,0,0
JD_12113460,2021-02-28,52,34,51,1,0,1,0
JD_12113458,2021-02-28,18,3,17,1,0,0,0
JD_12113457,2021-02-28,97,72,92,1,1,0,0
JD_12113456,2021-02-28,13,11,12,0,0,0,0
JD_12113455,2021-02-28,1113,905,952,1,0,0,1
JD_12113453,2021-02-28,193,156,100,0,0,0,0
JD_12113452,2021-02-28,7,6,7,0,0,0,0
JD_12113451,2021-02-28,34,27,20,0,0,0,0
JD_12113450,2021-02-28,17,12,17,0,0,0,0
JD_12113449,2021-02-28,41,33,22,0,0,0,0
JD_12113448,2021-02-28,2,2,0,0,0,0,0
JD_12113447,2021-02-28,228,184,72,0,0,0,0
JD_12113446,2021-02-28,3,2,3,0,0,0,0
JD_12113445,2021-02-28,96,87,53,0,0,0,0
JD_12113444,2021-02-28,15,11,15,0,0,0,0
JD_12113443,2021-02-28,0,0,0,0,0,0,0
JD_12113442,2021-02-28,227,178,226,1,0,0,0
JD_12113441,2021-02-28,26,23,17,0,0,0,0
