JD_11351744,2021-02-28,23,17,15,0,0,0,0
JD_11351742,2021-02-28,0,0,0,0,0,0,0
JD_11351741,2021-02-28,0,0,0,0,0,0,0
JD_11351740,2021-02-28,0,0,0,0,0,0,0
JD_11351738,2021-02-28,41,33,14,0,0,0,0
JD_11351736,2021-02-28,0,0,0,0,0,0,0
JD_11351734,2021-02-28,4,0,4,0,0,0,0
JD_11351733,2021-02-28,787,340,780,6,0,0,6
JD_11351732,2021-02-28,1,1,1,0,0,0,0
JD_11351731,2021-02-28,0,0,0,0,0,0,0
JD_11351728,2021-02-28,0,0,0,0,0,0,0
JD_11351723,2021-02-28,0,0,0,0,0,0,0
JD_11351722,2021-02-28,906,554,792,3,1,2,5
JD_11351720,2021-02-28,13,3,12,0,0,0,0
JD_11351718,2021-02-28,0,0,0,0,0,0,0
JD_11351715,2021-02-28,1,1,1,0,0,0,0
JD_11351714,2021-02-28,0,0,0,0,0,0,0
JD_11351713,2021-02-28,0,0,0,0,0,0,0
JD_11351711,2021-02-28,0,0,0,0,0,0,0
JD_11351710,2021-02-28,0,0,0,0,0,0,0
JD_11351709,2021-02-28,0,0,0,0,0,0,0
JD_11351708,2021-02-28,26,10,26,0,0,0,0
JD_11351706,2021-02-28,47,15,43,0,0,0,0
JD_11351705,2021-02-28,39,16,37,0,0,0,0
JD_11351704,2021-02-28,101,43,94,2,0,0,0
JD_11351702,2021-02-28,0,0,0,0,0,0,0
JD_11351700,2021-02-28,21,11,20,0,0,0,0
JD_11351698,2021-02-28,62,33,41,1,0,0,0
JD_11351696,2021-02-28,42,0,40,1,1,0,0
JD_11351693,2021-02-28,16,9,15,0,0,0,0
JD_11351692,2021-02-28,11,7,11,0,0,0,0
JD_11351686,2021-02-28,19,6,18,0,0,0,0
JD_11351685,2021-02-28,12,10,6,1,0,0,0
JD_11351682,2021-02-28,39,19,35,0,1,0,0
JD_11351681,2021-02-28,1,0,1,0,0,0,0
JD_11351680,2021-02-28,13,11,3,0,0,0,0
JD_11351679,2021-02-28,7,3,7,0,0,0,0
JD_11351677,2021-02-28,3,2,2,0,0,0,0
JD_11351674,2021-02-28,0,0,0,0,0,0,0
JD_11351673,2021-02-28,0,0,0,0,0,0,0
JD_11351671,2021-02-28,0,0,0,0,0,0,0
JD_11351669,2021-02-28,0,0,0,0,0,0,0
JD_11351668,2021-02-28,14,10,7,0,0,0,0
JD_11351667,2021-02-28,0,0,0,0,0,0,0
JD_11351665,2021-02-28,17,0,15,1,1,0,0
JD_11351660,2021-02-28,3,3,1,0,0,0,0
JD_11351647,2021-02-28,271,0,260,9,2,0,0
JD_11351646,2021-02-28,298,114,281,3,0,0,1
JD_11351641,2021-02-28,0,0,0,0,0,0,0
JD_11351638,2021-02-28,14,8,9,0,0,0,0
JD_11351637,2021-02-28,4,2,1,0,1,0,0
JD_11351636,2021-02-28,3,2,1,0,0,0,0
JD_11351630,2021-02-28,48,38,20,1,0,0,0
JD_11351629,2021-02-28,9,8,4,0,0,0,0
JD_11351626,2021-02-28,0,0,0,0,0,0,0
JD_11351624,2021-02-28,31,19,23,0,0,0,0
JD_11351623,2021-02-28,0,0,0,0,0,0,0
JD_11351621,2021-02-28,0,0,0,0,0,0,0
JD_11351615,2021-02-28,41,3,39,2,0,0,0
JD_11351614,2021-02-28,6,1,5,0,0,0,0
JD_11351611,2021-02-28,0,0,0,0,0,0,0
JD_11351610,2021-02-28,1,0,1,0,0,0,0
JD_11351606,2021-02-28,47,41,22,0,0,0,0
JD_11351605,2021-02-28,0,0,0,0,0,0,0
JD_11351604,2021-02-28,8,2,8,0,0,0,0
JD_11351603,2021-02-28,8,5,4,0,0,0,0
JD_11351601,2021-02-28,14,12,5,0,0,0,0
JD_11351599,2021-02-28,2,0,2,0,0,0,0
JD_11351598,2021-02-28,4,4,1,0,0,0,0
JD_11351597,2021-02-28,11,10,6,0,1,0,0
