JD_11438821,2021-02-28,0,0,0,0,0,0,0
JD_11438820,2021-02-28,7,4,7,0,0,0,0
JD_11438819,2021-02-28,5,4,4,0,0,0,0
JD_11438817,2021-02-28,47,36,21,0,1,0,0
JD_11438816,2021-02-28,233,167,130,0,0,0,1
JD_11438815,2021-02-28,119,78,84,2,0,1,0
JD_11438814,2021-02-28,27,22,17,0,0,0,0
JD_11438813,2021-02-28,27,18,15,0,0,0,0
JD_11438812,2021-02-28,46,5,44,1,1,0,0
JD_11438811,2021-02-28,21,18,12,0,0,0,0
JD_11438810,2021-02-28,5,4,5,0,0,0,0
JD_11438809,2021-02-28,315,196,236,2,0,0,1
JD_11438808,2021-02-28,176,77,141,3,2,0,1
JD_11438807,2021-02-28,7,5,5,0,0,0,0
JD_11438806,2021-02-28,44,28,26,1,0,0,0
JD_11438805,2021-02-28,4,2,3,0,0,0,0
JD_11438804,2021-02-28,7,4,5,0,0,0,0
JD_11438803,2021-02-28,9,6,6,0,0,0,0
JD_11438802,2021-02-28,203,157,125,0,1,0,1
JD_11438801,2021-02-28,386,281,312,0,1,1,0
JD_11438800,2021-02-28,188,154,122,1,1,0,0
JD_11438799,2021-02-28,34,23,17,0,0,0,0
JD_11438798,2021-02-28,379,269,275,2,1,1,0
JD_11438797,2021-02-28,15,6,14,1,0,0,0
JD_11438796,2021-02-28,4,1,4,0,0,0,0
JD_11438795,2021-02-28,5,3,2,0,0,0,0
JD_11438794,2021-02-28,210,167,52,1,0,0,0
JD_11438793,2021-02-28,4,3,2,0,0,0,0
JD_11438792,2021-02-28,63,46,43,2,0,0,0
JD_11438791,2021-02-28,16,10,9,0,0,0,0
JD_11438790,2021-02-28,12,0,11,0,1,0,0
JD_11438789,2021-02-28,20,17,8,0,0,0,0
JD_11438788,2021-02-28,12,6,8,0,0,0,0
JD_11438787,2021-02-28,28,20,11,0,0,0,0
JD_11438786,2021-02-28,30,14,23,0,0,0,0
JD_11438785,2021-02-28,5971,4294,3385,12,8,1,7
JD_11438784,2021-02-28,4,3,4,0,0,0,0
JD_11438783,2021-02-28,7,5,4,0,0,0,0
JD_11438782,2021-02-28,89,1,88,1,0,0,1
JD_11438781,2021-02-28,800,467,798,3,1,2,4
JD_11438780,2021-02-28,1950,322,1824,55,31,1,9
JD_11438778,2021-02-28,90,36,89,1,0,0,0
JD_11438777,2021-02-28,235,110,234,1,0,0,2
JD_11438775,2021-02-28,8,2,8,0,0,0,0
JD_11438774,2021-02-28,5,1,4,0,0,0,0
JD_11438773,2021-02-28,66,50,27,1,1,0,0
JD_11438772,2021-02-28,4,0,4,0,0,0,0
JD_11438771,2021-02-28,4,4,2,0,0,0,0
JD_11438770,2021-02-28,2,2,2,0,0,0,0
JD_11438769,2021-02-28,11,3,9,0,0,0,0
JD_11438768,2021-02-28,21,7,18,0,0,0,0
JD_11438767,2021-02-28,106,82,43,0,0,0,0
JD_11438766,2021-02-28,0,0,0,0,0,0,0
JD_11438765,2021-02-28,153,95,77,1,1,0,0
JD_11438764,2021-02-28,33,19,19,1,0,0,0
JD_11438763,2021-02-28,59,43,30,0,0,0,0
JD_11438762,2021-02-28,3,0,3,0,0,0,0
JD_11438761,2021-02-28,55,5,51,3,0,0,0
JD_11438760,2021-02-28,14,0,14,0,0,0,0
JD_11438758,2021-02-28,0,0,0,0,0,0,0
JD_11438757,2021-02-28,6,2,5,0,0,0,0
JD_11438756,2021-02-28,12,2,10,0,0,0,0
JD_11438755,2021-02-28,1,0,1,0,0,0,0
JD_11438754,2021-02-28,1,0,1,0,0,0,0
JD_11438753,2021-02-28,1,0,1,0,0,0,0
JD_11438752,2021-02-28,10,0,9,1,0,0,0
JD_11438751,2021-02-28,149,0,136,8,5,0,0
JD_11438750,2021-02-28,1079,0,1021,39,19,0,1
JD_11438749,2021-02-28,3,1,2,0,0,0,0
JD_11438748,2021-02-28,8,0,7,1,0,0,0
