JD_11516701,2021-02-28,0,0,0,0,0,0,0
JD_11516700,2021-02-28,1,1,1,0,0,0,0
JD_11516698,2021-02-28,1,1,0,0,0,0,0
JD_11516697,2021-02-28,2,0,2,0,0,0,0
JD_11516696,2021-02-28,5,1,5,0,0,0,0
JD_11516694,2021-02-28,1,0,1,0,0,0,0
JD_11516693,2021-02-28,1,1,1,0,0,0,0
JD_11516692,2021-02-28,3,1,2,0,0,0,0
JD_11516691,2021-02-28,1,1,0,0,0,0,0
JD_11516688,2021-02-28,0,0,0,0,0,0,0
JD_11516687,2021-02-28,0,0,0,0,0,0,0
JD_11516686,2021-02-28,796,594,475,3,2,1,4
JD_11516683,2021-02-28,0,0,0,0,0,0,0
JD_11516682,2021-02-28,7,0,6,1,0,0,0
JD_11516677,2021-02-28,0,0,0,0,0,0,0
JD_11516674,2021-02-28,0,0,0,0,0,0,0
JD_11516673,2021-02-28,0,0,0,0,0,0,0
JD_11516672,2021-02-28,2,2,0,0,0,0,0
JD_11516668,2021-02-28,0,0,0,0,0,0,0
JD_11516667,2021-02-28,0,0,0,0,0,0,0
JD_11516666,2021-02-28,0,0,0,0,0,0,0
JD_11516665,2021-02-28,14,12,2,0,0,0,0
JD_11516664,2021-02-28,9,4,5,1,0,0,0
JD_11516663,2021-02-28,7,6,4,0,0,0,0
JD_11516662,2021-02-28,2,1,2,0,0,0,0
JD_11516661,2021-02-28,1,1,1,0,0,0,0
JD_11516659,2021-02-28,2,2,1,0,0,0,0
JD_11516658,2021-02-28,37,22,26,0,0,0,0
JD_11516657,2021-02-28,5,5,2,0,0,0,0
JD_11516656,2021-02-28,19,13,7,2,0,0,0
JD_11516654,2021-02-28,8,6,5,0,0,0,0
JD_11516653,2021-02-28,15,12,9,0,0,0,0
JD_11516652,2021-02-28,19,11,13,0,0,0,0
JD_11516650,2021-02-28,5,2,1,2,0,0,0
JD_11516648,2021-02-28,8,6,4,0,0,0,0
JD_11516647,2021-02-28,36,29,11,0,0,0,0
JD_11516646,2021-02-28,8,5,4,0,0,0,0
JD_11516645,2021-02-28,46,33,35,1,0,0,1
JD_11516643,2021-02-28,50,42,23,1,0,0,0
JD_11516642,2021-02-28,46,38,28,0,0,0,0
JD_11516641,2021-02-28,6,4,2,0,0,0,0
JD_11516640,2021-02-28,21,13,8,0,0,0,0
JD_11516639,2021-02-28,1694,264,1680,11,3,1,3
JD_11516638,2021-02-28,16523,3144,16401,81,40,1,50
JD_11516634,2021-02-28,18,11,11,0,0,0,0
JD_11516633,2021-02-28,0,0,0,0,0,0,0
JD_11516627,2021-02-28,0,0,0,0,0,0,0
JD_11516625,2021-02-28,0,0,0,0,0,0,0
JD_11516622,2021-02-28,16,11,9,0,0,0,0
JD_11516621,2021-02-28,13,4,11,0,0,0,1
JD_11516620,2021-02-28,42,31,24,0,0,0,0
JD_11516617,2021-02-28,220,117,164,3,2,0,2
JD_11516616,2021-02-28,31,0,31,0,0,0,0
JD_11516615,2021-02-28,8,5,5,0,0,0,0
JD_11516614,2021-02-28,34,16,30,1,0,0,0
JD_11516613,2021-02-28,23,14,11,1,0,0,0
JD_11516612,2021-02-28,48,10,45,1,0,0,0
JD_11516611,2021-02-28,9,6,5,0,0,0,0
JD_11516610,2021-02-28,118,65,80,0,1,0,1
JD_11516609,2021-02-28,290,180,202,0,0,0,4
JD_11516608,2021-02-28,42,20,41,0,0,0,0
JD_11516607,2021-02-28,112,21,99,4,0,0,0
JD_11516606,2021-02-28,16,8,15,0,0,0,0
JD_11516605,2021-02-28,4,2,3,0,0,0,0
JD_11516604,2021-02-28,121,77,87,1,0,0,0
JD_11516603,2021-02-28,29,17,18,1,0,0,0
JD_11516602,2021-02-28,61,27,47,0,0,0,1
JD_11516601,2021-02-28,42,18,31,1,0,0,0
JD_11516600,2021-02-28,26,1,25,1,0,0,0
JD_11516599,2021-02-28,12,2,11,0,0,0,0
