JD_11295260,2021-02-28,1,0,1,0,0,0,0
JD_11295259,2021-02-28,1,1,1,0,0,0,0
JD_11295256,2021-02-28,1,1,0,0,0,0,0
JD_11295255,2021-02-28,0,0,0,0,0,0,0
JD_11295254,2021-02-28,0,0,0,0,0,0,0
JD_11295252,2021-02-28,0,0,0,0,0,0,0
JD_11295250,2021-02-28,0,0,0,0,0,0,0
JD_11295249,2021-02-28,0,0,0,0,0,0,0
JD_11295248,2021-02-28,0,0,0,0,0,0,0
JD_11295246,2021-02-28,2,2,2,0,0,0,0
JD_11295242,2021-02-28,3,1,3,0,0,0,0
JD_11295241,2021-02-28,0,0,0,0,0,0,0
JD_11295240,2021-02-28,0,0,0,0,0,0,0
JD_11295239,2021-02-28,0,0,0,0,0,0,0
JD_11295228,2021-02-28,0,0,0,0,0,0,0
JD_11295227,2021-02-28,0,0,0,0,0,0,0
JD_11295225,2021-02-28,3,2,2,0,0,0,0
JD_11295224,2021-02-28,2,1,1,0,0,0,0
JD_11295216,2021-02-28,0,0,0,0,0,0,0
JD_11295215,2021-02-28,0,0,0,0,0,0,0
JD_11295214,2021-02-28,0,0,0,0,0,0,0
JD_11295212,2021-02-28,1,1,1,0,0,0,0
JD_11295211,2021-02-28,0,0,0,0,0,0,0
JD_11295210,2021-02-28,0,0,0,0,0,0,0
JD_11295209,2021-02-28,0,0,0,0,0,0,0
JD_11295208,2021-02-28,0,0,0,0,0,0,0
JD_11295206,2021-02-28,0,0,0,0,0,0,0
JD_11295205,2021-02-28,3,1,2,0,0,0,0
JD_11295204,2021-02-28,1,1,1,0,0,0,0
JD_11295203,2021-02-28,1,0,1,0,0,0,0
JD_11295202,2021-02-28,2,2,1,0,0,0,0
JD_11295200,2021-02-28,0,0,0,0,0,0,0
JD_11295198,2021-02-28,0,0,0,0,0,0,0
JD_11295196,2021-02-28,0,0,0,0,0,0,0
JD_11295190,2021-02-28,0,0,0,0,0,0,0
JD_11295186,2021-02-28,0,0,0,0,0,0,0
JD_11295185,2021-02-28,0,0,0,0,0,0,0
JD_11295184,2021-02-28,0,0,0,0,0,0,0
JD_11295182,2021-02-28,0,0,0,0,0,0,0
JD_11295181,2021-02-28,3,2,1,0,0,0,0
JD_11295178,2021-02-28,2,2,2,0,0,0,0
JD_11295177,2021-02-28,11,10,8,0,0,0,0
JD_11295175,2021-02-28,9,5,4,0,0,0,0
JD_11295174,2021-02-28,0,0,0,0,0,0,0
JD_11295172,2021-02-28,11,5,8,0,0,0,0
JD_11295171,2021-02-28,13,3,10,1,0,0,0
JD_11295170,2021-02-28,9,2,8,0,0,0,0
JD_11295169,2021-02-28,11,7,10,0,0,0,0
JD_11295168,2021-02-28,184,122,96,0,0,0,0
JD_11295167,2021-02-28,6,4,3,0,0,0,0
JD_11295166,2021-02-28,20,4,16,0,0,0,0
JD_11295165,2021-02-28,190,0,179,8,3,0,0
JD_11295164,2021-02-28,123,41,98,1,0,0,1
JD_11295163,2021-02-28,699,104,624,4,2,0,1
JD_11295162,2021-02-28,6,2,6,0,0,0,0
JD_11295161,2021-02-28,0,0,0,0,0,0,0
JD_11295160,2021-02-28,3,3,2,0,0,0,0
JD_11295158,2021-02-28,0,0,0,0,0,0,0
JD_11295156,2021-02-28,88,17,79,0,0,0,0
JD_11295154,2021-02-28,546,0,530,11,5,0,0
JD_11295150,2021-02-28,344,0,311,21,12,0,0
JD_11295145,2021-02-28,8,2,6,0,0,0,0
JD_11295142,2021-02-28,578,0,557,16,5,0,0
JD_11295120,2021-02-28,84,45,62,0,0,0,0
JD_11295119,2021-02-28,257,107,256,0,1,0,0
JD_11295118,2021-02-28,2778,1020,2349,21,8,0,12
JD_11295116,2021-02-28,1,1,1,0,0,0,0
JD_11295115,2021-02-28,7,4,7,0,0,0,0
JD_11295114,2021-02-28,2219,939,2068,12,10,3,8
JD_11295112,2021-02-28,8,0,7,0,1,0,0
