JD_11660438,2021-02-28,345,284,189,0,1,0,0
JD_11660437,2021-02-28,413,335,267,0,0,0,0
JD_11660435,2021-02-28,92,75,28,0,0,0,0
JD_11660434,2021-02-28,73,61,37,0,1,0,0
JD_11660433,2021-02-28,164,109,71,4,0,0,0
JD_11660431,2021-02-28,0,0,0,0,0,0,0
JD_11660430,2021-02-28,38,28,20,0,0,0,0
JD_11660429,2021-02-28,9,3,8,0,0,0,0
JD_11660427,2021-02-28,0,0,0,0,0,0,0
JD_11660426,2021-02-28,4,3,3,0,0,0,0
JD_11660425,2021-02-28,33,26,19,0,0,0,0
JD_11660424,2021-02-28,6,3,6,0,0,0,0
JD_11660423,2021-02-28,1025,851,512,0,1,0,4
JD_11660422,2021-02-28,6,3,4,0,0,0,0
JD_11660421,2021-02-28,10,6,5,0,0,0,0
JD_11660420,2021-02-28,5,4,3,0,0,0,0
JD_11660419,2021-02-28,1,1,1,0,0,0,0
JD_11660418,2021-02-28,3,3,2,0,0,0,0
JD_11660417,2021-02-28,18,14,7,0,0,0,0
JD_11660416,2021-02-28,1,1,1,0,0,0,0
JD_11660415,2021-02-28,17,10,17,0,0,0,0
JD_11660414,2021-02-28,1,0,1,0,0,0,0
JD_11660413,2021-02-28,3,2,2,0,0,0,0
JD_11660412,2021-02-28,3,1,3,0,0,0,0
JD_11660411,2021-02-28,6,4,5,0,0,1,0
JD_11660410,2021-02-28,4,3,4,0,0,0,0
JD_11660409,2021-02-28,1,1,0,0,0,0,0
JD_11660408,2021-02-28,3,2,1,0,0,0,0
JD_11660407,2021-02-28,3,3,2,0,0,0,0
JD_11659822,2021-02-28,10,6,7,1,0,0,0
JD_11659821,2021-02-28,10,6,5,0,0,0,0
JD_11659820,2021-02-28,167,64,128,6,0,0,0
JD_11659819,2021-02-28,1200,897,923,5,5,1,2
JD_11659818,2021-02-28,11,9,7,0,0,0,0
JD_11659814,2021-02-28,2,0,2,0,0,0,0
JD_11659813,2021-02-28,10,6,8,0,0,0,0
JD_11659812,2021-02-28,3,0,3,0,0,0,0
JD_11659811,2021-02-28,1,1,0,0,0,0,0
JD_11659810,2021-02-28,8,3,8,0,0,0,0
JD_11659809,2021-02-28,67,36,58,0,1,0,0
JD_11659808,2021-02-28,4,1,3,0,0,0,0
JD_11659807,2021-02-28,4,2,3,0,0,0,0
JD_11659806,2021-02-28,10,6,7,0,0,0,0
JD_11659805,2021-02-28,9,2,9,0,0,0,0
JD_11659804,2021-02-28,3,1,3,0,0,0,0
JD_11659802,2021-02-28,7,5,4,0,0,0,0
JD_11659801,2021-02-28,13,6,11,0,0,0,0
JD_11659800,2021-02-28,8,3,5,0,0,0,0
JD_11659799,2021-02-28,1363,1085,884,6,3,0,1
JD_11659797,2021-02-28,386,175,304,3,0,0,0
JD_11659795,2021-02-28,17,9,15,0,0,0,0
JD_11659794,2021-02-28,6,3,6,0,0,0,0
JD_11659793,2021-02-28,5,3,3,0,0,0,0
JD_11659792,2021-02-28,36,27,26,0,0,0,0
JD_11659791,2021-02-28,14,9,10,0,0,0,0
JD_11659790,2021-02-28,24,18,14,0,0,0,0
JD_11659788,2021-02-28,32,11,27,1,0,0,0
JD_11659787,2021-02-28,4,4,2,0,0,0,0
JD_11659786,2021-02-28,57,46,29,0,0,0,0
JD_11659785,2021-02-28,34,19,33,0,0,0,0
JD_11659784,2021-02-28,14,9,9,0,0,0,0
JD_11659783,2021-02-28,286,4,277,7,2,0,1
JD_11659782,2021-02-28,3,3,0,0,0,0,0
JD_11659781,2021-02-28,6,3,4,0,0,0,0
JD_11659780,2021-02-28,5,3,3,0,0,0,0
JD_11659778,2021-02-28,1868,1474,903,1,1,1,1
JD_11659777,2021-02-28,0,0,0,0,0,0,0
JD_11659776,2021-02-28,5,2,5,0,0,0,0
JD_11659775,2021-02-28,13,11,4,0,0,0,1
JD_11659774,2021-02-28,2,1,1,0,0,0,0
