JD_12295462,2021-02-28,4,4,1,0,0,0,0
JD_12295460,2021-02-28,14,12,8,0,1,0,0
JD_12295459,2021-02-28,7,5,7,0,0,0,0
JD_12295458,2021-02-28,53,49,46,0,0,0,0
JD_12295457,2021-02-28,7,7,4,0,0,0,0
JD_12295456,2021-02-28,240,209,172,0,1,0,1
JD_12295454,2021-02-28,50,46,24,0,0,0,0
JD_12293650,2021-02-28,255,206,117,2,0,0,1
JD_12293649,2021-02-28,26,21,17,0,0,0,0
JD_12293648,2021-02-28,602,492,509,2,0,0,0
JD_12293647,2021-02-28,362,293,263,0,0,0,0
JD_12293646,2021-02-28,1154,870,523,1,1,3,0
JD_12293645,2021-02-28,923,753,853,0,0,1,1
JD_12293644,2021-02-28,45,40,22,0,0,0,0
JD_12293643,2021-02-28,29,26,29,0,0,0,0
JD_12293642,2021-02-28,29,26,18,0,0,0,0
JD_12293641,2021-02-28,2,1,2,0,0,0,0
JD_12293640,2021-02-28,1470,1033,1206,2,0,2,13
JD_12293639,2021-02-28,294,233,146,0,0,1,0
JD_12293638,2021-02-28,314,257,161,2,0,0,1
JD_12293637,2021-02-28,429,354,202,1,0,0,1
JD_12293636,2021-02-28,304,253,192,1,0,0,0
JD_12293635,2021-02-28,3,3,2,0,0,0,0
JD_12293634,2021-02-28,238,188,144,0,1,0,1
JD_12293633,2021-02-28,225,184,159,0,0,0,1
JD_12293632,2021-02-28,67,51,36,0,0,0,0
JD_12293631,2021-02-28,123,91,106,1,0,0,0
JD_12293630,2021-02-28,260,187,136,1,0,0,0
JD_12293629,2021-02-28,0,0,0,0,0,0,0
JD_12293628,2021-02-28,479,362,344,2,1,0,1
JD_12293627,2021-02-28,141,112,76,0,0,0,0
JD_12293626,2021-02-28,113,98,79,0,0,0,0
JD_12293625,2021-02-28,4,3,2,0,0,0,0
JD_12293624,2021-02-28,57,38,41,0,1,0,0
JD_12293623,2021-02-28,28,22,28,0,0,0,0
JD_12293621,2021-02-28,31,25,19,0,0,0,0
JD_12293620,2021-02-28,26,20,12,0,0,0,0
JD_12293619,2021-02-28,273,230,173,0,0,0,0
JD_12293618,2021-02-28,162,131,105,0,1,0,0
JD_12293617,2021-02-28,11,8,4,0,0,0,0
JD_12293616,2021-02-28,23,21,2,0,0,0,0
JD_12293615,2021-02-28,13,9,11,0,0,0,0
JD_12293613,2021-02-28,10,8,6,0,0,0,0
JD_12293612,2021-02-28,14,10,14,0,0,0,0
JD_12293611,2021-02-28,5647,4552,3625,16,14,8,18
JD_12293610,2021-02-28,10,8,9,0,0,0,0
JD_12293609,2021-02-28,7,5,4,0,0,0,0
JD_12293608,2021-02-28,9,9,3,0,0,0,0
JD_12293607,2021-02-28,77,61,58,0,0,0,1
JD_12293606,2021-02-28,9,7,4,0,0,0,0
JD_12293605,2021-02-28,772,664,262,0,1,1,0
JD_12293604,2021-02-28,11,10,8,0,0,0,0
JD_12293603,2021-02-28,345,306,119,1,0,0,0
JD_12293602,2021-02-28,1,1,0,0,0,0,0
JD_12293601,2021-02-28,1,0,1,0,0,0,0
JD_12293599,2021-02-28,5,2,5,0,0,0,0
JD_12293597,2021-02-28,116,99,103,0,0,0,0
JD_12293596,2021-02-28,133,108,85,0,0,0,0
JD_12293595,2021-02-28,616,472,612,0,1,0,3
JD_12293594,2021-02-28,0,0,0,0,0,0,0
JD_12293593,2021-02-28,407,336,406,0,0,1,0
JD_12293592,2021-02-28,10,10,10,0,0,0,0
JD_12293591,2021-02-28,26070,21422,7800,6,6,53,36
JD_12293590,2021-02-28,86,69,82,1,0,0,0
JD_12293589,2021-02-28,555,481,358,1,1,2,1
JD_12293588,2021-02-28,21,17,13,0,0,0,0
JD_12293586,2021-02-28,20,17,11,0,0,0,0
JD_12293585,2021-02-28,969,795,431,0,1,1,0
JD_12293584,2021-02-28,4,4,4,0,0,0,0
JD_12293582,2021-02-28,3,3,0,0,0,0,0
