JD_12383643,2021-02-28,392,334,260,0,0,0,0
JD_12383642,2021-02-28,299,241,142,0,1,1,0
JD_12383641,2021-02-28,0,0,0,0,0,0,0
JD_12383640,2021-02-28,227,184,77,0,0,0,0
JD_12383639,2021-02-28,726,626,287,0,0,1,4
JD_12383638,2021-02-28,2235,1771,935,0,0,11,8
JD_12383637,2021-02-28,127,81,75,0,0,0,0
JD_12383636,2021-02-28,52,44,22,0,0,0,0
JD_12383635,2021-02-28,36,24,14,0,0,0,0
JD_12383634,2021-02-28,144,117,68,0,0,0,2
JD_12383633,2021-02-28,1824,1523,1045,1,0,13,3
JD_12383632,2021-02-28,129,111,40,0,1,0,0
JD_12383631,2021-02-28,120,100,46,1,0,0,0
JD_12383630,2021-02-28,16,10,5,1,0,0,0
JD_12383629,2021-02-28,11,11,4,0,0,0,0
JD_12383628,2021-02-28,397,298,235,3,1,3,0
JD_12383627,2021-02-28,5,5,1,0,0,0,0
JD_12383626,2021-02-28,37,31,17,0,0,0,0
JD_12383625,2021-02-28,107,76,105,0,0,0,0
JD_12383624,2021-02-28,717,474,589,1,0,1,1
JD_12383623,2021-02-28,35,30,25,0,1,0,0
JD_12383622,2021-02-28,136,116,41,0,0,0,0
JD_12383621,2021-02-28,69,60,50,0,0,0,0
JD_12383620,2021-02-28,455,358,137,1,0,1,0
JD_12383619,2021-02-28,1438,1210,942,0,0,5,6
JD_12383618,2021-02-28,102,87,44,0,0,0,0
JD_12383617,2021-02-28,12,12,2,0,0,0,0
JD_12383616,2021-02-28,278,248,123,0,0,2,1
JD_12383615,2021-02-28,6,6,3,0,0,0,0
JD_12383614,2021-02-28,55,43,30,0,0,0,0
JD_12383613,2021-02-28,5,4,1,0,0,0,0
JD_12383612,2021-02-28,35,28,9,0,0,0,0
JD_12383611,2021-02-28,261,220,138,0,3,1,0
JD_12383610,2021-02-28,0,0,0,0,0,0,0
JD_12383609,2021-02-28,44,37,28,0,0,0,0
JD_12383608,2021-02-28,8,8,1,0,0,0,0
JD_12383607,2021-02-28,11,10,4,0,0,0,0
JD_12383606,2021-02-28,13,11,2,0,0,0,0
JD_12383605,2021-02-28,3,2,2,0,0,0,0
JD_12383604,2021-02-28,934,822,932,1,1,0,2
JD_12383603,2021-02-28,71,58,67,0,0,0,0
JD_12383602,2021-02-28,840,726,837,2,1,0,4
JD_12383601,2021-02-28,17,14,10,0,0,0,0
JD_12383600,2021-02-28,145,123,45,0,0,0,0
JD_12383599,2021-02-28,144,123,90,0,0,0,0
JD_12383598,2021-02-28,1000,865,650,1,2,0,3
JD_12383597,2021-02-28,26,22,19,0,0,0,0
JD_12383596,2021-02-28,45,38,17,0,0,0,0
JD_12383595,2021-02-28,51,40,35,0,0,0,0
JD_12383594,2021-02-28,16,12,6,0,0,0,0
JD_12383593,2021-02-28,64,54,35,0,0,0,0
JD_12383592,2021-02-28,3,1,3,0,0,0,0
JD_12383591,2021-02-28,1233,1024,876,2,3,1,1
JD_12383590,2021-02-28,160,143,67,0,0,0,0
JD_12383589,2021-02-28,995,816,755,2,2,0,4
JD_12383588,2021-02-28,153,132,46,0,0,0,0
JD_12383587,2021-02-28,545,432,457,0,0,5,2
JD_12383586,2021-02-28,635,557,605,0,0,0,0
JD_12383585,2021-02-28,4596,3902,1339,0,0,7,4
JD_12383584,2021-02-28,742,627,740,1,1,0,2
JD_12383583,2021-02-28,260,216,144,1,0,1,0
JD_12383582,2021-02-28,1194,1030,1192,0,0,0,0
JD_12383581,2021-02-28,48,41,30,0,0,0,0
JD_12383580,2021-02-28,482,401,143,0,0,1,1
JD_12383579,2021-02-28,31,27,24,0,0,0,0
JD_12383578,2021-02-28,4793,4158,806,2,5,1,5
JD_12383577,2021-02-28,6,6,3,0,0,0,0
JD_12383576,2021-02-28,15215,11764,3697,14,4,37,41
JD_12383151,2021-02-28,11,10,1,0,0,0,0
JD_12383150,2021-02-28,2,1,1,0,0,0,0
