JD_11309459,2021-02-28,690,433,621,7,1,3,4
JD_11309457,2021-02-28,19,9,15,0,0,0,0
JD_11309456,2021-02-28,301,152,296,4,1,0,0
JD_11309454,2021-02-28,255,0,249,6,0,0,0
JD_11309452,2021-02-28,70,42,47,1,0,0,0
JD_11309451,2021-02-28,47,28,23,1,0,0,0
JD_11309450,2021-02-28,70,23,57,2,0,0,0
JD_11309448,2021-02-28,118,73,92,0,0,0,0
JD_11309447,2021-02-28,207,3,200,5,2,0,1
JD_11309446,2021-02-28,20,13,10,0,0,0,0
JD_11309445,2021-02-28,73,31,46,3,0,0,0
JD_11309444,2021-02-28,125,27,119,4,1,0,1
JD_11309443,2021-02-28,347,24,329,14,2,0,0
JD_11309442,2021-02-28,6,1,6,0,0,0,0
JD_11309441,2021-02-28,6,1,5,0,0,0,0
JD_11309440,2021-02-28,6,1,6,0,0,0,0
JD_11309439,2021-02-28,16,3,14,1,0,0,0
JD_11309438,2021-02-28,8,1,7,1,0,0,0
JD_11309437,2021-02-28,7,2,7,0,0,0,0
JD_11309436,2021-02-28,9,1,9,0,0,0,0
JD_11309435,2021-02-28,11,5,9,0,0,0,0
JD_11309434,2021-02-28,13,5,11,0,0,0,0
JD_11309433,2021-02-28,9,2,7,0,0,0,0
JD_11309430,2021-02-28,24,3,23,0,1,0,0
JD_11309429,2021-02-28,3,1,3,0,0,0,0
JD_11309428,2021-02-28,10,2,10,0,0,0,0
JD_11309427,2021-02-28,24,3,23,0,1,0,0
JD_11309426,2021-02-28,90,6,87,3,0,0,1
JD_11309425,2021-02-28,277,54,229,4,1,0,0
JD_11309423,2021-02-28,1001,459,800,15,1,2,0
JD_11309422,2021-02-28,242,91,158,1,0,0,0
JD_11309421,2021-02-28,62,2,57,4,1,0,0
JD_11309417,2021-02-28,9,3,5,1,0,0,0
JD_11309416,2021-02-28,1,0,1,0,0,0,0
JD_11309414,2021-02-28,1,0,1,0,0,0,0
JD_11309413,2021-02-28,20,12,13,0,0,0,0
JD_11309412,2021-02-28,41,25,28,0,0,0,0
JD_11309410,2021-02-28,27,14,24,0,0,0,0
JD_11309409,2021-02-28,28,16,22,1,0,0,0
JD_11309408,2021-02-28,2,2,0,0,0,0,0
JD_11309407,2021-02-28,3,3,0,0,0,0,0
JD_11309405,2021-02-28,8,5,3,0,0,0,0
JD_11309404,2021-02-28,4,0,4,0,0,0,0
JD_11309403,2021-02-28,12,7,4,0,1,0,0
JD_11309402,2021-02-28,39,10,32,1,0,0,0
JD_11309401,2021-02-28,45,18,36,1,0,0,0
JD_11309400,2021-02-28,4,3,1,0,0,0,0
JD_11309399,2021-02-28,2,2,1,0,0,0,0
JD_11309398,2021-02-28,13,9,10,0,0,0,0
JD_11309397,2021-02-28,0,0,0,0,0,0,0
JD_11309395,2021-02-28,6,3,3,0,0,0,0
JD_11309394,2021-02-28,2,1,1,0,0,0,0
JD_11309393,2021-02-28,2,2,0,0,0,0,0
JD_11309392,2021-02-28,15,5,10,0,0,0,0
JD_11309390,2021-02-28,21,12,15,0,0,0,0
JD_11309389,2021-02-28,6,6,3,0,0,0,0
JD_11309388,2021-02-28,18,3,16,0,0,0,0
JD_11309387,2021-02-28,43,31,11,1,0,0,0
JD_11309386,2021-02-28,16,7,16,0,0,0,0
JD_11309385,2021-02-28,5,4,1,0,0,0,0
JD_11309383,2021-02-28,3,1,2,0,0,0,0
JD_11309382,2021-02-28,15,5,13,0,0,0,0
JD_11309379,2021-02-28,12,7,8,0,0,0,0
JD_11309377,2021-02-28,11,0,11,0,0,0,0
JD_11309374,2021-02-28,7,6,2,0,0,0,0
JD_11309371,2021-02-28,102,68,51,0,1,0,0
JD_11309370,2021-02-28,2,1,1,0,0,0,0
JD_11309369,2021-02-28,32,20,20,0,0,0,0
JD_11309366,2021-02-28,614,395,408,4,1,0,2
JD_11309365,2021-02-28,269,152,195,1,1,0,0
