JD_12459152,2021-02-28,25,20,9,0,0,0,0
JD_12459151,2021-02-28,7,7,0,0,0,0,0
JD_12459150,2021-02-28,36,26,17,0,1,0,0
JD_12459149,2021-02-28,88,69,25,0,0,0,0
JD_12459148,2021-02-28,53,43,19,0,0,0,0
JD_12459147,2021-02-28,365,297,103,0,0,1,0
JD_12459146,2021-02-28,13,10,3,0,0,0,0
JD_12459145,2021-02-28,454,396,135,1,0,0,0
JD_12459144,2021-02-28,63,51,23,0,0,0,0
JD_12459143,2021-02-28,69,62,47,0,0,1,0
JD_12459142,2021-02-28,1167,953,318,4,0,0,4
JD_12459141,2021-02-28,54,45,23,0,0,0,0
JD_12459140,2021-02-28,0,0,0,0,0,0,0
JD_12459139,2021-02-28,4,2,2,0,0,0,0
JD_12459138,2021-02-28,44,35,20,0,0,0,0
JD_12459137,2021-02-28,33,31,6,0,0,0,0
JD_12459136,2021-02-28,9,8,1,0,0,0,0
JD_12459135,2021-02-28,14,13,2,0,0,0,0
JD_12459134,2021-02-28,31,26,12,0,0,0,0
JD_12459133,2021-02-28,6,6,0,0,0,0,0
JD_12459132,2021-02-28,19,15,5,0,0,1,0
JD_12459131,2021-02-28,4,4,0,0,0,0,0
JD_12459130,2021-02-28,26,18,8,0,0,0,1
JD_12459129,2021-02-28,1160,911,443,4,2,52,2
JD_12459128,2021-02-28,12,12,0,0,0,0,0
JD_12459126,2021-02-28,35,26,10,1,0,0,0
JD_12459125,2021-02-28,397,294,118,0,0,1,1
JD_12459124,2021-02-28,457,398,378,0,0,0,2
JD_12459123,2021-02-28,37,29,8,0,0,0,0
JD_12459048,2021-02-28,0,0,0,0,0,0,0
JD_12459047,2021-02-28,365,325,55,0,0,0,0
JD_12459046,2021-02-28,8,7,0,0,1,0,0
JD_12459045,2021-02-28,27,21,12,0,0,0,0
JD_12459044,2021-02-28,20,20,6,0,0,0,0
JD_12459043,2021-02-28,37,32,24,0,0,0,0
JD_12459042,2021-02-28,132,109,37,0,0,0,0
JD_12459040,2021-02-28,19,13,9,0,0,0,0
JD_12459039,2021-02-28,6,5,2,0,0,0,0
JD_12459038,2021-02-28,38,31,30,0,0,0,0
JD_12459037,2021-02-28,2,2,0,0,0,0,0
JD_12459036,2021-02-28,4,2,3,0,0,0,0
JD_12459035,2021-02-28,26,25,11,0,0,0,0
JD_12459034,2021-02-28,139,108,46,1,0,0,2
JD_12459032,2021-02-28,495,357,300,2,0,0,0
JD_12459030,2021-02-28,23,20,4,0,0,0,0
JD_12459028,2021-02-28,3602,3129,733,2,4,5,3
JD_12459027,2021-02-28,213,167,59,0,0,2,0
JD_12459026,2021-02-28,278,227,61,1,0,1,1
JD_12459025,2021-02-28,195,158,77,0,0,0,0
JD_12459024,2021-02-28,2444,2143,431,2,3,5,1
JD_12459023,2021-02-28,17400,14441,5640,6,6,20,22
JD_12459022,2021-02-28,234,199,98,0,0,0,0
JD_12459021,2021-02-28,26,22,9,0,1,0,2
JD_12459020,2021-02-28,255,197,94,0,0,0,0
JD_12459018,2021-02-28,467,319,306,0,0,0,0
JD_12459016,2021-02-28,43,38,9,0,0,0,0
JD_12459014,2021-02-28,19,14,10,0,0,0,0
JD_12459012,2021-02-28,202,173,34,0,0,0,1
JD_12459011,2021-02-28,47,35,13,0,0,0,1
JD_12459010,2021-02-28,200,150,64,1,0,1,3
JD_12459009,2021-02-28,54,49,13,0,0,0,0
JD_12459008,2021-02-28,749,635,123,0,0,0,0
JD_12459007,2021-02-28,16,11,9,0,0,0,0
JD_12459006,2021-02-28,476,406,76,0,1,1,2
JD_12459005,2021-02-28,1453,1180,396,4,7,2,3
JD_12459004,2021-02-28,81,59,24,0,0,0,0
JD_12459003,2021-02-28,3,3,1,0,0,0,0
JD_12459002,2021-02-28,1609,1379,404,0,1,0,2
JD_12459001,2021-02-28,26,22,6,1,1,0,0
JD_12459000,2021-02-28,14,13,2,0,0,0,0
