JD_11360980,2021-02-28,34,23,26,0,0,0,0
JD_11360979,2021-02-28,15,0,14,1,0,0,0
JD_11360978,2021-02-28,227,57,193,1,0,0,1
JD_11360977,2021-02-28,41,23,34,0,0,0,0
JD_11360976,2021-02-28,51,37,32,0,0,0,0
JD_11360975,2021-02-28,66,45,39,0,1,1,0
JD_11360974,2021-02-28,21,11,15,0,2,0,0
JD_11360973,2021-02-28,17,10,13,0,1,0,0
JD_11360972,2021-02-28,44,31,30,0,0,0,0
JD_11360971,2021-02-28,24,8,19,1,1,0,0
JD_11360970,2021-02-28,17,8,12,1,0,0,0
JD_11360969,2021-02-28,50,19,40,2,1,0,0
JD_11360968,2021-02-28,13,9,8,0,0,0,0
JD_11360967,2021-02-28,24,12,22,0,1,0,0
JD_11360965,2021-02-28,43,31,30,0,1,0,0
JD_11360964,2021-02-28,35,22,25,0,1,0,0
JD_11360963,2021-02-28,58,38,38,0,1,0,0
JD_11360962,2021-02-28,195,49,191,3,1,0,1
JD_11360956,2021-02-28,31,7,29,1,1,0,0
JD_11360955,2021-02-28,0,0,0,0,0,0,0
JD_11360954,2021-02-28,45,0,45,0,0,0,0
JD_11360953,2021-02-28,4,0,4,0,0,0,0
JD_11360952,2021-02-28,0,0,0,0,0,0,0
JD_11360951,2021-02-28,0,0,0,0,0,0,0
JD_11360950,2021-02-28,8,4,5,0,0,0,0
JD_11360949,2021-02-28,0,0,0,0,0,0,0
JD_11360945,2021-02-28,212,0,206,6,0,0,0
JD_11360944,2021-02-28,2,1,1,0,0,0,0
JD_11360940,2021-02-28,39,25,19,0,0,0,0
JD_11360939,2021-02-28,52,0,51,1,0,0,0
JD_11360938,2021-02-28,13,1,13,0,0,0,0
JD_11360937,2021-02-28,12,2,10,0,0,0,0
JD_11360936,2021-02-28,12,4,11,0,1,0,0
JD_11360934,2021-02-28,64,41,39,0,0,0,0
JD_11360933,2021-02-28,9,3,6,0,1,0,0
JD_11360931,2021-02-28,16,12,7,0,0,0,0
JD_11360928,2021-02-28,5,2,5,0,0,0,0
JD_11360926,2021-02-28,6,0,6,0,0,0,0
JD_11360915,2021-02-28,0,0,0,0,0,0,0
JD_11360914,2021-02-28,22,17,10,0,0,0,0
JD_11360912,2021-02-28,0,0,0,0,0,0,0
JD_11360911,2021-02-28,1,1,0,0,0,0,0
JD_11360910,2021-02-28,0,0,0,0,0,0,0
JD_11360909,2021-02-28,0,0,0,0,0,0,0
JD_11360907,2021-02-28,0,0,0,0,0,0,0
JD_11360896,2021-02-28,4,2,3,0,0,0,0
JD_11360891,2021-02-28,6,1,5,0,0,0,0
JD_11360889,2021-02-28,8,2,8,0,0,0,0
JD_11360888,2021-02-28,353,218,198,5,1,0,0
JD_11360886,2021-02-28,2,2,2,0,0,0,0
JD_11360885,2021-02-28,59,30,58,0,1,0,1
JD_11360884,2021-02-28,5,4,5,0,0,0,0
JD_11360882,2021-02-28,1,1,1,0,0,0,0
JD_11360880,2021-02-28,0,0,0,0,0,0,0
JD_11360878,2021-02-28,4,1,4,0,0,0,0
JD_11360877,2021-02-28,4,1,4,0,0,0,0
JD_11360876,2021-02-28,12,7,6,0,1,0,0
JD_11360875,2021-02-28,252,72,242,3,1,0,2
JD_11360872,2021-02-28,1,1,1,0,0,0,0
JD_11360869,2021-02-28,0,0,0,0,0,0,0
JD_11360868,2021-02-28,0,0,0,0,0,0,0
JD_11360867,2021-02-28,0,0,0,0,0,0,0
JD_11360866,2021-02-28,0,0,0,0,0,0,0
JD_11360864,2021-02-28,0,0,0,0,0,0,0
JD_11360863,2021-02-28,4,0,4,0,0,0,0
JD_11360862,2021-02-28,0,0,0,0,0,0,0
JD_11360861,2021-02-28,0,0,0,0,0,0,0
JD_11360857,2021-02-28,0,0,0,0,0,0,0
JD_11360854,2021-02-28,11,10,6,0,0,0,0
JD_11360851,2021-02-28,0,0,0,0,0,0,0
