JD_11486294,2021-02-28,27,5,27,0,0,0,0
JD_11486293,2021-02-28,16,8,16,0,0,0,0
JD_11486292,2021-02-28,7,1,6,1,0,0,0
JD_11486291,2021-02-28,16,9,11,0,0,0,0
JD_11486290,2021-02-28,18,9,11,0,0,0,0
JD_11486289,2021-02-28,30,7,28,1,1,0,0
JD_11486288,2021-02-28,21,12,12,2,0,0,0
JD_11486287,2021-02-28,34,17,22,0,1,0,1
JD_11486286,2021-02-28,41,29,22,0,0,0,0
JD_11486285,2021-02-28,43,24,36,1,1,0,0
JD_11486284,2021-02-28,7,1,6,0,1,0,0
JD_11486283,2021-02-28,6,2,5,0,0,0,0
JD_11486282,2021-02-28,66,46,36,1,0,0,0
JD_11486281,2021-02-28,60,6,55,0,1,0,0
JD_11486280,2021-02-28,509,249,402,3,0,0,1
JD_11486279,2021-02-28,115,34,97,0,0,0,0
JD_11486278,2021-02-28,383,189,316,4,3,0,2
JD_11486277,2021-02-28,692,347,522,2,3,1,1
JD_11486276,2021-02-28,793,430,599,7,1,0,1
JD_11486275,2021-02-28,5437,4217,2246,15,3,1,5
JD_11486274,2021-02-28,226,155,74,0,1,0,3
JD_11486273,2021-02-28,123,82,61,0,1,0,0
JD_11486272,2021-02-28,89,16,74,4,0,0,0
JD_11486271,2021-02-28,42,17,30,2,0,0,0
JD_11486270,2021-02-28,282,149,214,3,5,0,0
JD_11486269,2021-02-28,1723,721,1255,22,14,1,3
JD_11486268,2021-02-28,631,420,435,4,3,0,3
JD_11486267,2021-02-28,598,422,427,4,2,0,4
JD_11486266,2021-02-28,150,44,117,5,4,1,0
JD_11486264,2021-02-28,307,210,181,3,0,0,0
JD_11486263,2021-02-28,594,401,371,3,1,0,1
JD_11486262,2021-02-28,300,189,225,2,2,1,0
JD_11486261,2021-02-28,85,51,44,1,0,0,0
JD_11486259,2021-02-28,11,2,10,1,0,0,0
JD_11486258,2021-02-28,61,32,50,0,0,0,0
JD_11486257,2021-02-28,87,47,77,0,0,0,0
JD_11486256,2021-02-28,77,43,59,0,0,0,0
JD_11486255,2021-02-28,75,45,64,0,0,0,0
JD_11486254,2021-02-28,133,74,117,1,1,0,0
JD_11486252,2021-02-28,8,5,4,0,0,0,0
JD_11486250,2021-02-28,4,1,4,0,0,0,0
JD_11486249,2021-02-28,75,38,64,1,0,0,0
JD_11486248,2021-02-28,2,1,2,0,0,0,0
JD_11486246,2021-02-28,121,36,107,0,1,0,0
JD_11486245,2021-02-28,639,337,503,3,0,0,0
JD_11486244,2021-02-28,37,18,22,0,0,0,0
JD_11486243,2021-02-28,2,0,2,0,0,0,0
JD_11486242,2021-02-28,3325,2227,2407,5,0,2,11
JD_11486241,2021-02-28,99,76,43,1,0,0,1
JD_11486239,2021-02-28,0,0,0,0,0,0,0
JD_11486237,2021-02-28,1,0,1,0,0,0,0
JD_11486236,2021-02-28,60,0,58,1,1,0,0
JD_11486234,2021-02-28,20,4,20,0,0,0,0
JD_11486233,2021-02-28,4,1,4,0,0,0,0
JD_11486231,2021-02-28,38,22,37,0,0,0,0
JD_11486230,2021-02-28,30,6,30,0,0,0,1
JD_11486229,2021-02-28,77,37,56,0,0,0,2
JD_11486228,2021-02-28,61,28,61,0,0,1,0
JD_11486227,2021-02-28,50,37,30,0,0,0,0
JD_11486226,2021-02-28,32,5,30,1,1,0,0
JD_11486225,2021-02-28,19,6,19,0,0,0,0
JD_11486224,2021-02-28,10,3,10,0,0,0,0
JD_11486223,2021-02-28,30,15,29,0,0,0,0
JD_11486222,2021-02-28,27,12,27,0,0,0,0
JD_11486221,2021-02-28,52,35,40,0,0,0,0
JD_11486220,2021-02-28,23,3,23,0,0,0,0
JD_11486219,2021-02-28,30,13,29,0,0,0,0
JD_11486218,2021-02-28,48,1,47,1,0,0,0
JD_11486217,2021-02-28,22,5,22,0,0,0,0
JD_11486216,2021-02-28,18,6,18,0,0,0,0
