JD_11501081,2021-02-28,0,0,0,0,0,0,0
JD_11501080,2021-02-28,55,17,55,0,0,0,0
JD_11501079,2021-02-28,0,0,0,0,0,0,0
JD_11501077,2021-02-28,0,0,0,0,0,0,0
JD_11501075,2021-02-28,0,0,0,0,0,0,0
JD_11501073,2021-02-28,1,1,1,0,0,0,0
JD_11501072,2021-02-28,0,0,0,0,0,0,0
JD_11501071,2021-02-28,0,0,0,0,0,0,0
JD_11501068,2021-02-28,1,1,1,0,0,0,0
JD_11501067,2021-02-28,0,0,0,0,0,0,0
JD_11501066,2021-02-28,0,0,0,0,0,0,0
JD_11501064,2021-02-28,0,0,0,0,0,0,0
JD_11501062,2021-02-28,7,0,7,0,0,0,0
JD_11501061,2021-02-28,6,1,5,1,0,0,0
JD_11501059,2021-02-28,0,0,0,0,0,0,0
JD_11501057,2021-02-28,0,0,0,0,0,0,0
JD_11501056,2021-02-28,0,0,0,0,0,0,0
JD_11501048,2021-02-28,0,0,0,0,0,0,0
JD_11501047,2021-02-28,0,0,0,0,0,0,0
JD_11501046,2021-02-28,0,0,0,0,0,0,0
JD_11501044,2021-02-28,0,0,0,0,0,0,0
JD_11501043,2021-02-28,2,2,1,0,0,0,0
JD_11501042,2021-02-28,26,16,20,0,0,0,0
JD_11501041,2021-02-28,16,6,13,0,0,0,0
JD_11501040,2021-02-28,0,0,0,0,0,0,0
JD_11501039,2021-02-28,0,0,0,0,0,0,0
JD_11501038,2021-02-28,0,0,0,0,0,0,0
JD_11501036,2021-02-28,0,0,0,0,0,0,0
JD_11501035,2021-02-28,3,3,1,0,0,0,0
JD_11501033,2021-02-28,15,7,7,0,1,0,0
JD_11501029,2021-02-28,9,3,9,0,0,0,0
JD_11501026,2021-02-28,7,1,7,0,0,0,0
JD_11501024,2021-02-28,12,6,11,0,0,0,0
JD_11501022,2021-02-28,15,4,14,0,0,0,0
JD_11501020,2021-02-28,1,1,0,0,0,0,0
JD_11501019,2021-02-28,77,50,66,0,0,0,0
JD_11501017,2021-02-28,0,0,0,0,0,0,0
JD_11501016,2021-02-28,32,6,28,0,1,0,0
JD_11501014,2021-02-28,3,1,3,0,0,0,0
JD_11501012,2021-02-28,6,2,5,1,0,0,0
JD_11501010,2021-02-28,4,2,3,1,0,0,0
JD_11501008,2021-02-28,23,15,17,0,0,0,0
JD_11501007,2021-02-28,233,8,228,3,2,0,0
JD_11501005,2021-02-28,7,0,7,0,0,0,0
JD_11501004,2021-02-28,55,39,38,1,0,0,0
JD_11501003,2021-02-28,10,7,5,0,0,0,0
JD_11501001,2021-02-28,2,1,1,0,0,0,0
JD_11501000,2021-02-28,0,0,0,0,0,0,0
JD_11500999,2021-02-28,582,129,516,9,1,0,3
JD_11500997,2021-02-28,0,0,0,0,0,0,0
JD_11500996,2021-02-28,1,1,1,0,0,0,0
JD_11500995,2021-02-28,0,0,0,0,0,0,0
JD_11500994,2021-02-28,4,4,3,0,0,0,0
JD_11500993,2021-02-28,1,1,1,0,0,0,0
JD_11500992,2021-02-28,6,4,3,0,0,0,0
JD_11500991,2021-02-28,1,0,1,0,0,0,0
JD_11500990,2021-02-28,27,21,10,1,0,0,0
JD_11500988,2021-02-28,1,1,0,0,0,0,0
JD_11500986,2021-02-28,3,2,2,0,0,0,0
JD_11500984,2021-02-28,2,2,0,0,0,0,0
JD_11500979,2021-02-28,8,7,5,0,0,0,0
JD_11500977,2021-02-28,10,9,1,0,0,0,0
JD_11500976,2021-02-28,13,9,6,0,0,0,0
JD_11500975,2021-02-28,6,4,3,0,0,0,0
JD_11500973,2021-02-28,20,15,9,0,0,0,0
JD_11500972,2021-02-28,14,11,4,0,0,0,0
JD_11500971,2021-02-28,13,11,2,0,0,0,0
JD_11500970,2021-02-28,2,1,1,0,0,0,0
JD_11500969,2021-02-28,4,3,3,0,0,0,0
JD_11500968,2021-02-28,11,8,6,0,0,0,0
