JD_11451985,2021-02-28,5,1,4,0,0,0,0
JD_11451980,2021-02-28,103,74,68,0,0,0,0
JD_11451979,2021-02-28,6,2,6,0,0,0,0
JD_11451978,2021-02-28,7,0,7,0,0,0,0
JD_11451976,2021-02-28,511,356,264,1,1,0,0
JD_11451975,2021-02-28,325,187,231,1,0,0,1
JD_11451974,2021-02-28,474,375,137,0,0,0,0
JD_11451972,2021-02-28,268,159,158,0,0,0,0
JD_11451971,2021-02-28,2476,1962,742,4,3,0,3
JD_11451969,2021-02-28,133,95,70,0,0,0,0
JD_11451968,2021-02-28,451,198,356,2,0,0,1
JD_11451967,2021-02-28,340,183,238,1,1,0,0
JD_11451966,2021-02-28,457,233,329,1,0,0,0
JD_11451965,2021-02-28,270,146,216,0,0,0,1
JD_11451964,2021-02-28,1212,856,499,1,3,1,0
JD_11451962,2021-02-28,536,299,343,2,0,0,4
JD_11451961,2021-02-28,491,331,348,4,0,0,1
JD_11451954,2021-02-28,466,39,445,7,3,0,0
JD_11451953,2021-02-28,22,10,19,0,0,0,0
JD_11451951,2021-02-28,507,56,503,3,1,0,0
JD_11451950,2021-02-28,237,0,233,3,1,0,0
JD_11451949,2021-02-28,111,0,104,5,2,0,0
JD_11451947,2021-02-28,153,0,150,2,1,0,0
JD_11451946,2021-02-28,177,0,173,3,1,0,0
JD_11451945,2021-02-28,22,13,12,0,0,0,0
JD_11451942,2021-02-28,156,0,153,3,0,0,0
JD_11451941,2021-02-28,123,0,119,3,1,0,0
JD_11451940,2021-02-28,0,0,0,0,0,0,0
JD_11451939,2021-02-28,0,0,0,0,0,0,0
JD_11451938,2021-02-28,0,0,0,0,0,0,0
JD_11451937,2021-02-28,19,10,15,0,0,0,0
JD_11451936,2021-02-28,155,78,113,1,0,0,1
JD_11451935,2021-02-28,31,14,23,1,1,0,0
JD_11451934,2021-02-28,0,0,0,0,0,0,0
JD_11451933,2021-02-28,25159,16305,18164,102,72,52,101
JD_11451932,2021-02-28,9,1,8,1,0,0,0
JD_11451930,2021-02-28,15,8,8,0,1,0,0
JD_11451929,2021-02-28,17,11,8,0,0,0,0
JD_11451928,2021-02-28,9,6,4,0,0,0,0
JD_11451927,2021-02-28,8,3,7,0,1,0,0
JD_11451926,2021-02-28,91,52,85,1,0,0,0
JD_11451925,2021-02-28,15,10,13,0,0,0,0
JD_11451924,2021-02-28,36,21,27,0,1,0,0
JD_11451923,2021-02-28,69,49,44,0,0,0,0
JD_11451922,2021-02-28,0,0,0,0,0,0,0
JD_11451921,2021-02-28,1,0,1,0,0,0,0
JD_11451920,2021-02-28,5,5,0,0,0,0,0
JD_11451919,2021-02-28,43,25,31,1,1,0,0
JD_11451918,2021-02-28,69,45,40,0,0,0,0
JD_11451917,2021-02-28,4,2,4,0,0,0,0
JD_11451916,2021-02-28,0,0,0,0,0,0,0
JD_11451915,2021-02-28,16,6,11,1,0,0,0
JD_11451914,2021-02-28,1,1,1,0,0,0,0
JD_11451913,2021-02-28,8,4,3,1,0,0,0
JD_11451912,2021-02-28,8,6,5,0,0,0,0
JD_11451911,2021-02-28,10,4,7,0,0,0,0
JD_11451908,2021-02-28,16,7,10,0,0,0,0
JD_11451906,2021-02-28,29,15,22,0,0,0,0
JD_11451905,2021-02-28,7,5,1,1,0,0,0
JD_11451904,2021-02-28,4,2,2,0,0,0,0
JD_11451902,2021-02-28,25,13,24,0,0,0,0
JD_11451901,2021-02-28,8,5,5,0,0,0,0
JD_11451900,2021-02-28,10,6,6,1,0,0,0
JD_11451898,2021-02-28,13,9,7,0,0,0,0
JD_11451896,2021-02-28,23,5,21,1,0,0,0
JD_11451894,2021-02-28,53,29,41,0,0,1,0
JD_11451892,2021-02-28,2,1,0,1,0,0,0
JD_11451890,2021-02-28,59,33,35,1,0,0,0
JD_11451889,2021-02-28,65,42,34,0,0,0,0
JD_11451888,2021-02-28,5,4,2,0,0,0,0
