JD_11547206,2021-02-28,23,14,15,0,0,0,0
JD_11547205,2021-02-28,32,23,14,0,0,0,2
JD_11547204,2021-02-28,13,10,7,0,0,0,0
JD_11547203,2021-02-28,0,0,0,0,0,0,0
JD_11547202,2021-02-28,13,7,7,0,0,0,0
JD_11547201,2021-02-28,11,11,4,0,0,0,0
JD_11547200,2021-02-28,5,2,5,0,0,0,0
JD_11547199,2021-02-28,6,2,6,0,0,0,0
JD_11547198,2021-02-28,3,2,1,0,0,0,0
JD_11547197,2021-02-28,10,5,7,0,0,0,0
JD_11547196,2021-02-28,11,3,8,0,0,0,0
JD_11547195,2021-02-28,101,70,54,0,0,0,0
JD_11547194,2021-02-28,4,2,4,0,0,0,0
JD_11547193,2021-02-28,4,2,4,0,0,0,0
JD_11547192,2021-02-28,30,18,18,2,0,0,0
JD_11547191,2021-02-28,5,5,2,0,0,0,0
JD_11547190,2021-02-28,22,15,12,0,0,0,0
JD_11547189,2021-02-28,2,0,1,1,0,0,0
JD_11547188,2021-02-28,9,7,4,0,0,0,0
JD_11547187,2021-02-28,53,37,23,1,0,0,0
JD_11547186,2021-02-28,0,0,0,0,0,0,0
JD_11547185,2021-02-28,22,16,13,0,0,0,0
JD_11547184,2021-02-28,2,2,2,0,0,0,0
JD_11547183,2021-02-28,1,0,1,0,0,0,0
JD_11547182,2021-02-28,4,2,2,0,0,0,0
JD_11547181,2021-02-28,34,25,15,0,0,0,0
JD_11547180,2021-02-28,1,1,0,0,0,0,0
JD_11547179,2021-02-28,0,0,0,0,0,0,0
JD_11547178,2021-02-28,6,3,4,0,0,0,0
JD_11547177,2021-02-28,13,8,5,0,0,0,0
JD_11547176,2021-02-28,1,1,1,0,0,0,0
JD_11547175,2021-02-28,1,1,1,0,0,0,0
JD_11547174,2021-02-28,7,6,5,0,0,0,0
JD_11547173,2021-02-28,0,0,0,0,0,0,0
JD_11547172,2021-02-28,0,0,0,0,0,0,0
JD_11547171,2021-02-28,0,0,0,0,0,0,0
JD_11547169,2021-02-28,18,10,8,0,0,0,0
JD_11547168,2021-02-28,0,0,0,0,0,0,0
JD_11547167,2021-02-28,0,0,0,0,0,0,0
JD_11547166,2021-02-28,3,2,2,0,0,0,0
JD_11547165,2021-02-28,0,0,0,0,0,0,0
JD_11547164,2021-02-28,0,0,0,0,0,0,0
JD_11547163,2021-02-28,0,0,0,0,0,0,0
JD_11547161,2021-02-28,8,7,2,0,0,0,0
JD_11547160,2021-02-28,5,5,3,0,0,0,0
JD_11547159,2021-02-28,0,0,0,0,0,0,0
JD_11547158,2021-02-28,4,3,0,0,1,0,1
JD_11547157,2021-02-28,0,0,0,0,0,0,0
JD_11547156,2021-02-28,0,0,0,0,0,0,0
JD_11547155,2021-02-28,7,6,4,0,0,0,0
JD_11547154,2021-02-28,1,1,0,0,0,0,0
JD_11547153,2021-02-28,0,0,0,0,0,0,0
JD_11547152,2021-02-28,7,4,4,0,0,0,0
JD_11547151,2021-02-28,48,30,29,0,0,0,0
JD_11547150,2021-02-28,1,1,1,0,0,0,0
JD_11547149,2021-02-28,5,3,3,0,0,0,0
JD_11547148,2021-02-28,4,4,1,0,0,0,0
JD_11547147,2021-02-28,10,8,5,0,0,0,0
JD_11547146,2021-02-28,1,1,1,0,0,0,0
JD_11547145,2021-02-28,9,8,7,0,0,0,0
JD_11547144,2021-02-28,0,0,0,0,0,0,0
JD_11547143,2021-02-28,6,3,4,0,0,0,0
JD_11547142,2021-02-28,4,3,1,0,0,0,0
JD_11547141,2021-02-28,4,3,4,0,0,0,0
JD_11547140,2021-02-28,25,20,9,0,0,0,0
JD_11547139,2021-02-28,2,2,2,0,0,0,0
JD_11547138,2021-02-28,6,6,4,0,0,0,0
JD_11547137,2021-02-28,13,9,7,0,0,0,0
JD_11547136,2021-02-28,0,0,0,0,0,0,0
JD_11547135,2021-02-28,9,5,6,0,0,0,0
