JD_11284303,2021-02-28,42,29,26,0,0,0,0
JD_11284301,2021-02-28,6,4,3,0,0,0,0
JD_11284300,2021-02-28,19,12,16,0,0,0,0
JD_11284299,2021-02-28,5,4,2,0,0,0,0
JD_11284298,2021-02-28,6,1,6,0,0,0,0
JD_11284297,2021-02-28,13,9,7,0,0,0,0
JD_11284296,2021-02-28,13,11,9,0,0,0,0
JD_11284295,2021-02-28,8,7,5,0,0,0,0
JD_11284294,2021-02-28,3,3,2,0,0,0,0
JD_11284293,2021-02-28,8,6,5,0,0,0,0
JD_11284292,2021-02-28,5,3,3,0,1,0,0
JD_11284290,2021-02-28,2,1,2,0,0,0,0
JD_11284289,2021-02-28,6,5,6,0,0,0,0
JD_11284288,2021-02-28,8,4,7,0,0,0,0
JD_11284286,2021-02-28,23,15,8,0,1,0,0
JD_11284285,2021-02-28,37,29,14,0,0,0,0
JD_11284284,2021-02-28,0,0,0,0,0,0,0
JD_11284283,2021-02-28,0,0,0,0,0,0,0
JD_11284282,2021-02-28,12,2,11,1,0,0,0
JD_11284280,2021-02-28,12,7,8,1,0,0,0
JD_11284279,2021-02-28,18,4,13,1,0,0,0
JD_11284278,2021-02-28,7,3,5,0,0,0,0
JD_11284276,2021-02-28,2,1,2,0,0,0,0
JD_11284275,2021-02-28,1081,93,1051,20,6,0,1
JD_11284273,2021-02-28,41,9,35,0,0,0,0
JD_11284272,2021-02-28,751,21,713,17,6,0,0
JD_11284271,2021-02-28,52,5,48,2,0,0,0
JD_11284270,2021-02-28,37,10,27,1,0,0,0
JD_11284269,2021-02-28,823,71,765,17,4,1,2
JD_11284262,2021-02-28,40,9,37,1,0,0,0
JD_11284260,2021-02-28,14,5,13,0,1,0,0
JD_11284259,2021-02-28,1,0,1,0,0,0,0
JD_11284258,2021-02-28,0,0,0,0,0,0,0
JD_11284257,2021-02-28,1,1,0,0,0,0,0
JD_11284256,2021-02-28,2,1,2,0,0,0,0
JD_11284255,2021-02-28,2,0,1,1,0,0,0
JD_11284254,2021-02-28,12,10,6,0,0,0,0
JD_11284253,2021-02-28,37,28,17,0,0,0,0
JD_11284252,2021-02-28,15,3,13,0,0,0,0
JD_11284249,2021-02-28,6,6,1,0,0,0,0
JD_11284248,2021-02-28,0,0,0,0,0,0,0
JD_11284247,2021-02-28,2,2,0,0,0,0,0
JD_11284245,2021-02-28,15,10,5,0,0,0,0
JD_11284244,2021-02-28,12,4,10,1,0,0,0
JD_11284243,2021-02-28,2,2,1,0,0,0,0
JD_11284242,2021-02-28,22,13,16,0,0,0,0
JD_11284241,2021-02-28,11,9,6,0,0,0,0
JD_11284240,2021-02-28,6,1,4,1,0,0,0
JD_11284239,2021-02-28,11,8,9,0,0,0,0
JD_11284238,2021-02-28,70,54,26,0,0,0,0
JD_11284237,2021-02-28,4,2,3,0,0,0,0
JD_11284234,2021-02-28,148,99,96,2,0,0,0
JD_11284233,2021-02-28,2,2,0,0,0,0,0
JD_11284231,2021-02-28,9,4,8,0,0,0,0
JD_11284230,2021-02-28,3,3,0,0,0,0,0
JD_11284229,2021-02-28,0,0,0,0,0,0,0
JD_11284228,2021-02-28,82,46,49,1,0,0,0
JD_11284227,2021-02-28,4587,3099,3199,21,11,4,20
JD_11284225,2021-02-28,9,2,7,2,0,0,0
JD_11284224,2021-02-28,14,0,14,0,0,0,0
JD_11284222,2021-02-28,1901,1130,1264,11,6,0,9
JD_11284221,2021-02-28,1384,685,1077,3,5,1,6
JD_11284220,2021-02-28,1692,822,1672,7,6,1,3
JD_11284219,2021-02-28,2433,380,2374,37,19,2,15
JD_11284218,2021-02-28,4771,2658,3850,41,18,1,13
JD_11284217,2021-02-28,2856,1579,2220,22,6,2,12
JD_11284216,2021-02-28,1022,463,921,10,3,1,3
JD_11284215,2021-02-28,165,51,128,0,1,0,0
JD_11284214,2021-02-28,6149,3725,3727,20,7,12,34
JD_11284209,2021-02-28,0,0,0,0,0,0,0
