JD_12127107,2021-02-28,4,2,3,0,0,0,0
JD_12127106,2021-02-28,3,2,1,0,0,0,0
JD_12127104,2021-02-28,63,55,24,0,0,0,0
JD_12127103,2021-02-28,266,193,211,0,1,0,1
JD_12127102,2021-02-28,4,2,2,0,0,0,0
JD_12127101,2021-02-28,102,79,52,0,0,0,0
JD_12127100,2021-02-28,88,75,59,0,0,0,0
JD_12127099,2021-02-28,86,74,57,0,0,0,0
JD_12127097,2021-02-28,215,161,153,1,1,1,2
JD_12127096,2021-02-28,23,23,8,0,0,0,0
JD_12127095,2021-02-28,257,211,77,0,1,1,0
JD_12127094,2021-02-28,6,4,3,0,0,0,0
JD_12127093,2021-02-28,287,250,141,0,1,0,0
JD_12127092,2021-02-28,3,3,1,0,0,0,0
JD_12127091,2021-02-28,954,744,845,1,1,2,0
JD_12127090,2021-02-28,12,11,3,0,0,0,0
JD_12127089,2021-02-28,1736,1430,894,5,7,3,1
JD_12127088,2021-02-28,17,14,5,0,0,0,0
JD_12127087,2021-02-28,4,2,4,0,0,0,0
JD_12127085,2021-02-28,0,0,0,0,0,0,0
JD_12127084,2021-02-28,4,3,4,0,0,0,0
JD_12127083,2021-02-28,59,44,46,0,0,0,0
JD_12127082,2021-02-28,30,29,12,0,0,0,0
JD_12127080,2021-02-28,29,25,20,0,0,0,0
JD_12127078,2021-02-28,0,0,0,0,0,0,0
JD_12127077,2021-02-28,17,14,5,0,0,0,0
JD_12127076,2021-02-28,7,6,2,0,0,0,0
JD_12127075,2021-02-28,951,701,892,2,2,2,1
JD_12127074,2021-02-28,1,0,0,0,1,0,0
JD_12127073,2021-02-28,10,8,10,0,0,0,0
JD_12127072,2021-02-28,0,0,0,0,0,0,0
JD_12127071,2021-02-28,84,64,58,0,0,0,0
JD_12127070,2021-02-28,18,13,4,0,1,0,0
JD_12127069,2021-02-28,57,40,38,1,0,0,0
JD_12127068,2021-02-28,23,18,8,0,0,0,0
JD_12127067,2021-02-28,269,197,207,0,1,0,0
JD_12127066,2021-02-28,26,19,26,0,0,0,0
JD_12127065,2021-02-28,5,3,5,0,0,0,0
JD_12127064,2021-02-28,13,11,13,0,0,0,0
JD_12127062,2021-02-28,6,3,6,0,0,0,0
JD_12127061,2021-02-28,5,4,3,0,0,0,0
JD_12127060,2021-02-28,93,75,42,0,0,1,0
JD_12127059,2021-02-28,33,27,28,0,0,0,0
JD_12127058,2021-02-28,20,16,17,0,0,0,0
JD_12127057,2021-02-28,21,13,15,0,0,0,0
JD_12127056,2021-02-28,33,25,33,0,0,0,0
JD_12127055,2021-02-28,0,0,0,0,0,0,0
JD_12127054,2021-02-28,11,11,11,0,0,0,0
JD_12127053,2021-02-28,1185,941,644,0,1,1,4
JD_12127052,2021-02-28,6,5,6,0,0,0,0
JD_12127051,2021-02-28,39,27,28,0,0,0,0
JD_12127050,2021-02-28,60,43,60,0,0,0,1
JD_12127049,2021-02-28,37,33,23,0,0,0,0
JD_12127048,2021-02-28,33,25,32,0,0,0,0
JD_12127047,2021-02-28,3,2,1,0,0,0,0
JD_12127046,2021-02-28,42,25,41,0,1,0,0
JD_12127044,2021-02-28,37,23,37,0,0,0,0
JD_12127043,2021-02-28,5,4,2,0,0,0,0
JD_12127042,2021-02-28,14,10,14,0,0,0,0
JD_12127041,2021-02-28,43,32,33,0,0,0,0
JD_12127040,2021-02-28,19,12,19,0,0,0,0
JD_12127039,2021-02-28,95,85,37,0,0,0,0
JD_12127038,2021-02-28,19,9,19,0,0,0,0
JD_12127037,2021-02-28,7,7,1,0,0,0,0
JD_12127036,2021-02-28,9,2,9,0,0,0,0
JD_12127034,2021-02-28,36,24,36,0,0,0,0
JD_12127033,2021-02-28,12,12,5,0,0,0,0
JD_12127032,2021-02-28,66,45,63,1,0,0,0
JD_12127031,2021-02-28,4,4,0,0,0,0,0
JD_12127030,2021-02-28,52,31,49,0,1,0,0
