JD_11477673,2021-02-28,0,0,0,0,0,0,0
JD_11477671,2021-02-28,0,0,0,0,0,0,0
JD_11477670,2021-02-28,0,0,0,0,0,0,0
JD_11477669,2021-02-28,13,5,13,0,0,0,0
JD_11477667,2021-02-28,0,0,0,0,0,0,0
JD_11477661,2021-02-28,2,2,1,0,0,0,0
JD_11477660,2021-02-28,501,319,389,2,1,0,2
JD_11477659,2021-02-28,4,2,4,0,0,0,0
JD_11477658,2021-02-28,25,17,12,0,0,0,0
JD_11477657,2021-02-28,22,0,20,2,0,0,0
JD_11477656,2021-02-28,3,0,3,0,0,0,0
JD_11477654,2021-02-28,951,607,715,0,0,1,5
JD_11477653,2021-02-28,5,3,3,0,0,0,0
JD_11477648,2021-02-28,0,0,0,0,0,0,0
JD_11477647,2021-02-28,3,2,2,0,0,0,0
JD_11477646,2021-02-28,22,10,21,0,0,0,1
JD_11477645,2021-02-28,290,218,242,0,0,1,0
JD_11477643,2021-02-28,7,4,4,0,0,0,0
JD_11477640,2021-02-28,20,12,18,1,0,0,0
JD_11477639,2021-02-28,0,0,0,0,0,0,0
JD_11477638,2021-02-28,0,0,0,0,0,0,0
JD_11477636,2021-02-28,6,1,4,1,0,0,0
JD_11477635,2021-02-28,21,6,19,0,0,0,0
JD_11477634,2021-02-28,33,25,21,0,0,0,0
JD_11477633,2021-02-28,1,1,1,0,0,0,0
JD_11477632,2021-02-28,0,0,0,0,0,0,0
JD_11477631,2021-02-28,109,63,80,0,2,0,0
JD_11477628,2021-02-28,112923,67200,96927,417,122,169,135
JD_11477626,2021-02-28,5363,3938,3549,25,4,9,18
JD_11477625,2021-02-28,0,0,0,0,0,0,0
JD_11477623,2021-02-28,53,36,39,0,0,0,1
JD_11477619,2021-02-28,2,1,1,0,0,0,0
JD_11477618,2021-02-28,1,1,0,0,0,0,0
JD_11477616,2021-02-28,27,7,27,0,0,0,0
JD_11477615,2021-02-28,1,0,1,0,0,0,0
JD_11477613,2021-02-28,0,0,0,0,0,0,0
JD_11477612,2021-02-28,0,0,0,0,0,0,0
JD_11477611,2021-02-28,2,1,1,0,0,0,0
JD_11477610,2021-02-28,3,3,1,0,0,0,0
JD_11477609,2021-02-28,0,0,0,0,0,0,0
JD_11477608,2021-02-28,1,1,0,0,0,0,0
JD_11477607,2021-02-28,1,1,1,0,0,0,0
JD_11477606,2021-02-28,1,1,0,0,0,0,0
JD_11477605,2021-02-28,1,1,0,0,0,0,0
JD_11477604,2021-02-28,1,1,1,0,0,0,0
JD_11477603,2021-02-28,0,0,0,0,0,0,0
JD_11477601,2021-02-28,108,85,63,0,0,0,1
JD_11477600,2021-02-28,0,0,0,0,0,0,0
JD_11477599,2021-02-28,209,172,73,0,0,0,0
JD_11477598,2021-02-28,683,566,216,1,1,0,2
JD_11477597,2021-02-28,65,27,64,0,0,0,1
JD_11477596,2021-02-28,0,0,0,0,0,0,0
JD_11477595,2021-02-28,0,0,0,0,0,0,0
JD_11477594,2021-02-28,0,0,0,0,0,0,0
JD_11477593,2021-02-28,0,0,0,0,0,0,0
JD_11477591,2021-02-28,0,0,0,0,0,0,0
JD_11477590,2021-02-28,0,0,0,0,0,0,0
JD_11477589,2021-02-28,0,0,0,0,0,0,0
JD_11477588,2021-02-28,1,1,1,0,0,0,0
JD_11477587,2021-02-28,91,1,88,1,1,0,0
JD_11477586,2021-02-28,1,0,1,0,0,0,0
JD_11477584,2021-02-28,40,3,36,4,0,0,0
JD_11477583,2021-02-28,3,3,2,0,0,0,0
JD_11477581,2021-02-28,0,0,0,0,0,0,0
JD_11477580,2021-02-28,0,0,0,0,0,0,0
JD_11477579,2021-02-28,0,0,0,0,0,0,0
JD_11477578,2021-02-28,1,0,1,0,0,0,0
JD_11477576,2021-02-28,2,0,2,0,0,0,0
JD_11477573,2021-02-28,0,0,0,0,0,0,0
JD_11477572,2021-02-28,0,0,0,0,0,0,0
