JD_11371519,2021-02-28,62,13,57,1,0,0,0
JD_11371518,2021-02-28,363,41,310,23,22,0,1
JD_11371517,2021-02-28,333,233,252,6,0,1,0
JD_11371516,2021-02-28,4,2,2,0,0,0,0
JD_11371515,2021-02-28,62,14,59,0,0,0,1
JD_11371512,2021-02-28,2,2,0,0,0,0,0
JD_11371511,2021-02-28,0,0,0,0,0,0,0
JD_11371510,2021-02-28,178,93,174,3,1,1,0
JD_11371509,2021-02-28,177,18,171,4,2,0,0
JD_11371507,2021-02-28,18,6,14,0,0,0,0
JD_11371506,2021-02-28,44,19,32,1,0,0,0
JD_11371505,2021-02-28,153,0,152,1,0,0,0
JD_11371504,2021-02-28,15,6,14,0,0,0,0
JD_11371502,2021-02-28,22,1,21,1,0,0,0
JD_11371501,2021-02-28,239,23,233,4,2,0,0
JD_11371492,2021-02-28,1220,0,1192,23,5,0,2
JD_11371491,2021-02-28,20,6,16,1,0,0,0
JD_11371488,2021-02-28,144,109,49,0,0,0,0
JD_11371487,2021-02-28,91,59,81,0,0,0,0
JD_11371485,2021-02-28,50,16,48,1,1,0,0
JD_11371484,2021-02-28,10,8,3,0,0,0,0
JD_11371483,2021-02-28,290,0,282,6,2,0,0
JD_11371482,2021-02-28,24,6,22,1,0,0,0
JD_11371480,2021-02-28,61,0,57,4,0,0,0
JD_11371479,2021-02-28,129,0,124,5,0,0,0
JD_11371478,2021-02-28,722,499,389,4,2,1,2
JD_11371477,2021-02-28,34,0,34,0,0,0,0
JD_11371476,2021-02-28,14,12,7,0,0,0,1
JD_11371475,2021-02-28,0,0,0,0,0,0,0
JD_11371474,2021-02-28,11,0,9,1,1,0,0
JD_11371473,2021-02-28,1,0,1,0,0,0,0
JD_11371472,2021-02-28,41,23,41,0,0,0,0
JD_11371471,2021-02-28,8,2,8,0,0,0,0
JD_11371466,2021-02-28,0,0,0,0,0,0,0
JD_11371465,2021-02-28,2,1,1,0,0,0,0
JD_11371464,2021-02-28,2,0,2,0,0,0,0
JD_11371463,2021-02-28,25,10,24,1,0,0,0
JD_11371461,2021-02-28,2,2,1,0,0,0,0
JD_11371460,2021-02-28,36,22,27,2,0,0,0
JD_11371459,2021-02-28,1,1,1,0,0,0,0
JD_11371458,2021-02-28,3,2,1,0,0,0,0
JD_11371457,2021-02-28,2,1,1,0,0,0,0
JD_11371455,2021-02-28,1,1,0,0,0,0,0
JD_11371454,2021-02-28,11,9,6,0,0,0,0
JD_11371453,2021-02-28,4,3,3,0,0,0,0
JD_11371452,2021-02-28,0,0,0,0,0,0,0
JD_11371451,2021-02-28,0,0,0,0,0,0,0
JD_11371450,2021-02-28,6,2,6,0,0,0,0
JD_11371449,2021-02-28,33,17,33,0,0,0,0
JD_11371448,2021-02-28,29,12,28,0,1,0,0
JD_11371445,2021-02-28,2,2,2,0,0,0,0
JD_11371441,2021-02-28,10,6,7,0,0,0,0
JD_11371439,2021-02-28,2,0,2,0,0,0,0
JD_11371437,2021-02-28,0,0,0,0,0,0,0
JD_11371436,2021-02-28,3,1,2,0,0,0,0
JD_11371428,2021-02-28,10,6,8,0,0,0,0
JD_11371427,2021-02-28,1,0,1,0,0,0,0
JD_11371426,2021-02-28,0,0,0,0,0,0,0
JD_11371425,2021-02-28,0,0,0,0,0,0,0
JD_11371423,2021-02-28,16,14,11,0,0,0,0
JD_11371422,2021-02-28,2,2,2,0,0,0,0
JD_11371421,2021-02-28,363,210,223,0,0,0,1
JD_11371420,2021-02-28,0,0,0,0,0,0,0
JD_11371419,2021-02-28,78,64,77,0,0,0,0
JD_11371417,2021-02-28,2,1,1,0,0,0,0
JD_11371414,2021-02-28,0,0,0,0,0,0,0
JD_11371412,2021-02-28,5,3,5,0,0,0,0
JD_11371410,2021-02-28,0,0,0,0,0,0,0
JD_11371408,2021-02-28,0,0,0,0,0,0,0
JD_11371407,2021-02-28,1,1,1,0,0,0,0
