JD_11437691,2021-02-28,31,23,16,0,0,0,0
JD_11437690,2021-02-28,59,51,26,0,0,0,0
JD_11437688,2021-02-28,21,17,12,0,0,0,0
JD_11437687,2021-02-28,26,21,12,0,0,0,0
JD_11437686,2021-02-28,31,27,16,0,0,0,0
JD_11437685,2021-02-28,17,13,14,0,0,0,0
JD_11437684,2021-02-28,30,25,23,0,0,0,0
JD_11437683,2021-02-28,61,42,35,0,0,0,0
JD_11437682,2021-02-28,166,141,74,0,0,0,0
JD_11437681,2021-02-28,93,75,49,0,0,0,0
JD_11437680,2021-02-28,61,39,49,0,0,0,0
JD_11437679,2021-02-28,30,23,21,0,0,0,0
JD_11437678,2021-02-28,44,33,33,1,0,0,0
JD_11437677,2021-02-28,27,21,20,0,0,0,0
JD_11437676,2021-02-28,60,49,35,0,0,0,0
JD_11437675,2021-02-28,65,54,36,0,0,0,0
JD_11437674,2021-02-28,81,69,34,0,0,1,0
JD_11437673,2021-02-28,55,45,32,0,0,0,0
JD_11437672,2021-02-28,731,442,508,5,1,1,3
JD_11437671,2021-02-28,26,13,17,1,0,0,0
JD_11437670,2021-02-28,96,61,50,0,0,0,2
JD_11437669,2021-02-28,59,43,42,0,0,0,0
JD_11437668,2021-02-28,52,40,32,0,0,0,0
JD_11437667,2021-02-28,273,142,200,2,1,0,0
JD_11437666,2021-02-28,123,92,49,1,0,0,1
JD_11437665,2021-02-28,136,68,111,1,0,0,1
JD_11437664,2021-02-28,38,22,25,0,0,0,0
JD_11437663,2021-02-28,188,107,155,1,1,0,2
JD_11437661,2021-02-28,6,0,5,1,0,0,0
JD_11437660,2021-02-28,4,1,3,0,1,0,0
JD_11437659,2021-02-28,6,0,5,1,0,0,0
JD_11437658,2021-02-28,58,27,43,0,0,0,0
JD_11437657,2021-02-28,0,0,0,0,0,0,0
JD_11437655,2021-02-28,33,22,22,0,0,0,0
JD_11437654,2021-02-28,32,0,30,1,1,0,0
JD_11437649,2021-02-28,427,112,366,4,0,0,2
JD_11437648,2021-02-28,119,65,72,0,0,0,0
JD_11437647,2021-02-28,4243,2667,2649,24,10,11,24
JD_11437646,2021-02-28,302,159,227,2,1,0,0
JD_11437645,2021-02-28,58,23,56,0,1,1,0
JD_11437644,2021-02-28,103,23,102,0,0,0,1
JD_11437641,2021-02-28,5659,1076,5384,74,18,2,5
JD_11437640,2021-02-28,63,17,62,0,1,0,0
JD_11437639,2021-02-28,0,0,0,0,0,0,0
JD_11437638,2021-02-28,0,0,0,0,0,0,0
JD_11437637,2021-02-28,0,0,0,0,0,0,0
JD_11437636,2021-02-28,4,4,3,0,0,0,0
JD_11437635,2021-02-28,0,0,0,0,0,0,0
JD_11437634,2021-02-28,68,5,63,4,0,0,0
JD_11437633,2021-02-28,0,0,0,0,0,0,0
JD_11437632,2021-02-28,2,1,1,0,0,0,0
JD_11437631,2021-02-28,3,2,2,0,0,0,0
JD_11437630,2021-02-28,8,5,3,0,1,0,0
JD_11437629,2021-02-28,6,5,1,0,0,0,0
JD_11437628,2021-02-28,10,8,2,0,0,0,0
JD_11437627,2021-02-28,5,0,5,0,0,0,0
JD_11437626,2021-02-28,13,8,9,0,0,0,0
JD_11437625,2021-02-28,38,24,33,2,0,0,0
JD_11437624,2021-02-28,9,4,6,1,0,0,0
JD_11437623,2021-02-28,38,0,38,0,0,0,0
JD_11437622,2021-02-28,24,18,11,0,0,0,0
JD_11437621,2021-02-28,199,137,111,0,1,0,0
JD_11437620,2021-02-28,3,3,2,0,0,0,0
JD_11437619,2021-02-28,4,3,2,0,0,0,0
JD_11437618,2021-02-28,2,1,1,0,0,0,0
JD_11437617,2021-02-28,15,5,12,1,1,0,0
JD_11437616,2021-02-28,5,5,1,0,0,0,0
JD_11437615,2021-02-28,142,2,132,4,6,0,0
JD_11437614,2021-02-28,32,21,21,0,0,0,0
JD_11437611,2021-02-28,4,3,2,0,0,0,0
