JD_12238456,2021-02-28,483,393,266,0,0,0,1
JD_12238455,2021-02-28,360,293,225,1,1,0,0
JD_12238454,2021-02-28,3,3,1,0,0,0,0
JD_12238453,2021-02-28,76,53,51,0,0,0,0
JD_12238452,2021-02-28,7,5,6,0,0,1,0
JD_12238451,2021-02-28,42,37,35,1,0,0,0
JD_12238450,2021-02-28,28,22,28,0,0,0,0
JD_12238449,2021-02-28,127,105,84,0,1,0,0
JD_12238448,2021-02-28,2338,1761,698,0,0,14,1
JD_12238447,2021-02-28,253,201,197,1,0,2,0
JD_12238446,2021-02-28,68,52,65,1,0,0,0
JD_12238445,2021-02-28,135,104,88,0,0,0,0
JD_12238444,2021-02-28,12,8,9,0,0,0,0
JD_12238443,2021-02-28,928,780,603,3,2,3,2
JD_12238442,2021-02-28,3,3,1,0,0,0,0
JD_12238441,2021-02-28,1331,1116,657,3,0,0,1
JD_12238440,2021-02-28,398,328,349,0,0,0,3
JD_12238439,2021-02-28,52,45,32,0,0,0,0
JD_12238438,2021-02-28,224,181,193,0,0,0,1
JD_12238437,2021-02-28,209,152,178,0,0,0,2
JD_12238436,2021-02-28,1283,1097,903,2,1,0,3
JD_12238435,2021-02-28,733,591,413,2,0,2,2
JD_12238434,2021-02-28,13,12,9,0,0,0,0
JD_12238433,2021-02-28,16,14,6,0,0,0,0
JD_12238432,2021-02-28,1,1,0,0,0,0,0
JD_12238431,2021-02-28,48,41,36,0,0,0,0
JD_12238430,2021-02-28,39,34,6,0,0,0,0
JD_12238429,2021-02-28,12,10,5,0,0,0,0
JD_12238428,2021-02-28,0,0,0,0,0,0,0
JD_12238355,2021-02-28,8,6,3,0,0,0,0
JD_12238354,2021-02-28,46,40,19,0,0,0,0
JD_12238353,2021-02-28,80,64,77,0,0,0,1
JD_12238352,2021-02-28,41,37,16,0,0,0,0
JD_12238351,2021-02-28,27,24,22,0,0,0,0
JD_12238350,2021-02-28,25,18,19,0,0,0,0
JD_12238349,2021-02-28,12,11,9,0,0,0,0
JD_12238348,2021-02-28,6,5,5,0,0,0,0
JD_12238347,2021-02-28,6,5,5,0,0,0,0
JD_12238346,2021-02-28,14,12,14,0,0,0,0
JD_12238345,2021-02-28,45,41,44,0,0,0,0
JD_12238344,2021-02-28,40,35,26,0,0,0,0
JD_12238343,2021-02-28,47,42,43,0,0,0,0
JD_12238342,2021-02-28,12,10,5,1,0,0,0
JD_12238341,2021-02-28,97,80,68,1,0,0,0
JD_12238340,2021-02-28,184,160,106,0,0,0,0
JD_12238338,2021-02-28,6,5,4,0,0,0,0
JD_12238337,2021-02-28,5,4,4,0,0,0,0
JD_12238336,2021-02-28,838,722,571,6,5,0,3
JD_12238335,2021-02-28,5,5,5,0,0,0,0
JD_12238334,2021-02-28,2,2,2,0,0,0,0
JD_12238333,2021-02-28,83,71,31,1,0,0,0
JD_12238332,2021-02-28,13,10,13,0,0,0,0
JD_12238331,2021-02-28,33,30,16,0,0,0,0
JD_12238330,2021-02-28,25,23,12,0,0,0,0
JD_12238329,2021-02-28,860,712,286,0,0,2,6
JD_12238328,2021-02-28,4,3,4,0,0,0,0
JD_12238327,2021-02-28,186,147,100,0,0,0,0
JD_12238326,2021-02-28,3,1,3,0,0,0,0
JD_12238325,2021-02-28,4,4,2,0,0,0,0
JD_12238324,2021-02-28,67,52,67,0,0,0,0
JD_12238323,2021-02-28,65,53,34,0,0,0,0
JD_12238322,2021-02-28,0,0,0,0,0,0,0
JD_12238321,2021-02-28,483,396,294,0,1,0,1
JD_12238320,2021-02-28,3854,3241,2842,4,2,2,11
JD_12238319,2021-02-28,4,4,3,0,0,0,0
JD_12238318,2021-02-28,21,15,12,0,1,0,0
JD_12238317,2021-02-28,5,4,2,0,0,0,0
JD_12238316,2021-02-28,0,0,0,0,0,0,0
JD_12238315,2021-02-28,4232,3481,1916,7,2,2,8
JD_12238314,2021-02-28,204,170,113,1,0,0,1
