JD_11375998,2021-02-28,3708,1675,3673,22,8,1,12
JD_11375997,2021-02-28,4023,1703,3547,20,11,6,12
JD_11375995,2021-02-28,32,0,32,0,0,0,0
JD_11375994,2021-02-28,23,9,18,0,0,0,0
JD_11375993,2021-02-28,7,3,7,0,0,0,0
JD_11375992,2021-02-28,846,603,349,5,1,0,1
JD_11375991,2021-02-28,48,28,30,0,0,0,0
JD_11375989,2021-02-28,683,428,328,8,2,2,0
JD_11375987,2021-02-28,5,3,4,0,0,0,0
JD_11375985,2021-02-28,16,3,14,1,1,0,0
JD_11375984,2021-02-28,7,0,7,0,0,0,0
JD_11375981,2021-02-28,11,11,0,0,0,0,0
JD_11375979,2021-02-28,18,7,12,0,0,0,0
JD_11375978,2021-02-28,7,4,5,0,0,0,0
JD_11375977,2021-02-28,17,3,16,0,1,0,0
JD_11375974,2021-02-28,51,37,27,0,0,0,0
JD_11375973,2021-02-28,5,2,3,0,0,0,0
JD_11375972,2021-02-28,9,5,6,0,0,0,0
JD_11375968,2021-02-28,0,0,0,0,0,0,0
JD_11375966,2021-02-28,1,1,0,0,0,0,0
JD_11375965,2021-02-28,37,22,22,1,0,0,0
JD_11375963,2021-02-28,315,220,152,0,0,0,0
JD_11375961,2021-02-28,232,25,231,0,0,0,1
JD_11375960,2021-02-28,15,8,15,0,0,0,0
JD_11375959,2021-02-28,2,1,1,0,0,0,0
JD_11375956,2021-02-28,9,5,5,0,0,0,0
JD_11375954,2021-02-28,2,2,0,0,0,0,0
JD_11375953,2021-02-28,0,0,0,0,0,0,0
JD_11375950,2021-02-28,374,291,352,1,0,0,1
JD_11375949,2021-02-28,0,0,0,0,0,0,0
JD_11375947,2021-02-28,6,4,3,0,0,0,0
JD_11375946,2021-02-28,5,3,3,0,0,0,0
JD_11375945,2021-02-28,2,2,2,0,0,0,0
JD_11375944,2021-02-28,0,0,0,0,0,0,0
JD_11375943,2021-02-28,10,7,6,0,0,0,0
JD_11375940,2021-02-28,0,0,0,0,0,0,0
JD_11375939,2021-02-28,2,1,1,0,0,0,0
JD_11375938,2021-02-28,0,0,0,0,0,0,0
JD_11375937,2021-02-28,0,0,0,0,0,0,0
JD_11375936,2021-02-28,1,1,0,0,0,0,0
JD_11375934,2021-02-28,0,0,0,0,0,0,0
JD_11375930,2021-02-28,23,17,12,0,0,0,0
JD_11375919,2021-02-28,58,16,47,1,1,0,0
JD_11375918,2021-02-28,5,2,5,0,0,0,0
JD_11375915,2021-02-28,2,1,2,0,0,0,1
JD_11375914,2021-02-28,13,9,13,0,0,0,0
JD_11375904,2021-02-28,7,1,7,0,0,0,0
JD_11375903,2021-02-28,29,8,23,2,1,0,0
JD_11375901,2021-02-28,0,0,0,0,0,0,0
JD_11375900,2021-02-28,0,0,0,0,0,0,0
JD_11375898,2021-02-28,0,0,0,0,0,0,0
JD_11375897,2021-02-28,0,0,0,0,0,0,0
JD_11375896,2021-02-28,8,8,7,0,0,0,0
JD_11375894,2021-02-28,0,0,0,0,0,0,0
JD_11375893,2021-02-28,14,5,14,0,0,0,0
JD_11375891,2021-02-28,53,20,52,0,1,0,0
JD_11375888,2021-02-28,0,0,0,0,0,0,0
JD_11375886,2021-02-28,24,16,11,0,0,0,0
JD_11375885,2021-02-28,5,2,4,0,0,0,0
JD_11375881,2021-02-28,28,14,21,4,0,0,0
JD_11375880,2021-02-28,2,1,1,0,0,0,0
JD_11375879,2021-02-28,4,1,3,0,0,0,0
JD_11375878,2021-02-28,36,15,31,0,0,1,0
JD_11375877,2021-02-28,1,1,0,0,0,0,0
JD_11375875,2021-02-28,27,20,12,1,0,0,0
JD_11375874,2021-02-28,23,16,14,0,0,0,0
JD_11375873,2021-02-28,11,8,8,0,0,0,0
JD_11375872,2021-02-28,37,22,36,0,0,0,0
JD_11375871,2021-02-28,10,9,8,0,0,0,0
JD_11375869,2021-02-28,15,11,7,0,0,0,0
