JD_12489657,2021-02-28,19,16,2,1,0,0,0
JD_12489656,2021-02-28,11,9,7,0,0,0,0
JD_12489655,2021-02-28,89,76,13,0,0,0,0
JD_12489654,2021-02-28,384,311,152,0,0,0,2
JD_12489653,2021-02-28,452,281,168,2,1,2,5
JD_12489652,2021-02-28,217,170,85,0,0,2,0
JD_12489651,2021-02-28,188,149,41,0,0,0,0
JD_12489650,2021-02-28,3,3,0,0,0,0,0
JD_12489649,2021-02-28,9324,8175,1158,10,6,10,12
JD_12489648,2021-02-28,17,12,5,1,0,0,0
JD_12489647,2021-02-28,0,0,0,0,0,0,0
JD_12489646,2021-02-28,1,1,0,0,0,0,0
JD_12489645,2021-02-28,11,8,3,0,0,0,0
JD_12489644,2021-02-28,32,29,8,0,0,0,0
JD_12489643,2021-02-28,72,55,17,0,0,0,1
JD_12489642,2021-02-28,300,230,65,5,3,1,0
JD_12489641,2021-02-28,19,17,2,0,0,0,0
JD_12489640,2021-02-28,882,756,165,0,1,0,3
JD_12489639,2021-02-28,27,25,2,0,0,0,0
JD_12489638,2021-02-28,38,30,9,0,0,0,0
JD_12489637,2021-02-28,0,0,0,0,0,0,0
JD_12489636,2021-02-28,5155,4130,2930,4,4,14,13
JD_12489634,2021-02-28,1326,1067,733,0,3,2,1
JD_12489633,2021-02-28,4,4,0,0,0,0,0
JD_12489632,2021-02-28,21,16,9,0,0,0,0
JD_12489631,2021-02-28,158,133,24,1,0,0,0
JD_12489630,2021-02-28,14,13,4,0,0,0,0
JD_12489629,2021-02-28,22,18,4,0,0,0,0
JD_12489628,2021-02-28,846,707,329,0,2,2,4
JD_12489627,2021-02-28,24,18,6,0,0,0,0
JD_12489626,2021-02-28,571,464,181,1,0,1,0
JD_12489625,2021-02-28,75,64,11,0,0,1,0
JD_12489624,2021-02-28,25,20,11,0,0,0,0
JD_12489623,2021-02-28,234,206,28,0,0,0,0
JD_12489622,2021-02-28,36,30,13,0,0,0,0
JD_12489621,2021-02-28,7,6,1,0,0,0,0
JD_12489620,2021-02-28,19,16,3,0,0,0,0
JD_12489619,2021-02-28,37,30,7,0,0,0,0
JD_12489618,2021-02-28,3,2,1,0,0,0,0
JD_12489617,2021-02-28,16,13,3,0,0,0,0
JD_12489616,2021-02-28,1,1,0,0,0,0,0
JD_12489615,2021-02-28,7,7,0,0,0,0,0
JD_12489614,2021-02-28,328,286,52,2,0,0,0
JD_12489613,2021-02-28,9,8,1,0,0,0,0
JD_12489612,2021-02-28,307,201,132,0,1,1,1
JD_12489611,2021-02-28,3,3,0,0,0,0,0
JD_12489610,2021-02-28,43,39,8,0,0,0,0
JD_12489537,2021-02-28,12,11,1,0,0,0,0
JD_12489536,2021-02-28,120,103,26,0,0,0,0
JD_12489535,2021-02-28,0,0,0,0,0,0,0
JD_12489534,2021-02-28,96,86,13,0,0,0,0
JD_12489533,2021-02-28,74,63,11,0,0,0,0
JD_12489532,2021-02-28,602,508,135,0,0,0,0
JD_12489531,2021-02-28,1333,1085,258,2,1,1,1
JD_12489530,2021-02-28,115,93,30,0,0,0,0
JD_12489529,2021-02-28,51,43,8,0,0,0,0
JD_12489528,2021-02-28,10,8,3,0,0,0,0
JD_12489527,2021-02-28,280,254,26,0,0,0,0
JD_12489526,2021-02-28,2788,1937,1065,0,1,3,11
JD_12489525,2021-02-28,566,514,54,0,0,0,1
JD_12489524,2021-02-28,1057,802,272,4,1,1,4
JD_12489523,2021-02-28,4921,3906,1011,4,0,31,10
JD_12489522,2021-02-28,4,4,0,0,0,0,0
JD_12489521,2021-02-28,5,5,0,0,0,0,0
JD_12489520,2021-02-28,1242,1049,972,3,0,1,5
JD_12489519,2021-02-28,7,7,0,0,0,0,0
JD_12489517,2021-02-28,8,7,1,0,0,0,0
JD_12489516,2021-02-28,422,352,75,3,0,3,1
JD_12489515,2021-02-28,32,29,2,1,0,0,0
JD_12489514,2021-02-28,12,11,2,0,0,0,0
