JD_12696640,2021-02-28,3,3,0,0,0,0,0
JD_12696566,2021-02-28,3,2,1,0,0,0,0
JD_12696565,2021-02-28,30,28,2,0,0,0,0
JD_12696564,2021-02-28,22,16,5,1,0,0,0
JD_12696563,2021-02-28,51,44,7,0,0,0,0
JD_12696562,2021-02-28,14,8,6,0,0,0,0
JD_12696561,2021-02-28,15,15,0,0,0,0,0
JD_12696559,2021-02-28,23,22,1,0,0,0,0
JD_12696556,2021-02-28,64,54,10,0,0,0,0
JD_12696555,2021-02-28,26,21,5,0,0,0,0
JD_12696554,2021-02-28,0,0,0,0,0,0,0
JD_12696553,2021-02-28,21,19,2,0,0,0,0
JD_12696552,2021-02-28,4,3,1,0,0,0,0
JD_12696551,2021-02-28,4,4,0,0,0,0,0
JD_12696550,2021-02-28,59,47,12,0,0,0,0
JD_12696549,2021-02-28,115,106,9,0,0,0,0
JD_12696471,2021-02-28,0,0,0,0,0,0,0
JD_12696470,2021-02-28,6,5,1,0,0,0,0
JD_12696469,2021-02-28,307,270,37,0,0,0,1
JD_12696468,2021-02-28,20,15,5,0,0,0,0
JD_12696467,2021-02-28,632,534,94,3,1,0,2
JD_12696466,2021-02-28,1,1,0,0,0,0,0
JD_12696465,2021-02-28,4,4,0,0,0,0,0
JD_12696464,2021-02-28,2,1,1,0,0,0,0
JD_12696463,2021-02-28,1,1,0,0,0,0,0
JD_12696462,2021-02-28,3,3,0,0,0,0,0
JD_12696461,2021-02-28,28,27,1,0,0,0,0
JD_12696460,2021-02-28,3,3,0,0,0,0,0
JD_12696459,2021-02-28,11,11,0,0,0,0,0
JD_12696458,2021-02-28,2,1,1,0,0,0,0
JD_12696457,2021-02-28,85,65,20,0,0,0,0
JD_12696456,2021-02-28,3,3,0,0,0,0,0
JD_12696455,2021-02-28,162,142,20,0,0,0,0
JD_12696454,2021-02-28,121,99,22,0,0,0,1
JD_12696453,2021-02-28,483,432,50,0,1,0,2
JD_12696452,2021-02-28,3,1,2,0,0,0,0
JD_12696451,2021-02-28,99,81,18,0,0,0,0
JD_12696450,2021-02-28,13,12,1,0,0,0,0
JD_12696449,2021-02-28,246,207,39,0,0,0,0
JD_12696448,2021-02-28,111,51,57,3,0,0,1
JD_12696447,2021-02-28,93,78,15,0,0,0,1
JD_12696446,2021-02-28,0,0,0,0,0,0,0
JD_12696445,2021-02-28,0,0,0,0,0,0,0
JD_12696444,2021-02-28,107,93,14,0,0,0,0
JD_12696443,2021-02-28,24,19,5,0,0,0,0
JD_12696442,2021-02-28,0,0,0,0,0,0,0
JD_12696441,2021-02-28,2,2,0,0,0,0,0
JD_12696440,2021-02-28,46,39,7,0,0,0,0
JD_12696438,2021-02-28,37,24,13,0,0,0,0
JD_12696437,2021-02-28,24,21,3,0,0,0,0
JD_12696436,2021-02-28,31,29,2,0,0,0,0
JD_12696435,2021-02-28,6,6,0,0,0,0,0
JD_12696434,2021-02-28,95,43,51,1,0,0,1
JD_12696433,2021-02-28,22,17,5,0,0,0,0
JD_12696432,2021-02-28,3,2,1,0,0,0,0
JD_12696431,2021-02-28,1,0,1,0,0,0,0
JD_12696430,2021-02-28,2,2,0,0,0,0,0
JD_12696429,2021-02-28,5,5,0,0,0,0,0
JD_12696428,2021-02-28,130,113,16,0,1,0,0
JD_12696427,2021-02-28,782,706,76,0,0,1,1
JD_12696426,2021-02-28,115,101,14,0,0,0,0
JD_12696425,2021-02-28,1637,1445,188,2,2,0,3
JD_12696424,2021-02-28,2,2,0,0,0,0,0
JD_12696423,2021-02-28,591,493,98,0,0,0,1
JD_12696421,2021-02-28,225,192,32,0,1,0,0
JD_12696420,2021-02-28,11,9,1,0,1,0,0
JD_12696419,2021-02-28,98,79,19,0,0,0,0
JD_12696418,2021-02-28,15,15,0,0,0,0,0
JD_12696417,2021-02-28,48,40,8,0,0,0,0
JD_12696416,2021-02-28,1,1,0,0,0,0,0
