JD_12137721,2021-02-28,997,820,516,1,0,0,3
JD_12137720,2021-02-28,10,8,10,0,0,0,0
JD_12137719,2021-02-28,28,17,22,0,0,0,1
JD_12137718,2021-02-28,5,3,3,1,0,0,0
JD_12137717,2021-02-28,89,71,63,0,1,1,1
JD_12137715,2021-02-28,107,89,64,1,0,0,0
JD_12137714,2021-02-28,5,4,2,0,0,0,0
JD_12137713,2021-02-28,57,51,34,0,0,0,0
JD_12137712,2021-02-28,7,4,7,0,0,0,0
JD_12137711,2021-02-28,1173,893,1001,0,2,2,2
JD_12137710,2021-02-28,1,1,1,0,0,0,0
JD_12137709,2021-02-28,261,212,220,0,1,1,0
JD_12137708,2021-02-28,15,9,14,0,0,0,0
JD_12137707,2021-02-28,31,22,20,0,0,0,0
JD_12137705,2021-02-28,521,395,443,2,0,1,1
JD_12137703,2021-02-28,8,6,7,0,0,0,0
JD_12137701,2021-02-28,0,0,0,0,0,0,0
JD_12137700,2021-02-28,0,0,0,0,0,0,0
JD_12137699,2021-02-28,21,14,15,0,1,0,0
JD_12137697,2021-02-28,130,96,73,0,1,0,0
JD_12137695,2021-02-28,51,41,30,0,0,0,0
JD_12137694,2021-02-28,916,650,903,3,0,0,2
JD_12137693,2021-02-28,44,36,32,0,0,0,0
JD_12137692,2021-02-28,28,23,16,0,0,0,0
JD_12137691,2021-02-28,493,372,378,3,0,2,0
JD_12137690,2021-02-28,0,0,0,0,0,0,0
JD_12137689,2021-02-28,5,0,5,0,0,0,0
JD_12137688,2021-02-28,1076,846,1068,3,2,1,2
JD_12137687,2021-02-28,5,4,1,0,0,0,0
JD_12137686,2021-02-28,24,4,23,0,0,0,0
JD_12137685,2021-02-28,11,2,10,0,0,0,0
JD_12137683,2021-02-28,31,25,28,0,0,0,0
JD_12137682,2021-02-28,17,10,7,0,0,0,0
JD_12137681,2021-02-28,950,779,776,0,1,0,0
JD_12137679,2021-02-28,34,32,17,0,1,0,0
JD_12137678,2021-02-28,2,2,0,0,0,0,0
JD_12137676,2021-02-28,14,12,2,0,1,0,0
JD_12137675,2021-02-28,364,302,355,0,0,0,0
JD_12137674,2021-02-28,3,3,1,0,0,0,0
JD_12137673,2021-02-28,295,221,136,0,0,1,0
JD_12137672,2021-02-28,3,3,3,0,0,0,0
JD_12137671,2021-02-28,72,60,30,0,0,0,1
JD_12137670,2021-02-28,1,1,1,0,0,0,0
JD_12137669,2021-02-28,3,2,3,0,0,0,0
JD_12137668,2021-02-28,74,60,75,1,0,0,1
JD_12137667,2021-02-28,3,3,1,0,0,0,0
JD_12137666,2021-02-28,0,0,0,0,0,0,0
JD_12137665,2021-02-28,174,147,58,0,1,0,0
JD_12137664,2021-02-28,0,0,0,0,0,0,0
JD_12137663,2021-02-28,337,266,201,0,0,0,0
JD_12137662,2021-02-28,8,4,6,0,0,0,0
JD_12137661,2021-02-28,276,218,188,0,0,1,0
JD_12137660,2021-02-28,1,1,1,0,0,0,0
JD_12137659,2021-02-28,794,661,504,0,1,1,1
JD_12137657,2021-02-28,1922,1705,1148,1,1,1,3
JD_12137656,2021-02-28,6,5,3,0,0,0,0
JD_12137655,2021-02-28,279,222,172,0,0,0,0
JD_12137654,2021-02-28,41,27,29,0,0,0,0
JD_12137653,2021-02-28,252,200,163,0,0,1,0
JD_12137651,2021-02-28,227,178,161,0,0,1,0
JD_12137650,2021-02-28,17,11,11,0,0,0,0
JD_12137649,2021-02-28,35,28,31,0,0,0,0
JD_12137648,2021-02-28,6,3,6,0,0,0,0
JD_12137647,2021-02-28,37,29,34,0,0,0,0
JD_12137646,2021-02-28,7,6,4,0,0,0,0
JD_12136947,2021-02-28,0,0,0,0,0,0,0
JD_12136946,2021-02-28,4,3,1,0,0,0,0
JD_12136945,2021-02-28,16,14,14,0,0,0,0
JD_12136944,2021-02-28,1,1,0,0,0,0,0
JD_12136943,2021-02-28,19,14,17,0,0,0,0
