JD_11298006,2021-02-28,11,8,7,0,0,0,0
JD_11298005,2021-02-28,18,15,9,0,0,0,0
JD_11298003,2021-02-28,1,0,1,0,0,0,0
JD_11298002,2021-02-28,9,3,6,1,1,0,0
JD_11298000,2021-02-28,24,11,18,0,0,0,0
JD_11297999,2021-02-28,16,0,16,0,0,0,0
JD_11297998,2021-02-28,4,3,1,0,0,0,0
JD_11297997,2021-02-28,16,9,11,0,0,1,0
JD_11297996,2021-02-28,6,0,6,0,0,0,0
JD_11297995,2021-02-28,1,0,1,0,0,0,0
JD_11297994,2021-02-28,2,0,2,0,0,0,0
JD_11297993,2021-02-28,3,3,2,0,0,0,0
JD_11297989,2021-02-28,1,1,1,0,0,0,0
JD_11297987,2021-02-28,5,3,2,0,0,0,0
JD_11297985,2021-02-28,7,0,7,0,0,0,0
JD_11297984,2021-02-28,0,0,0,0,0,0,0
JD_11297982,2021-02-28,0,0,0,0,0,0,0
JD_11297980,2021-02-28,0,0,0,0,0,0,0
JD_11297969,2021-02-28,21,16,10,0,0,0,0
JD_11297968,2021-02-28,0,0,0,0,0,0,0
JD_11297967,2021-02-28,24,16,16,0,0,0,0
JD_11297966,2021-02-28,0,0,0,0,0,0,0
JD_11297965,2021-02-28,7,1,5,2,0,0,0
JD_11297964,2021-02-28,23,18,10,0,0,0,0
JD_11297962,2021-02-28,45,23,39,1,0,0,0
JD_11297961,2021-02-28,0,0,0,0,0,0,0
JD_11297960,2021-02-28,1,0,1,0,0,0,0
JD_11297959,2021-02-28,0,0,0,0,0,0,0
JD_11297958,2021-02-28,1,0,1,0,0,0,0
JD_11297957,2021-02-28,38,24,38,0,0,0,0
JD_11297956,2021-02-28,16,13,9,0,0,0,0
JD_11297953,2021-02-28,4,0,4,0,0,0,0
JD_11297952,2021-02-28,52,40,18,1,0,0,0
JD_11297951,2021-02-28,11,9,7,0,0,0,0
JD_11297950,2021-02-28,8,4,6,0,0,0,0
JD_11297949,2021-02-28,17,7,13,0,0,0,0
JD_11297947,2021-02-28,11,7,10,0,0,0,0
JD_11297946,2021-02-28,5,3,4,0,0,0,0
JD_11297945,2021-02-28,8,2,7,0,0,0,0
JD_11297944,2021-02-28,7,4,4,1,0,0,0
JD_11297943,2021-02-28,18,13,10,0,0,0,0
JD_11297942,2021-02-28,2,1,1,0,0,0,0
JD_11297941,2021-02-28,4,2,2,0,0,0,0
JD_11297940,2021-02-28,5,2,4,0,0,0,0
JD_11297939,2021-02-28,7,4,3,0,0,0,0
JD_11297938,2021-02-28,13,5,10,0,0,0,0
JD_11297933,2021-02-28,319,262,153,0,0,0,0
JD_11297932,2021-02-28,256,206,117,0,0,0,0
JD_11297931,2021-02-28,2,2,0,0,0,0,0
JD_11297930,2021-02-28,230,193,106,0,0,0,0
JD_11297928,2021-02-28,10,9,4,0,0,0,0
JD_11297927,2021-02-28,20,10,19,0,0,0,0
JD_11297926,2021-02-28,371,24,331,12,4,0,1
JD_11297925,2021-02-28,156,117,72,0,0,0,0
JD_11297924,2021-02-28,1693,1256,1662,4,9,2,6
JD_11297923,2021-02-28,485,362,259,0,0,0,1
JD_11297922,2021-02-28,45,30,24,0,1,0,0
JD_11297921,2021-02-28,185,115,110,5,0,0,0
JD_11297920,2021-02-28,607,108,595,12,0,0,0
JD_11297919,2021-02-28,470,301,304,2,0,2,1
JD_11297918,2021-02-28,6,4,3,0,0,0,0
JD_11297917,2021-02-28,287,199,153,0,0,0,2
JD_11297916,2021-02-28,18,5,18,0,0,0,0
JD_11297915,2021-02-28,0,0,0,0,0,0,0
JD_11297914,2021-02-28,2,1,1,0,0,0,0
JD_11297913,2021-02-28,10674,6716,6800,50,28,6,18
JD_11297910,2021-02-28,1,1,1,0,0,0,0
JD_11297909,2021-02-28,27,15,19,0,0,0,0
JD_11297908,2021-02-28,35,15,27,1,1,0,0
JD_11297907,2021-02-28,22,11,19,0,0,0,0
