JD_11474478,2021-02-28,3,0,3,0,0,0,0
JD_11474476,2021-02-28,2,0,2,0,0,0,0
JD_11474475,2021-02-28,15,13,12,0,0,0,0
JD_11474474,2021-02-28,3,2,3,0,0,0,0
JD_11474473,2021-02-28,4,1,3,0,0,0,0
JD_11474472,2021-02-28,1,1,1,0,0,0,0
JD_11474471,2021-02-28,17,8,11,1,0,0,0
JD_11474470,2021-02-28,7,0,7,0,0,0,0
JD_11474469,2021-02-28,14,7,11,0,0,0,0
JD_11474468,2021-02-28,33,15,31,1,0,1,1
JD_11474467,2021-02-28,17,8,17,0,0,0,1
JD_11474466,2021-02-28,15,0,13,1,1,0,0
JD_11474465,2021-02-28,4,2,3,1,0,0,0
JD_11474464,2021-02-28,0,0,0,0,0,0,0
JD_11474463,2021-02-28,0,0,0,0,0,0,0
JD_11474462,2021-02-28,30,11,26,0,0,0,0
JD_11474461,2021-02-28,5,4,4,0,0,0,0
JD_11474460,2021-02-28,0,0,0,0,0,0,0
JD_11474457,2021-02-28,0,0,0,0,0,0,0
JD_11474456,2021-02-28,0,0,0,0,0,0,0
JD_11474454,2021-02-28,0,0,0,0,0,0,0
JD_11474451,2021-02-28,2,1,1,0,0,0,1
JD_11474450,2021-02-28,0,0,0,0,0,0,0
JD_11474449,2021-02-28,1,0,1,0,0,0,0
JD_11474447,2021-02-28,15,7,13,0,0,0,0
JD_11474446,2021-02-28,9,6,7,0,0,0,0
JD_11474445,2021-02-28,5,3,5,0,0,0,0
JD_11474444,2021-02-28,68,29,52,1,0,0,0
JD_11474443,2021-02-28,27,16,22,0,0,0,0
JD_11474442,2021-02-28,9,2,8,0,0,0,0
JD_11474441,2021-02-28,125,78,80,0,0,0,0
JD_11474440,2021-02-28,18,15,8,0,0,0,0
JD_11474439,2021-02-28,12,8,6,0,0,0,0
JD_11474438,2021-02-28,10,6,6,0,0,0,0
JD_11474434,2021-02-28,59,47,43,1,0,0,0
JD_11474430,2021-02-28,52,22,42,1,0,0,0
JD_11474429,2021-02-28,0,0,0,0,0,0,0
JD_11474427,2021-02-28,3,3,0,0,0,0,0
JD_11474426,2021-02-28,318,3,308,9,1,0,0
JD_11474425,2021-02-28,0,0,0,0,0,0,0
JD_11474424,2021-02-28,55,27,45,0,0,0,0
JD_11474423,2021-02-28,70,36,55,0,0,0,2
JD_11474421,2021-02-28,0,0,0,0,0,0,0
JD_11474417,2021-02-28,20,17,18,0,0,0,0
JD_11474416,2021-02-28,23,16,21,0,0,0,0
JD_11474414,2021-02-28,11,4,11,0,0,0,0
JD_11474413,2021-02-28,2,1,1,0,0,0,0
JD_11474412,2021-02-28,0,0,0,0,0,0,0
JD_11474411,2021-02-28,44,28,44,0,0,0,0
JD_11474409,2021-02-28,7,0,7,0,0,0,0
JD_11474408,2021-02-28,10,1,9,0,0,0,0
JD_11474407,2021-02-28,5,2,4,0,0,0,0
JD_11474406,2021-02-28,41,29,28,0,0,0,1
JD_11474401,2021-02-28,0,0,0,0,0,0,0
JD_11474400,2021-02-28,0,0,0,0,0,0,0
JD_11474399,2021-02-28,0,0,0,0,0,0,0
JD_11474397,2021-02-28,4,3,4,0,0,0,0
JD_11474396,2021-02-28,0,0,0,0,0,0,0
JD_11474395,2021-02-28,12,8,12,0,0,0,0
JD_11474394,2021-02-28,0,0,0,0,0,0,0
JD_11474392,2021-02-28,0,0,0,0,0,0,0
JD_11474391,2021-02-28,27,13,23,0,0,0,0
JD_11474388,2021-02-28,9,7,9,0,0,0,0
JD_11474386,2021-02-28,92,37,73,2,1,0,0
JD_11474385,2021-02-28,56048,39419,36805,97,27,103,79
JD_11474384,2021-02-28,296,70,289,6,1,0,0
JD_11474383,2021-02-28,50656,30629,41590,148,69,65,82
JD_11474382,2021-02-28,407,279,222,1,0,0,0
JD_11474381,2021-02-28,5299,3662,3270,4,1,15,4
JD_11474380,2021-02-28,22,20,10,0,0,0,0
