JD_11509637,2021-02-28,0,0,0,0,0,0,0
JD_11509636,2021-02-28,191,161,109,0,0,0,0
JD_11509635,2021-02-28,20,16,14,1,0,0,0
JD_11509634,2021-02-28,48,35,22,0,0,0,0
JD_11509633,2021-02-28,146,108,95,0,0,0,0
JD_11509632,2021-02-28,113,93,63,0,0,0,0
JD_11509631,2021-02-28,29,18,18,0,0,0,0
JD_11509630,2021-02-28,8,7,3,0,0,0,0
JD_11509629,2021-02-28,33,23,27,0,0,0,1
JD_11509628,2021-02-28,77,53,56,1,0,0,0
JD_11509627,2021-02-28,27,19,12,0,0,0,0
JD_11509626,2021-02-28,122,75,72,0,0,0,0
JD_11509625,2021-02-28,26,20,19,0,0,0,0
JD_11509624,2021-02-28,19,17,10,0,0,0,0
JD_11509623,2021-02-28,48,37,35,0,0,0,0
JD_11509622,2021-02-28,12,7,9,1,0,0,0
JD_11509621,2021-02-28,13,8,10,1,0,0,0
JD_11509620,2021-02-28,37,27,21,0,0,0,0
JD_11509619,2021-02-28,71,56,53,0,0,0,0
JD_11509618,2021-02-28,83,62,56,0,0,0,0
JD_11509617,2021-02-28,9,5,6,0,0,0,0
JD_11509616,2021-02-28,10,6,6,0,0,0,0
JD_11509615,2021-02-28,24,15,16,0,0,0,0
JD_11509614,2021-02-28,41,29,22,0,0,0,0
JD_11509613,2021-02-28,40,30,26,0,0,0,0
JD_11509612,2021-02-28,39,28,26,0,0,0,0
JD_11509611,2021-02-28,50,41,34,0,0,0,0
JD_11509610,2021-02-28,33,27,19,0,0,0,0
JD_11509609,2021-02-28,58,44,37,0,0,0,0
JD_11509608,2021-02-28,55,44,29,0,0,0,0
JD_11509607,2021-02-28,65,56,37,0,0,0,0
JD_11509606,2021-02-28,2,2,1,0,0,0,0
JD_11509605,2021-02-28,6,4,5,0,0,0,0
JD_11509604,2021-02-28,8,6,6,0,0,0,0
JD_11509603,2021-02-28,8,6,5,0,0,0,0
JD_11509602,2021-02-28,10,9,6,0,0,0,0
JD_11509601,2021-02-28,9,8,7,0,0,0,0
JD_11509600,2021-02-28,13,12,6,0,0,0,0
JD_11509599,2021-02-28,14,8,8,0,0,0,0
JD_11509598,2021-02-28,7,5,2,0,0,0,0
JD_11509597,2021-02-28,6,3,3,0,0,0,0
JD_11509596,2021-02-28,10,8,8,0,0,0,0
JD_11509594,2021-02-28,39,25,29,0,0,0,0
JD_11509593,2021-02-28,63,47,39,0,0,0,0
JD_11509592,2021-02-28,14,12,8,0,0,0,0
JD_11509591,2021-02-28,34,26,23,0,0,0,0
JD_11509590,2021-02-28,16,13,12,0,0,0,0
JD_11509589,2021-02-28,71,52,42,0,0,0,0
JD_11509588,2021-02-28,139,107,81,0,0,0,1
JD_11509587,2021-02-28,19,16,12,0,0,0,0
JD_11509586,2021-02-28,79,56,54,1,0,0,0
JD_11509585,2021-02-28,37,25,29,0,0,0,0
JD_11509584,2021-02-28,10,4,9,0,0,0,0
JD_11509583,2021-02-28,12,7,9,0,0,0,0
JD_11509582,2021-02-28,10,7,5,0,0,0,0
JD_11509581,2021-02-28,51,35,37,0,0,0,0
JD_11509580,2021-02-28,0,0,0,0,0,0,0
JD_11509575,2021-02-28,331,0,323,8,0,0,0
JD_11509574,2021-02-28,2,1,1,0,0,0,0
JD_11509573,2021-02-28,2,1,1,0,1,0,0
JD_11509572,2021-02-28,10020,6110,9987,24,6,5,19
JD_11509566,2021-02-28,143,102,134,1,0,0,0
JD_11509565,2021-02-28,229,171,214,0,0,0,0
JD_11509560,2021-02-28,46,13,46,0,0,0,0
JD_11509559,2021-02-28,1115,358,1066,5,2,0,1
JD_11509558,2021-02-28,3516,1399,3442,23,9,2,8
JD_11509554,2021-02-28,157,113,154,0,0,0,0
JD_11509552,2021-02-28,9,1,8,0,0,0,0
JD_11509550,2021-02-28,102,11,100,0,1,0,0
JD_11509549,2021-02-28,9,4,8,0,0,0,0
