JD_11734163,2021-02-28,13,11,6,0,0,0,0
JD_11734162,2021-02-28,22,15,14,0,0,0,0
JD_11734161,2021-02-28,741,0,701,29,11,0,0
JD_11734160,2021-02-28,10,2,10,0,0,0,0
JD_11734159,2021-02-28,148,16,145,2,1,0,0
JD_11734158,2021-02-28,8,0,8,0,0,0,0
JD_11734157,2021-02-28,171,0,158,9,4,0,0
JD_11734156,2021-02-28,0,0,0,0,0,0,0
JD_11734155,2021-02-28,216,1,212,3,1,0,0
JD_11734153,2021-02-28,107,0,103,2,2,0,0
JD_11734152,2021-02-28,60,0,60,0,0,0,0
JD_11734151,2021-02-28,151,86,106,1,1,2,2
JD_11734150,2021-02-28,0,0,0,0,0,0,0
JD_11734149,2021-02-28,1,0,1,0,0,0,0
JD_11734147,2021-02-28,2,2,0,0,0,0,0
JD_11734146,2021-02-28,39,30,31,0,0,0,1
JD_11734145,2021-02-28,179,105,115,0,1,0,1
JD_11734144,2021-02-28,48,28,44,0,0,0,0
JD_11734143,2021-02-28,11,9,6,0,0,0,0
JD_11734142,2021-02-28,6349,4690,4273,6,3,4,15
JD_11734141,2021-02-28,220,138,125,3,0,2,0
JD_11734140,2021-02-28,218,113,157,2,0,0,0
JD_11734139,2021-02-28,19,10,13,0,0,0,0
JD_11734138,2021-02-28,1,1,1,0,0,0,0
JD_11734137,2021-02-28,110,60,66,0,0,0,1
JD_11734136,2021-02-28,1350,987,880,1,2,1,3
JD_11734135,2021-02-28,386,237,266,2,0,1,1
JD_11734134,2021-02-28,39,10,39,0,0,0,0
JD_11734133,2021-02-28,586,308,406,8,0,0,2
JD_11734132,2021-02-28,311,139,303,0,0,0,0
JD_11734131,2021-02-28,496,293,342,3,0,1,0
JD_11734130,2021-02-28,7677,5858,4315,4,5,8,15
JD_11734128,2021-02-28,103,2,103,0,0,0,0
JD_11734127,2021-02-28,7,4,4,0,0,0,0
JD_11734126,2021-02-28,732,504,363,1,2,0,2
JD_11734125,2021-02-28,92,1,87,4,1,0,0
JD_11734124,2021-02-28,12,5,10,0,0,0,1
JD_11734123,2021-02-28,1923,1186,1872,9,4,2,5
JD_11734122,2021-02-28,30,0,27,1,2,0,0
JD_11734121,2021-02-28,98,35,67,1,0,1,0
JD_11734119,2021-02-28,0,0,0,0,0,0,0
JD_11734118,2021-02-28,190,4,181,5,3,0,0
JD_11734117,2021-02-28,17,12,9,0,0,0,0
JD_11734116,2021-02-28,152,0,138,11,3,0,1
JD_11734115,2021-02-28,52,8,48,2,2,0,0
JD_11734114,2021-02-28,3781,2965,2063,5,3,4,6
JD_11734113,2021-02-28,3,1,2,0,0,0,0
JD_11734112,2021-02-28,131,57,81,0,0,0,0
JD_11734111,2021-02-28,77,2,74,0,3,0,1
JD_11734110,2021-02-28,88,0,84,3,1,0,0
JD_11734109,2021-02-28,12,2,12,0,0,0,0
JD_11734108,2021-02-28,21,5,19,2,0,0,0
JD_11734107,2021-02-28,18,2,18,0,0,0,0
JD_11734106,2021-02-28,9,0,9,0,0,0,0
JD_11734103,2021-02-28,12,4,11,1,0,0,0
JD_11734102,2021-02-28,207,0,203,3,1,0,0
JD_11734101,2021-02-28,37,7,35,0,2,0,1
JD_11734100,2021-02-28,47,0,47,0,0,0,0
JD_11734099,2021-02-28,4,0,3,0,1,0,0
JD_11734098,2021-02-28,45,0,42,2,1,0,0
JD_11734097,2021-02-28,28,0,27,1,0,0,0
JD_11734096,2021-02-28,49,0,48,1,0,0,0
JD_11734095,2021-02-28,223,0,213,8,2,0,0
JD_11734094,2021-02-28,130,10,125,1,4,1,0
JD_11734093,2021-02-28,87,0,87,0,0,0,0
JD_11734092,2021-02-28,69,0,68,1,0,0,0
JD_11734091,2021-02-28,32,0,31,1,0,0,0
JD_11734089,2021-02-28,166,0,155,9,2,0,0
JD_11734088,2021-02-28,38,0,37,0,1,0,0
JD_11734087,2021-02-28,134,0,127,5,2,0,0
