JD_11392359,2021-02-28,290,132,285,4,0,0,0
JD_11392358,2021-02-28,167,56,166,1,0,0,0
JD_11392354,2021-02-28,25,3,25,0,0,0,0
JD_11392351,2021-02-28,2,1,1,0,0,0,0
JD_11392350,2021-02-28,9,3,5,2,0,0,0
JD_11392349,2021-02-28,74,13,56,8,2,0,0
JD_11392345,2021-02-28,0,0,0,0,0,0,0
JD_11392343,2021-02-28,33,28,16,0,0,0,0
JD_11392342,2021-02-28,37,3,35,0,1,0,0
JD_11392341,2021-02-28,1,0,1,0,0,0,0
JD_11392340,2021-02-28,30,3,30,0,0,0,0
JD_11392339,2021-02-28,84,68,27,0,0,0,0
JD_11392338,2021-02-28,18,0,17,0,1,0,0
JD_11392337,2021-02-28,6,1,6,0,0,0,0
JD_11392336,2021-02-28,29,0,28,0,1,0,0
JD_11392335,2021-02-28,3,0,3,0,0,0,0
JD_11392334,2021-02-28,150,98,102,0,0,0,1
JD_11392333,2021-02-28,3924,2279,2807,17,9,4,14
JD_11392332,2021-02-28,22,0,21,1,0,0,0
JD_11392331,2021-02-28,803,81,794,7,2,0,0
JD_11392328,2021-02-28,6451,3424,4535,34,22,10,27
JD_11392327,2021-02-28,2398,1305,1722,19,7,0,8
JD_11392326,2021-02-28,1997,50,1910,38,10,0,0
JD_11392325,2021-02-28,74,36,56,1,0,0,0
JD_11392324,2021-02-28,45,4,43,0,1,0,0
JD_11392323,2021-02-28,33,23,31,0,0,0,0
JD_11392322,2021-02-28,715,475,424,6,0,0,1
JD_11392321,2021-02-28,155,102,70,0,2,0,0
JD_11392320,2021-02-28,9,4,6,0,0,0,0
JD_11392319,2021-02-28,105,29,92,3,2,0,0
JD_11392316,2021-02-28,7,3,5,0,0,0,0
JD_11392315,2021-02-28,17,10,12,0,0,0,0
JD_11392314,2021-02-28,65,15,57,3,1,0,0
JD_11392310,2021-02-28,30,20,19,1,1,0,0
JD_11392309,2021-02-28,18,14,15,1,0,0,0
JD_11392308,2021-02-28,5,2,4,0,0,0,0
JD_11392307,2021-02-28,88,52,64,0,0,1,0
JD_11392304,2021-02-28,25,21,9,0,0,0,0
JD_11392301,2021-02-28,12,5,11,0,0,0,0
JD_11392300,2021-02-28,4,1,3,0,0,0,0
JD_11392299,2021-02-28,26,2,23,1,0,0,0
JD_11392298,2021-02-28,14,8,14,0,0,0,0
JD_11392297,2021-02-28,13,6,11,0,0,0,0
JD_11392294,2021-02-28,0,0,0,0,0,0,0
JD_11392293,2021-02-28,0,0,0,0,0,0,0
JD_11392292,2021-02-28,0,0,0,0,0,0,0
JD_11392290,2021-02-28,26,9,25,1,0,0,1
JD_11392288,2021-02-28,38,14,37,0,1,0,0
JD_11392287,2021-02-28,123,95,107,1,1,0,1
JD_11392286,2021-02-28,13,6,11,1,0,0,0
JD_11392285,2021-02-28,14,4,14,0,0,0,0
JD_11392283,2021-02-28,17,6,13,1,0,0,0
JD_11392280,2021-02-28,21,9,16,0,0,0,0
JD_11392278,2021-02-28,4,3,2,0,0,0,0
JD_11392277,2021-02-28,175,126,170,0,0,0,0
JD_11392275,2021-02-28,5,4,1,0,0,0,0
JD_11392274,2021-02-28,19,8,18,0,0,0,0
JD_11392273,2021-02-28,32,22,14,0,0,0,0
JD_11392272,2021-02-28,22,12,10,0,0,0,0
JD_11392271,2021-02-28,6,3,4,0,0,0,0
JD_11392270,2021-02-28,33,0,31,2,0,0,0
JD_11392269,2021-02-28,8,7,6,0,0,0,0
JD_11392268,2021-02-28,4,3,1,0,0,0,0
JD_11392267,2021-02-28,93,67,46,0,0,0,1
JD_11392265,2021-02-28,13,4,10,1,0,0,0
JD_11392264,2021-02-28,13,1,13,0,0,0,0
JD_11392263,2021-02-28,13,0,12,0,1,0,0
JD_11392262,2021-02-28,852,116,819,10,13,0,1
JD_11392261,2021-02-28,48,12,46,2,0,0,0
JD_11392260,2021-02-28,18,6,18,0,0,0,0
