JD_11352960,2021-02-28,1653,0,1589,54,10,0,0
JD_11352959,2021-02-28,180,0,170,8,2,0,0
JD_11352958,2021-02-28,1954,53,1865,53,29,0,2
JD_11352957,2021-02-28,0,0,0,0,0,0,0
JD_11352955,2021-02-28,1150,643,1129,6,3,2,0
JD_11352954,2021-02-28,95,60,42,2,0,0,1
JD_11352953,2021-02-28,258,160,182,2,0,0,2
JD_11352952,2021-02-28,1689,1111,1572,5,3,1,4
JD_11352951,2021-02-28,689,465,416,0,2,1,1
JD_11352950,2021-02-28,747,479,433,4,2,1,2
JD_11352949,2021-02-28,261,140,179,0,1,0,0
JD_11352948,2021-02-28,507,331,308,2,0,0,1
JD_11352947,2021-02-28,455,303,257,2,1,0,0
JD_11352946,2021-02-28,847,509,665,2,2,2,2
JD_11352945,2021-02-28,1160,826,647,4,1,2,6
JD_11352944,2021-02-28,967,627,650,2,1,0,2
JD_11352943,2021-02-28,1287,880,724,5,2,4,3
JD_11352942,2021-02-28,328,169,311,0,0,1,0
JD_11352941,2021-02-28,979,667,574,1,1,1,5
JD_11352940,2021-02-28,757,420,750,3,3,0,5
JD_11352939,2021-02-28,2195,1509,1394,1,5,0,7
JD_11352938,2021-02-28,697,474,415,3,4,1,3
JD_11352937,2021-02-28,262,150,170,0,2,0,1
JD_11352936,2021-02-28,693,470,422,0,1,1,4
JD_11352935,2021-02-28,1130,772,736,7,3,0,4
JD_11352934,2021-02-28,991,706,549,3,0,0,2
JD_11352933,2021-02-28,24,15,13,0,0,0,0
JD_11352932,2021-02-28,30,9,25,0,0,0,0
JD_11352931,2021-02-28,68,0,63,5,0,0,0
JD_11352930,2021-02-28,119,0,118,1,0,0,0
JD_11352929,2021-02-28,1210,823,725,3,3,1,2
JD_11352928,2021-02-28,1,0,1,0,0,0,0
JD_11352926,2021-02-28,147,0,140,5,2,0,0
JD_11352918,2021-02-28,86,0,81,4,1,0,0
JD_11352906,2021-02-28,2002,1477,639,10,5,1,2
JD_11352905,2021-02-28,83,41,48,1,0,1,0
JD_11352904,2021-02-28,63,35,36,0,1,0,0
JD_11352903,2021-02-28,754,531,510,3,0,1,2
JD_11352902,2021-02-28,195,101,136,1,0,0,1
JD_11352901,2021-02-28,152,76,99,2,0,0,1
JD_11352900,2021-02-28,97,30,77,0,0,1,0
JD_11352898,2021-02-28,86,29,59,2,1,0,1
JD_11352897,2021-02-28,461,290,219,3,0,1,1
JD_11352896,2021-02-28,99,45,68,2,0,0,0
JD_11352894,2021-02-28,12,2,12,0,0,0,0
JD_11352893,2021-02-28,21,5,20,0,1,0,0
JD_11352892,2021-02-28,45,19,37,1,0,0,0
JD_11352891,2021-02-28,33,11,27,2,0,0,0
JD_11352890,2021-02-28,5,1,5,0,0,0,0
JD_11352889,2021-02-28,8,4,8,0,0,0,0
JD_11352888,2021-02-28,169,27,137,5,1,0,0
JD_11352887,2021-02-28,21,6,19,1,0,0,0
JD_11352886,2021-02-28,66,39,38,1,0,0,0
JD_11352885,2021-02-28,6,1,6,0,0,0,0
JD_11352883,2021-02-28,16,4,12,0,0,0,0
JD_11352882,2021-02-28,13,4,13,0,0,0,0
JD_11352881,2021-02-28,14,4,12,0,0,0,0
JD_11352880,2021-02-28,0,0,0,0,0,0,0
JD_11352879,2021-02-28,5,1,5,0,0,0,0
JD_11352878,2021-02-28,79,11,76,2,1,0,0
JD_11352877,2021-02-28,114,0,112,0,2,0,0
JD_11352876,2021-02-28,10,5,6,0,0,0,0
JD_11352872,2021-02-28,46,0,41,3,2,0,0
JD_11352870,2021-02-28,173,0,167,6,0,0,0
JD_11352869,2021-02-28,0,0,0,0,0,0,0
JD_11352866,2021-02-28,83,63,38,0,0,0,0
JD_11352865,2021-02-28,78,55,41,1,0,0,0
JD_11352864,2021-02-28,49,37,23,0,0,0,0
JD_11352863,2021-02-28,73,55,44,0,0,0,0
JD_11352862,2021-02-28,49,34,27,0,0,0,0
