JD_11300398,2021-02-28,22,2,21,0,0,0,0
JD_11300397,2021-02-28,34,0,34,0,0,0,0
JD_11300392,2021-02-28,0,0,0,0,0,0,0
JD_11300391,2021-02-28,2,1,2,0,0,0,0
JD_11300389,2021-02-28,3,3,0,0,0,0,0
JD_11300388,2021-02-28,0,0,0,0,0,0,0
JD_11300387,2021-02-28,1,0,1,0,0,0,0
JD_11300386,2021-02-28,14,11,12,0,0,0,0
JD_11300385,2021-02-28,0,0,0,0,0,0,0
JD_11300384,2021-02-28,19,12,9,0,0,0,0
JD_11300383,2021-02-28,31,7,31,0,0,0,0
JD_11300379,2021-02-28,24,0,21,3,0,0,0
JD_11300363,2021-02-28,38,11,25,2,3,0,0
JD_11300361,2021-02-28,13,1,12,0,1,0,0
JD_11300360,2021-02-28,39,8,27,3,2,0,0
JD_11300343,2021-02-28,29,13,29,0,0,0,0
JD_11300341,2021-02-28,22,19,10,0,0,0,0
JD_11300340,2021-02-28,8,1,8,0,0,0,0
JD_11300338,2021-02-28,17,10,11,0,0,0,0
JD_11300332,2021-02-28,8,0,7,0,1,0,0
JD_11300328,2021-02-28,32,23,15,0,0,0,0
JD_11300327,2021-02-28,0,0,0,0,0,0,0
JD_11300324,2021-02-28,55,10,48,5,1,0,0
JD_11300323,2021-02-28,0,0,0,0,0,0,0
JD_11300320,2021-02-28,69,3,67,1,1,0,0
JD_11300319,2021-02-28,33,1,32,0,1,0,0
JD_11300317,2021-02-28,10,0,9,1,0,0,0
JD_11300315,2021-02-28,210,1,200,7,3,0,0
JD_11300313,2021-02-28,3874,742,3816,39,18,0,5
JD_11300312,2021-02-28,1008,188,790,27,3,0,2
JD_11300311,2021-02-28,12,2,12,0,0,0,0
JD_11300310,2021-02-28,682,217,561,15,1,0,1
JD_11300309,2021-02-28,36,23,23,0,0,0,0
JD_11300308,2021-02-28,110,0,106,4,0,0,0
JD_11300306,2021-02-28,440,92,427,9,1,0,0
JD_11300305,2021-02-28,64,23,63,0,0,0,0
JD_11300304,2021-02-28,136,73,127,1,1,0,0
JD_11300303,2021-02-28,6,1,6,0,0,0,0
JD_11300302,2021-02-28,133,45,102,0,0,0,0
JD_11300301,2021-02-28,131,56,103,1,3,0,0
JD_11300300,2021-02-28,591,5,579,7,5,0,1
JD_11300299,2021-02-28,415,192,371,4,1,1,3
JD_11300298,2021-02-28,37,14,34,0,0,0,0
JD_11300291,2021-02-28,1,1,1,0,0,0,0
JD_11300290,2021-02-28,2,1,2,0,0,0,0
JD_11300288,2021-02-28,6,0,6,0,0,0,0
JD_11300277,2021-02-28,33,23,21,0,0,0,0
JD_11300273,2021-02-28,38,1,37,0,0,0,0
JD_11300272,2021-02-28,137,0,136,0,1,0,0
JD_11300271,2021-02-28,139,26,124,1,0,0,0
JD_11300270,2021-02-28,8,0,8,0,0,0,0
JD_11300269,2021-02-28,16,2,15,0,1,0,0
JD_11300259,2021-02-28,310,145,292,9,1,1,1
JD_11300258,2021-02-28,8,5,5,0,0,0,0
JD_11300256,2021-02-28,1,1,0,0,0,0,0
JD_11300254,2021-02-28,7,5,2,0,0,0,0
JD_11300251,2021-02-28,0,0,0,0,0,0,0
JD_11300249,2021-02-28,22,17,12,1,0,0,0
JD_11300248,2021-02-28,0,0,0,0,0,0,0
JD_11300247,2021-02-28,7,3,6,0,0,0,0
JD_11300243,2021-02-28,1,0,1,0,0,0,0
JD_11300241,2021-02-28,2,2,0,0,0,0,0
JD_11300240,2021-02-28,1,1,0,0,0,0,0
JD_11300239,2021-02-28,19,11,13,0,0,0,0
JD_11300238,2021-02-28,10,5,6,0,0,0,0
JD_11300237,2021-02-28,14,9,9,0,0,0,0
JD_11300236,2021-02-28,4,3,3,0,0,0,0
JD_11300235,2021-02-28,8,5,4,0,0,0,0
JD_11300234,2021-02-28,22,19,12,0,0,0,0
JD_11300233,2021-02-28,14,5,11,0,0,0,0
